1201.000 0.237
1202.000 0.283
1203.000 0.334
1204.000 0.358
1205.000 0.473
1206.000 0.291
1207.000 0.407
1208.000 0.321
1209.000 0.286
1210.000 0.330
1211.000 0.450
1212.000 0.320
1213.000 0.289
1214.000 0.447
1215.000 0.400
1216.000 0.393
1217.000 0.240
1218.000 0.328
1219.000 0.400
1220.000 0.250
1221.000 0.305
1222.000 0.339
1223.000 0.513
1224.000 0.423
1225.000 0.206
1226.000 0.342
1227.000 0.519
1228.000 0.491
1229.000 0.620
1230.000 0.975
1231.000 0.483
1232.000 0.546
1233.000 0.599
1234.000 0.421
1235.000 0.336
1236.000 0.401
1237.000 0.625
1238.000 0.351
1239.000 0.523
1240.000 0.335
1241.000 0.358
1242.000 0.367
1243.000 0.408
1244.000 0.370
1245.000 0.539
1246.000 0.492
1247.000 0.308
1248.000 0.258
1249.000 0.331
1250.000 0.342
1251.000 0.392
1252.000 0.572
1253.000 0.577
1254.000 0.255
1255.000 0.540
1256.000 0.371
1257.000 0.259
1258.000 0.506
1259.000 0.444
1260.000 0.519
1261.000 0.468
1262.000 0.618
1263.000 0.785
1264.000 0.484
1265.000 0.520
1266.000 0.347
1267.000 0.332
1268.000 0.536
1269.000 0.361
1270.000 0.546
1271.000 0.266
1272.000 0.384
1273.000 0.409
1274.000 0.456
1275.000 0.317
1276.000 0.404
1277.000 0.287
1278.000 0.527
1279.000 0.491
1280.000 0.574
1281.000 0.323
1282.000 0.381
1283.000 0.631
1284.000 0.260
1285.000 0.343
1286.000 0.337
1287.000 0.501
1288.000 0.402
1289.000 0.454
1290.000 0.434
1291.000 0.424
1292.000 0.541
1293.000 0.460
1294.000 0.311
1295.000 0.437
1296.000 0.486
1297.000 0.452
1298.000 0.523
1299.000 0.499
1300.000 0.325
1301.000 0.541
1302.000 0.463
1303.000 0.400
1304.000 0.506
1305.000 0.475
1306.000 0.523
1307.000 0.438
1308.000 0.479
1309.000 0.260
1310.000 0.480
1311.000 0.467
1312.000 0.462
1313.000 0.475
1314.000 0.584
1315.000 0.445
1316.000 0.457
1317.000 0.529
1318.000 0.543
1319.000 0.337
1320.000 0.502
1321.000 0.658
1322.000 0.627
1323.000 0.423
1324.000 0.602
1325.000 0.343
1326.000 0.541
1327.000 0.756
1328.000 0.726
1329.000 0.442
1330.000 0.512
1331.000 0.628
1332.000 0.508
1333.000 0.598
1334.000 0.616
1335.000 0.617
1336.000 0.743
1337.000 0.488
1338.000 0.646
1339.000 0.716
1340.000 0.615
1341.000 0.479
1342.000 0.615
1343.000 0.552
1344.000 0.353
1345.000 0.539
1346.000 0.714
1347.000 0.447
1348.000 0.576
1349.000 0.302
1350.000 0.550
1351.000 0.534
1352.000 0.502
1353.000 0.620
1354.000 0.528
1355.000 0.548
1356.000 0.452
1357.000 0.600
1358.000 0.536
1359.000 0.554
1360.000 0.592
1361.000 0.597
1362.000 0.523
1363.000 0.522
1364.000 0.395
1365.000 0.485
1366.000 0.760
1367.000 0.541
1368.000 0.668
1369.000 0.575
1370.000 0.493
1371.000 0.522
1372.000 0.578
1373.000 0.705
1374.000 0.571
1375.000 0.503
1376.000 0.741
1377.000 0.662
1378.000 0.446
1379.000 0.659
1380.000 0.731
1381.000 0.504
1382.000 0.354
1383.000 0.668
1384.000 0.606
1385.000 0.508
1386.000 0.648
1387.000 0.521
1388.000 0.631
1389.000 0.579
1390.000 0.541
1391.000 0.641
1392.000 0.596
1393.000 0.710
1394.000 0.530
1395.000 0.546
1396.000 0.698
1397.000 0.526
1398.000 0.611
1399.000 0.692
1400.000 0.612
1401.000 0.627
1402.000 0.726
1403.000 0.685
1404.000 0.578
1405.000 0.723
1406.000 0.534
1407.000 0.450
1408.000 0.462
1409.000 0.644
1410.000 0.719
1411.000 0.628
1412.000 0.460
1413.000 0.551
1414.000 0.524
1415.000 0.462
1416.000 0.517
1417.000 0.667
1418.000 0.428
1419.000 0.794
1420.000 0.884
1421.000 0.628
1422.000 0.477
1423.000 0.796
1424.000 0.644
1425.000 0.805
1426.000 0.629
1427.000 0.555
1428.000 0.643
1429.000 0.561
1430.000 0.829
1431.000 0.688
1432.000 0.719
1433.000 0.784
1434.000 0.736
1435.000 0.723
1436.000 0.856
1437.000 0.481
1438.000 0.615
1439.000 0.814
1440.000 0.612
1441.000 0.819
1442.000 0.802
1443.000 0.740
1444.000 0.820
1445.000 0.836
1446.000 0.694
1447.000 0.723
1448.000 0.908
1449.000 0.813
1450.000 0.647
1451.000 0.752
1452.000 0.904
1453.000 0.666
1454.000 0.641
1455.000 0.771
1456.000 0.851
1457.000 0.686
1458.000 0.984
1459.000 0.709
1460.000 0.712
1461.000 0.809
1462.000 0.847
1463.000 0.742
1464.000 0.678
1465.000 0.863
1466.000 1.143
1467.000 0.951
1468.000 0.840
1469.000 0.477
1470.000 1.281
1471.000 1.003
1472.000 0.794
1473.000 0.892
1474.000 0.706
1475.000 0.616
1476.000 1.089
1477.000 0.932
1478.000 0.898
1479.000 0.657
1480.000 0.871
1481.000 1.106
1482.000 0.945
1483.000 0.835
1484.000 0.841
1485.000 0.846
1486.000 0.916
1487.000 0.850
1488.000 0.637
1489.000 0.974
1490.000 0.939
1491.000 1.001
1492.000 0.825
1493.000 0.857
1494.000 0.960
1495.000 1.015
1496.000 1.147
1497.000 0.894
1498.000 0.958
1499.000 1.196
1500.000 0.863
1501.000 0.935
1502.000 0.899
1503.000 1.102
1504.000 0.919
1505.000 1.028
1506.000 1.096
1507.000 1.006
1508.000 1.062
1509.000 0.870
1510.000 0.964
1511.000 1.117
1512.000 1.034
1513.000 1.015
1514.000 0.997
1515.000 0.947
1516.000 0.862
1517.000 0.903
1518.000 0.979
1519.000 0.835
1520.000 0.885
1521.000 1.061
1522.000 1.157
1523.000 1.429
1524.000 1.052
1525.000 0.957
1526.000 1.194
1527.000 0.912
1528.000 1.108
1529.000 1.090
1530.000 1.166
1531.000 0.971
1532.000 0.969
1533.000 1.255
1534.000 0.975
1535.000 1.210
1536.000 1.282
1537.000 1.103
1538.000 1.276
1539.000 1.204
1540.000 1.015
1541.000 1.208
1542.000 0.973
1543.000 1.259
1544.000 1.264
1545.000 1.099
1546.000 1.281
1547.000 1.212
1548.000 1.272
1549.000 1.245
1550.000 1.152
1551.000 1.226
1552.000 1.241
1553.000 1.169
1554.000 1.284
1555.000 1.390
1556.000 1.439
1557.000 1.307
1558.000 1.197
1559.000 1.136
1560.000 1.233
1561.000 1.115
1562.000 1.196
1563.000 1.196
1564.000 1.115
1565.000 1.147
1566.000 1.155
1567.000 1.260
1568.000 1.343
1569.000 1.228
1570.000 1.298
1571.000 1.199
1572.000 1.398
1573.000 1.128
1574.000 1.338
1575.000 1.227
1576.000 1.221
1577.000 1.196
1578.000 1.602
1579.000 1.368
1580.000 1.320
1581.000 1.246
1582.000 1.426
1583.000 1.413
1584.000 1.292
1585.000 1.499
1586.000 1.324
1587.000 1.304
1588.000 1.245
1589.000 1.432
1590.000 1.501
1591.000 1.120
1592.000 1.461
1593.000 1.378
1594.000 1.692
1595.000 1.439
1596.000 1.319
1597.000 1.295
1598.000 1.392
1599.000 1.477
1600.000 1.439
1601.000 1.269
1602.000 1.462
1603.000 1.487
1604.000 1.373
1605.000 1.701
1606.000 1.602
1607.000 1.650
1608.000 1.497
1609.000 1.448
1610.000 1.535
1611.000 1.478
1612.000 1.538
1613.000 1.758
1614.000 1.581
1615.000 1.599
1616.000 1.715
1617.000 1.627
1618.000 1.567
1619.000 1.607
1620.000 1.747
1621.000 1.654
1622.000 1.538
1623.000 1.732
1624.000 1.786
1625.000 1.735
1626.000 1.444
1627.000 1.688
1628.000 1.659
1629.000 1.893
1630.000 1.913
1631.000 1.920
1632.000 1.702
1633.000 1.761
1634.000 1.740
1635.000 1.760
1636.000 1.510
1637.000 2.129
1638.000 1.722
1639.000 1.716
1640.000 1.886
1641.000 1.790
1642.000 1.717
1643.000 1.751
1644.000 1.886
1645.000 2.042
1646.000 1.812
1647.000 2.027
1648.000 1.999
1649.000 2.023
1650.000 1.751
1651.000 1.870
1652.000 2.144
1653.000 2.008
1654.000 2.032
1655.000 1.927
1656.000 1.813
1657.000 1.967
1658.000 1.933
1659.000 1.901
1660.000 2.096
1661.000 1.910
1662.000 1.903
1663.000 2.079
1664.000 1.937
1665.000 2.077
1666.000 2.083
1667.000 2.076
1668.000 2.063
1669.000 2.108
1670.000 1.990
1671.000 1.856
1672.000 2.083
1673.000 2.138
1674.000 2.124
1675.000 2.239
1676.000 2.116
1677.000 2.150
1678.000 2.149
1679.000 2.132
1680.000 2.253
1681.000 2.049
1682.000 2.218
1683.000 2.513
1684.000 2.089
1685.000 2.438
1686.000 2.188
1687.000 2.008
1688.000 2.480
1689.000 2.258
1690.000 2.137
1691.000 2.261
1692.000 2.304
1693.000 2.392
1694.000 2.351
1695.000 2.345
1696.000 2.596
1697.000 2.941
1698.000 2.343
1699.000 2.276
1700.000 2.512
1701.000 2.388
1702.000 2.564
1703.000 2.504
1704.000 2.576
1705.000 2.718
1706.000 2.460
1707.000 2.651
1708.000 2.832
1709.000 3.050
1710.000 2.867
1711.000 2.763
1712.000 3.064
1713.000 2.443
1714.000 2.641
1715.000 2.462
1716.000 3.275
1717.000 2.991
1718.000 3.072
1719.000 2.972
1720.000 2.716
1721.000 3.013
1722.000 2.751
1723.000 2.722
1724.000 2.499
1725.000 2.920
1726.000 2.769
1727.000 2.738
1728.000 2.564
1729.000 3.003
1730.000 2.750
1731.000 3.027
1732.000 2.673
1733.000 2.853
1734.000 2.593
1735.000 2.879
1736.000 2.746
1737.000 2.661
1738.000 2.799
1739.000 3.145
1740.000 3.101
1741.000 3.150
1742.000 3.053
1743.000 3.058
1744.000 3.166
1745.000 2.934
1746.000 3.226
1747.000 3.130
1748.000 3.380
1749.000 3.226
1750.000 3.335
1751.000 3.237
1752.000 3.384
1753.000 3.329
1754.000 3.441
1755.000 3.445
1756.000 3.324
1757.000 3.569
1758.000 3.373
1759.000 3.276
1760.000 3.136
1761.000 3.731
1762.000 3.321
1763.000 3.465
1764.000 3.486
1765.000 3.318
1766.000 2.929
1767.000 3.411
1768.000 3.770
1769.000 3.533
1770.000 3.553
1771.000 3.392
1772.000 3.616
1773.000 3.564
1774.000 3.713
1775.000 3.684
1776.000 3.955
1777.000 3.962
1778.000 3.842
1779.000 3.747
1780.000 3.628
1781.000 3.948
1782.000 3.795
1783.000 3.832
1784.000 3.810
1785.000 3.850
1786.000 4.042
1787.000 4.031
1788.000 4.035
1789.000 4.121
1790.000 3.894
1791.000 3.854
1792.000 4.505
1793.000 4.147
1794.000 4.043
1795.000 14.227
1796.000 3.782
1797.000 4.198
1798.000 3.975
1799.000 4.104
1800.000 4.380
1801.000 5.252
1802.000 4.100
1803.000 4.315
1804.000 4.345
1805.000 4.822
1806.000 3.857
1807.000 4.694
1808.000 4.106
1809.000 4.215
1810.000 4.638
1811.000 4.679
1812.000 4.642
1813.000 5.314
1814.000 4.286
1815.000 4.788
1816.000 3.832
1817.000 4.618
1818.000 4.496
1819.000 4.997
1820.000 4.828
1821.000 4.714
1822.000 4.857
1823.000 5.012
1824.000 4.700
1825.000 4.566
1826.000 4.829
1827.000 4.596
1828.000 4.744
1829.000 4.912
1830.000 4.835
1831.000 4.745
1832.000 4.600
1833.000 4.958
1834.000 4.901
1835.000 4.819
1836.000 4.896
1837.000 4.881
1838.000 4.905
1839.000 4.836
1840.000 4.925
1841.000 4.959
1842.000 4.754
1843.000 4.900
1844.000 4.928
1845.000 4.962
1846.000 5.315
1847.000 5.120
1848.000 4.885
1849.000 5.220
1850.000 5.194
1851.000 4.924
1852.000 5.216
1853.000 5.282
1854.000 5.184
1855.000 5.349
1856.000 5.364
1857.000 5.270
1858.000 5.336
1859.000 5.533
1860.000 5.054
1861.000 5.244
1862.000 5.349
1863.000 4.888
1864.000 5.330
1865.000 5.180
1866.000 5.875
1867.000 5.242
1868.000 5.170
1869.000 6.949
1870.000 5.093
1871.000 5.457
1872.000 6.274
1873.000 5.557
1874.000 5.546
1875.000 5.328
1876.000 7.450
1877.000 5.459
1878.000 5.388
1879.000 5.430
1880.000 5.244
1881.000 5.418
1882.000 5.606
1883.000 5.609
1884.000 7.252
1885.000 5.357
1886.000 5.472
1887.000 5.551
1888.000 5.658
1889.000 5.640
1890.000 5.882
1891.000 5.476
1892.000 5.697
1893.000 6.399
1894.000 6.943
1895.000 4.770
1896.000 6.537
1897.000 5.454
1898.000 5.412
1899.000 4.920
1900.000 5.766
1901.000 5.632
1902.000 5.826
1903.000 6.105
1904.000 5.760
1905.000 5.924
1906.000 5.732
1907.000 5.847
1908.000 5.677
1909.000 5.503
1910.000 5.842
1911.000 5.927
1912.000 5.791
1913.000 5.850
1914.000 5.900
1915.000 5.789
1916.000 6.157
1917.000 5.949
1918.000 5.953
1919.000 5.592
1920.000 6.532
1921.000 6.043
1922.000 5.787
1923.000 6.071
1924.000 6.078
1925.000 5.677
1926.000 5.693
1927.000 5.801
1928.000 6.269
1929.000 6.295
1930.000 6.074
1931.000 5.447
1932.000 7.121
1933.000 6.539
1934.000 5.880
1935.000 6.193
1936.000 6.125
1937.000 6.148
1938.000 5.841
1939.000 6.176
1940.000 6.594
1941.000 6.040
1942.000 5.497
1943.000 5.465
1944.000 6.047
1945.000 5.835
1946.000 5.786
1947.000 6.079
1948.000 6.165
1949.000 5.894
1950.000 6.080
1951.000 5.703
1952.000 6.001
1953.000 5.937
1954.000 5.962
1955.000 6.136
1956.000 6.438
1957.000 5.950
1958.000 5.634
1959.000 6.075
1960.000 6.240
1961.000 6.202
1962.000 6.005
1963.000 6.092
1964.000 6.019
1965.000 5.944
1966.000 5.763
1967.000 5.840
1968.000 6.304
1969.000 6.225
1970.000 6.198
1971.000 6.367
1972.000 6.139
1973.000 5.949
1974.000 6.019
1975.000 5.989
1976.000 6.049
1977.000 5.953
1978.000 6.168
1979.000 6.169
1980.000 6.157
1981.000 6.050
1982.000 5.647
1983.000 6.047
1984.000 5.949
1985.000 5.960
1986.000 5.990
1987.000 6.056
1988.000 5.994
1989.000 6.231
1990.000 6.047
1991.000 6.194
1992.000 6.145
1993.000 6.053
1994.000 5.809
1995.000 6.181
1996.000 6.194
1997.000 6.073
1998.000 6.162
1999.000 5.564
2000.000 6.098
2001.000 6.011
2002.000 5.888
2003.000 6.021
2004.000 6.223
2005.000 6.015
2006.000 6.108
2007.000 6.133
2008.000 6.295
2009.000 6.086
2010.000 6.180
2011.000 6.268
2012.000 6.161
2013.000 5.954
2014.000 6.069
2015.000 6.146
2016.000 6.502
2017.000 5.998
2018.000 6.016
2019.000 6.001
2020.000 6.257
2021.000 6.138
2022.000 6.284
2023.000 6.018
2024.000 6.178
2025.000 5.992
2026.000 6.359
2027.000 6.237
2028.000 6.330
2029.000 6.410
2030.000 6.316
2031.000 5.715
2032.000 6.221
2033.000 6.541
2034.000 6.142
2035.000 6.389
2036.000 6.180
2037.000 5.980
2038.000 6.080
2039.000 6.115
2040.000 6.593
2041.000 6.300
2042.000 6.275
2043.000 6.121
2044.000 6.229
2045.000 6.272
2046.000 6.264
2047.000 6.458
2048.000 6.515
2049.000 6.361
2050.000 6.522
2051.000 6.481
2052.000 6.318
2053.000 6.241
2054.000 6.202
2055.000 6.453
2056.000 6.331
2057.000 6.324
2058.000 6.432
2059.000 6.205
2060.000 6.464
2061.000 6.359
2062.000 6.368
2063.000 6.464
2064.000 6.416
2065.000 6.657
2066.000 6.340
2067.000 6.607
2068.000 6.575
2069.000 6.822
2070.000 6.672
2071.000 7.063
2072.000 6.298
2073.000 6.588
2074.000 6.561
2075.000 6.456
2076.000 6.570
2077.000 6.515
2078.000 6.284
2079.000 6.613
2080.000 6.675
2081.000 6.731
2082.000 6.335
2083.000 6.548
2084.000 6.678
2085.000 6.664
2086.000 6.682
2087.000 6.505
2088.000 6.741
2089.000 6.814
2090.000 6.705
2091.000 6.543
2092.000 6.866
2093.000 6.923
2094.000 6.810
2095.000 6.781
2096.000 6.418
2097.000 6.670
2098.000 7.274
2099.000 7.192
2100.000 6.652
2101.000 6.869
2102.000 7.062
2103.000 6.886
2104.000 6.803
2105.000 7.059
2106.000 7.032
2107.000 6.893
2108.000 7.398
2109.000 7.114
2110.000 7.569
2111.000 6.857
2112.000 7.033
2113.000 6.807
2114.000 7.159
2115.000 7.101
2116.000 7.157
2117.000 7.037
2118.000 6.777
2119.000 7.078
2120.000 7.300
2121.000 7.358
2122.000 7.105
2123.000 7.336
2124.000 7.283
2125.000 7.127
2126.000 7.036
2127.000 7.623
2128.000 7.506
2129.000 7.490
2130.000 7.104
2131.000 7.270
2132.000 7.415
2133.000 7.670
2134.000 7.699
2135.000 8.425
2136.000 9.734
2137.000 8.366
2138.000 7.742
2139.000 7.770
2140.000 8.147
2141.000 7.656
2142.000 7.907
2143.000 7.812
2144.000 7.767
2145.000 7.802
2146.000 7.774
2147.000 8.210
2148.000 7.973
2149.000 8.221
2150.000 8.199
2151.000 8.226
2152.000 8.105
2153.000 7.954
2154.000 7.992
2155.000 8.067
2156.000 8.286
2157.000 8.312
2158.000 8.091
2159.000 8.468
2160.000 8.493
2161.000 8.506
2162.000 9.367
2163.000 8.315
2164.000 8.481
2165.000 8.628
2166.000 8.529
2167.000 9.965
2168.000 9.404
2169.000 10.074
2170.000 8.723
2171.000 8.787
2172.000 8.843
2173.000 9.276
2174.000 9.012
2175.000 9.481
2176.000 10.811
2177.000 11.400
2178.000 9.607
2179.000 11.844
2180.000 9.712
2181.000 8.888
2182.000 9.294
2183.000 9.916
2184.000 9.263
2185.000 10.005
2186.000 10.364
2187.000 10.035
2188.000 9.766
2189.000 10.017
2190.000 10.729
2191.000 9.995
2192.000 12.194
2193.000 11.745
2194.000 11.416
2195.000 10.839
2196.000 10.134
2197.000 10.660
2198.000 10.381
2199.000 11.974
2200.000 10.956
2201.000 10.810
2202.000 10.642
2203.000 10.944
2204.000 10.983
2205.000 10.877
2206.000 11.255
2207.000 11.061
2208.000 10.986
2209.000 11.308
2210.000 12.064
2211.000 11.932
2212.000 11.676
2213.000 11.764
2214.000 11.578
2215.000 12.663
2216.000 11.986
2217.000 12.139
2218.000 12.807
2219.000 12.679
2220.000 13.605
2221.000 13.498
2222.000 13.523
2223.000 13.870
2224.000 13.456
2225.000 12.794
2226.000 13.201
2227.000 13.186
2228.000 13.763
2229.000 13.495
2230.000 13.903
2231.000 14.545
2232.000 14.446
2233.000 14.230
2234.000 13.994
2235.000 14.673
2236.000 14.763
2237.000 14.562
2238.000 16.035
2239.000 15.185
2240.000 17.239
2241.000 16.150
2242.000 15.885
2243.000 15.425
2244.000 18.564
2245.000 19.534
2246.000 17.070
2247.000 15.493
2248.000 16.088
2249.000 23.804
2250.000 16.751
2251.000 20.295
2252.000 16.960
2253.000 19.618
2254.000 20.400
2255.000 20.397
2256.000 20.677
2257.000 19.354
2258.000 22.690
2259.000 23.597
2260.000 22.154
2261.000 23.364
2262.000 23.135
2263.000 24.207
2264.000 23.264
2265.000 24.869
2266.000 25.324
2267.000 26.170
2268.000 26.899
2269.000 28.923
2270.000 27.470
2271.000 27.614
2272.000 36.203
2273.000 31.280
2274.000 33.641
2275.000 33.270
2276.000 33.960
2277.000 35.190
2278.000 36.351
2279.000 40.048
2280.000 38.197
2281.000 39.646
2282.000 50.383
2283.000 47.241
2284.000 51.801
2285.000 50.599
2286.000 52.953
2287.000 63.113
2288.000 59.245
2289.000 59.037
2290.000 66.113
2291.000 75.834
2292.000 71.388
2293.000 83.308
2294.000 80.637
2295.000 85.191
2296.000 85.406
2297.000 83.612
2298.000 82.193
2299.000 81.814
2300.000 92.917
2301.000 99.568
2302.000 103.925
2303.000 106.615
2304.000 107.506
2305.000 105.082
2306.000 99.813
2307.000 96.447
2308.000 87.972
2309.000 82.665
2310.000 76.976
2311.000 75.147
2312.000 65.698
2313.000 62.024
2314.000 58.056
2315.000 54.271
2316.000 53.422
2317.000 49.490
2318.000 44.985
2319.000 45.412
2320.000 41.062
2321.000 39.071
2322.000 36.477
2323.000 37.230
2324.000 34.147
2325.000 32.253
2326.000 31.589
2327.000 30.393
2328.000 28.423
2329.000 29.055
2330.000 26.860
2331.000 22.137
2332.000 24.278
2333.000 25.186
2334.000 24.019
2335.000 23.071
2336.000 24.245
2337.000 22.507
2338.000 22.388
2339.000 21.300
2340.000 20.239
2341.000 19.653
2342.000 18.347
2343.000 18.095
2344.000 18.758
2345.000 17.315
2346.000 16.642
2347.000 15.722
2348.000 14.180
2349.000 16.981
2350.000 14.799
2351.000 16.102
2352.000 15.917
2353.000 15.553
2354.000 14.578
2355.000 13.786
2356.000 13.610
2357.000 13.063
2358.000 12.928
2359.000 13.151
2360.000 14.813
2361.000 12.017
2362.000 12.755
2363.000 11.771
2364.000 12.164
2365.000 11.825
2366.000 11.307
2367.000 11.857
2368.000 14.721
2369.000 9.934
2370.000 10.667
2371.000 10.140
2372.000 10.584
2373.000 10.760
2374.000 9.850
2375.000 9.924
2376.000 9.796
2377.000 9.205
2378.000 9.765
2379.000 9.392
2380.000 11.088
2381.000 7.997
2382.000 9.248
2383.000 9.488
2384.000 9.645
2385.000 9.077
2386.000 8.363
2387.000 8.339
2388.000 8.952
2389.000 8.227
2390.000 14.797
2391.000 6.022
2392.000 8.546
2393.000 7.739
2394.000 9.785
2395.000 7.246
2396.000 7.906
2397.000 8.070
2398.000 7.554
2399.000 6.965
2400.000 7.524
2401.000 7.039
2402.000 7.644
2403.000 8.056
2404.000 7.131
2405.000 7.180
2406.000 6.894
2407.000 7.422
2408.000 6.803
2409.000 6.558
2410.000 6.944
2411.000 6.367
2412.000 6.442
2413.000 6.495
2414.000 6.175
2415.000 6.161
2416.000 5.999
2417.000 5.114
2418.000 5.860
2419.000 6.992
2420.000 8.062
2421.000 9.651
2422.000 13.946
2423.000 19.136
2424.000 11.507
2425.000 6.161
2426.000 6.033
2427.000 17.556
2428.000 12.673
2429.000 8.981
2430.000 9.968
2431.000 7.736
2432.000 5.079
2433.000 5.314
2434.000 4.693
2435.000 4.337
2436.000 5.514
2437.000 5.328
2438.000 5.064
2439.000 4.832
2440.000 4.950
2441.000 4.913
2442.000 4.314
2443.000 4.719
2444.000 4.486
2445.000 4.330
2446.000 4.503
2447.000 4.591
2448.000 4.534
2449.000 4.217
2450.000 4.388
2451.000 4.257
2452.000 4.101
2453.000 3.986
2454.000 4.038
2455.000 4.067
2456.000 4.125
2457.000 4.108
2458.000 4.169
2459.000 3.918
2460.000 3.960
2461.000 3.954
2462.000 4.567
2463.000 4.239
2464.000 3.797
2465.000 4.896
2466.000 5.684
2467.000 4.042
2468.000 3.761
2469.000 4.020
2470.000 3.935
2471.000 3.876
2472.000 3.783
2473.000 3.468
2474.000 3.510
2475.000 3.633
2476.000 3.225
2477.000 3.163
2478.000 3.341
2479.000 3.400
2480.000 3.362
2481.000 3.307
2482.000 3.303
2483.000 3.263
2484.000 3.289
2485.000 3.320
2486.000 3.280
2487.000 3.130
2488.000 3.144
2489.000 3.071
2490.000 2.904
2491.000 3.002
2492.000 3.170
2493.000 2.993
2494.000 3.044
2495.000 3.338
2496.000 2.854
2497.000 2.862
2498.000 2.902
2499.000 2.636
2500.000 2.654
2501.000 2.968
2502.000 2.691
2503.000 2.744
2504.000 2.780
2505.000 2.762
2506.000 2.956
2507.000 2.838
2508.000 2.556
2509.000 2.681
2510.000 2.708
2511.000 2.623
2512.000 2.641
2513.000 2.830
2514.000 2.660
2515.000 2.801
2516.000 2.612
2517.000 2.627
2518.000 2.718
2519.000 2.561
2520.000 2.417
2521.000 2.457
2522.000 2.427
2523.000 2.496
2524.000 2.517
2525.000 2.505
2526.000 2.142
2527.000 2.459
2528.000 2.378
2529.000 2.223
2530.000 2.426
2531.000 2.377
2532.000 2.371
2533.000 2.391
2534.000 2.229
2535.000 2.114
2536.000 2.321
2537.000 2.150
2538.000 2.290
2539.000 2.413
2540.000 2.159
2541.000 2.263
2542.000 2.475
2543.000 2.158
2544.000 2.202
2545.000 2.184
2546.000 2.265
2547.000 2.308
2548.000 2.232
2549.000 2.200
2550.000 2.090
2551.000 2.300
2552.000 2.027
2553.000 2.333
2554.000 2.105
2555.000 2.011
2556.000 2.176
2557.000 2.042
2558.000 2.409
2559.000 2.105
2560.000 2.165
2561.000 2.040
2562.000 1.966
2563.000 1.973
2564.000 2.261
2565.000 2.111
2566.000 2.035
2567.000 2.166
2568.000 2.132
2569.000 2.067
2570.000 2.264
2571.000 2.031
2572.000 2.133
2573.000 2.014
2574.000 1.890
2575.000 2.019
2576.000 1.997
2577.000 2.070
2578.000 2.005
2579.000 1.848
2580.000 1.950
2581.000 2.032
2582.000 2.054
2583.000 1.992
2584.000 1.873
2585.000 1.863
2586.000 1.918
2587.000 2.085
2588.000 1.945
2589.000 1.948
2590.000 1.796
2591.000 2.036
2592.000 1.917
2593.000 1.963
2594.000 1.779
2595.000 1.839
2596.000 1.995
2597.000 1.745
2598.000 1.820
2599.000 1.879
2600.000 1.960
2601.000 1.806
2602.000 1.803
2603.000 1.828
2604.000 1.876
2605.000 1.963
2606.000 1.746
2607.000 1.797
2608.000 1.782
2609.000 1.752
2610.000 1.925
2611.000 1.847
2612.000 2.016
2613.000 1.828
2614.000 1.865
2615.000 1.871
2616.000 1.954
2617.000 1.828
2618.000 1.670
2619.000 1.854
2620.000 1.738
2621.000 1.761
2622.000 1.933
2623.000 1.747
2624.000 1.740
2625.000 1.957
2626.000 1.561
2627.000 1.856
2628.000 1.856
2629.000 1.869
2630.000 1.854
2631.000 1.751
2632.000 1.855
2633.000 1.968
2634.000 1.796
2635.000 1.961
2636.000 1.938
2637.000 1.594
2638.000 1.815
2639.000 1.878
2640.000 2.152
2641.000 2.696
2642.000 1.982
2643.000 1.632
2644.000 2.109
2645.000 1.940
2646.000 1.719
2647.000 1.999
2648.000 1.843
2649.000 1.922
2650.000 1.827
2651.000 1.728
2652.000 1.854
2653.000 1.539
2654.000 1.852
2655.000 1.767
2656.000 1.920
2657.000 1.932
2658.000 1.889
2659.000 1.808
2660.000 1.854
2661.000 1.916
2662.000 2.027
2663.000 1.846
2664.000 1.819
2665.000 1.884
2666.000 2.041
2667.000 2.058
2668.000 1.985
2669.000 1.982
2670.000 1.916
2671.000 1.956
2672.000 2.009
2673.000 2.097
2674.000 1.881
2675.000 1.818
2676.000 2.429
2677.000 2.500
2678.000 1.701
2679.000 2.201
2680.000 2.003
2681.000 1.902
2682.000 1.931
2683.000 1.966
2684.000 2.144
2685.000 2.087
2686.000 2.296
2687.000 2.123
2688.000 2.961
2689.000 2.472
2690.000 3.260
2691.000 1.961
2692.000 2.028
2693.000 2.027
2694.000 2.412
2695.000 2.104
2696.000 2.083
2697.000 2.289
2698.000 2.156
2699.000 2.065
2700.000 2.161
2701.000 1.899
2702.000 2.556
2703.000 2.268
2704.000 2.013
2705.000 1.972
2706.000 2.120
2707.000 2.758
2708.000 2.340
2709.000 2.357
2710.000 2.070
2711.000 2.077
2712.000 2.269
2713.000 2.140
2714.000 2.231
2715.000 2.133
2716.000 2.321
2717.000 2.197
2718.000 2.179
2719.000 2.130
2720.000 2.141
2721.000 2.297
2722.000 2.239
2723.000 2.449
2724.000 2.409
2725.000 2.373
2726.000 2.218
2727.000 2.523
2728.000 2.493
2729.000 2.239
2730.000 2.464
2731.000 2.453
2732.000 2.423
2733.000 2.356
2734.000 2.488
2735.000 2.356
2736.000 2.327
2737.000 2.670
2738.000 2.716
2739.000 2.402
2740.000 2.671
2741.000 2.424
2742.000 2.470
2743.000 2.348
2744.000 2.484
2745.000 3.102
2746.000 2.516
2747.000 2.481
2748.000 2.654
2749.000 3.476
2750.000 2.621
2751.000 2.801
2752.000 2.723
2753.000 2.848
2754.000 2.566
2755.000 2.808
2756.000 2.700
2757.000 2.236
2758.000 2.592
2759.000 2.591
2760.000 2.605
2761.000 2.564
2762.000 2.619
2763.000 2.739
2764.000 2.823
2765.000 2.661
2766.000 2.580
2767.000 2.918
2768.000 2.662
2769.000 2.895
2770.000 2.715
2771.000 2.965
2772.000 3.011
2773.000 2.990
2774.000 2.805
2775.000 2.792
2776.000 3.087
2777.000 2.971
2778.000 2.861
2779.000 2.746
2780.000 2.619
2781.000 2.819
2782.000 2.797
2783.000 2.777
2784.000 2.958
2785.000 2.961
2786.000 3.112
2787.000 2.794
2788.000 2.857
2789.000 3.194
2790.000 3.154
2791.000 3.048
2792.000 3.098
2793.000 3.123
2794.000 3.278
2795.000 3.113
2796.000 2.970
2797.000 3.243
2798.000 3.158
2799.000 3.140
2800.000 3.138
2801.000 3.082
2802.000 3.083
2803.000 3.235
2804.000 3.089
2805.000 3.292
2806.000 3.342
2807.000 3.209
2808.000 3.157
2809.000 3.364
2810.000 3.380
2811.000 3.004
2812.000 3.490
2813.000 3.391
2814.000 3.356
2815.000 3.673
2816.000 3.365
2817.000 3.354
2818.000 3.067
2819.000 3.410
2820.000 3.562
2821.000 4.389
2822.000 3.800
2823.000 3.221
2824.000 3.412
2825.000 3.534
2826.000 3.718
2827.000 3.528
2828.000 3.340
2829.000 3.518
2830.000 3.490
2831.000 3.424
2832.000 3.681
2833.000 3.908
2834.000 3.585
2835.000 3.594
2836.000 3.692
2837.000 3.601
2838.000 3.664
2839.000 3.705
2840.000 3.836
2841.000 3.450
2842.000 3.797
2843.000 3.860
2844.000 3.789
2845.000 3.871
2846.000 3.930
2847.000 3.878
2848.000 3.775
2849.000 3.804
2850.000 3.905
2851.000 3.778
2852.000 4.112
2853.000 4.047
2854.000 4.112
2855.000 3.945
2856.000 4.180
2857.000 3.760
2858.000 3.941
2859.000 3.974
2860.000 3.969
2861.000 4.085
2862.000 4.007
2863.000 3.958
2864.000 4.249
2865.000 3.914
2866.000 3.986
2867.000 4.056
2868.000 4.040
2869.000 3.974
2870.000 4.373
2871.000 5.311
2872.000 4.214
2873.000 4.456
2874.000 4.248
2875.000 4.717
2876.000 4.229
2877.000 4.219
2878.000 4.235
2879.000 4.255
2880.000 4.214
2881.000 4.337
2882.000 4.391
2883.000 4.415
2884.000 4.329
2885.000 4.314
2886.000 4.259
2887.000 4.015
2888.000 4.267
2889.000 4.402
2890.000 4.460
2891.000 4.390
2892.000 4.540
2893.000 4.371
2894.000 4.534
2895.000 4.568
2896.000 4.462
2897.000 4.555
2898.000 4.549
2899.000 4.657
2900.000 4.630
2901.000 4.696
2902.000 4.608
2903.000 4.661
2904.000 4.726
2905.000 4.620
2906.000 4.679
2907.000 4.570
2908.000 4.526
2909.000 4.524
2910.000 4.828
2911.000 4.545
2912.000 4.942
2913.000 4.738
2914.000 4.737
2915.000 4.794
2916.000 4.804
2917.000 4.924
2918.000 4.946
2919.000 4.783
2920.000 4.928
2921.000 5.011
2922.000 4.803
2923.000 4.797
2924.000 4.899
2925.000 4.911
2926.000 4.931
2927.000 4.714
2928.000 5.173
2929.000 4.754
2930.000 5.103
2931.000 5.087
2932.000 5.068
2933.000 4.967
2934.000 5.116
2935.000 5.101
2936.000 4.936
2937.000 5.272
2938.000 5.540
2939.000 4.956
2940.000 5.239
2941.000 5.130
2942.000 5.111
2943.000 5.226
2944.000 5.128
2945.000 5.173
2946.000 5.108
2947.000 5.236
2948.000 5.070
2949.000 5.210
2950.000 5.187
2951.000 5.237
2952.000 5.349
2953.000 5.214
2954.000 5.429
2955.000 5.491
2956.000 5.167
2957.000 5.324
2958.000 5.322
2959.000 5.175
2960.000 5.200
2961.000 5.247
2962.000 5.320
2963.000 5.154
2964.000 5.227
2965.000 5.266
2966.000 5.394
2967.000 5.318
2968.000 5.269
2969.000 5.481
2970.000 5.345
2971.000 5.326
2972.000 5.459
2973.000 5.528
2974.000 5.578
2975.000 5.481
2976.000 5.532
2977.000 5.542
2978.000 5.250
2979.000 5.553
2980.000 5.536
2981.000 5.487
2982.000 5.453
2983.000 5.448
2984.000 5.463
2985.000 5.451
2986.000 5.378
2987.000 5.561
2988.000 5.575
2989.000 5.390
2990.000 5.481
2991.000 5.553
2992.000 5.496
2993.000 5.459
2994.000 5.367
2995.000 5.478
2996.000 5.468
2997.000 5.535
2998.000 5.493
2999.000 5.553
3000.000 5.429
3001.000 5.602
3002.000 5.624
3003.000 5.543
3004.000 5.516
3005.000 5.521
3006.000 5.653
3007.000 5.672
3008.000 5.525
3009.000 5.609
3010.000 5.540
3011.000 5.486
3012.000 5.477
3013.000 5.639
3014.000 5.415
3015.000 5.668
3016.000 5.770
3017.000 5.559
3018.000 5.454
3019.000 5.540
3020.000 5.539
3021.000 5.403
3022.000 5.620
3023.000 5.560
3024.000 5.626
3025.000 5.562
3026.000 5.575
3027.000 5.588
3028.000 5.432
3029.000 5.568
3030.000 5.450
3031.000 5.604
3032.000 5.631
3033.000 5.518
3034.000 5.530
3035.000 5.497
3036.000 5.698
3037.000 5.530
3038.000 5.630
3039.000 5.585
3040.000 5.458
3041.000 5.630
3042.000 5.599
3043.000 5.516
3044.000 5.726
3045.000 5.566
3046.000 5.655
3047.000 5.604
3048.000 5.644
3049.000 5.524
3050.000 5.551
3051.000 5.571
3052.000 5.500
3053.000 5.566
3054.000 5.705
3055.000 5.610
3056.000 5.569
3057.000 5.676
3058.000 5.646
3059.000 5.656
3060.000 5.599
3061.000 5.552
3062.000 5.511
3063.000 5.641
3064.000 5.686
3065.000 5.649
3066.000 5.620
3067.000 5.725
3068.000 5.630
3069.000 5.499
3070.000 5.574
3071.000 5.602
3072.000 5.494
3073.000 5.599
3074.000 5.303
3075.000 5.429
3076.000 5.697
3077.000 5.603
3078.000 5.684
3079.000 5.550
3080.000 5.522
3081.000 5.618
3082.000 5.635
3083.000 5.622
3084.000 5.344
3085.000 5.596
3086.000 5.567
3087.000 5.469
3088.000 5.593
3089.000 5.728
3090.000 5.743
3091.000 5.490
3092.000 5.496
3093.000 5.544
3094.000 5.526
3095.000 5.667
3096.000 5.473
3097.000 5.482
3098.000 5.560
3099.000 5.324
3100.000 5.650
3101.000 5.469
3102.000 5.440
3103.000 5.608
3104.000 5.513
3105.000 5.452
3106.000 5.474
3107.000 5.601
3108.000 5.665
3109.000 5.562
3110.000 5.511
3111.000 5.560
3112.000 5.605
3113.000 5.515
3114.000 5.605
3115.000 5.535
3116.000 5.471
3117.000 5.485
3118.000 5.553
3119.000 5.380
3120.000 5.520
3121.000 5.461
3122.000 5.546
3123.000 5.517
3124.000 5.525
3125.000 5.578
3126.000 5.413
3127.000 5.619
3128.000 5.506
3129.000 5.545
3130.000 5.413
3131.000 5.483
3132.000 5.591
3133.000 5.570
3134.000 5.472
3135.000 5.475
3136.000 5.432
3137.000 5.462
3138.000 5.405
3139.000 5.623
3140.000 5.567
3141.000 5.441
3142.000 5.621
3143.000 5.610
3144.000 5.511
3145.000 5.554
3146.000 5.615
3147.000 5.411
3148.000 5.566
3149.000 5.472
3150.000 5.471
3151.000 5.545
3152.000 5.369
3153.000 5.382
3154.000 5.553
3155.000 5.405
3156.000 5.409
3157.000 5.474
3158.000 5.387
3159.000 5.500
3160.000 5.460
3161.000 5.504
3162.000 5.578
3163.000 5.348
3164.000 5.648
3165.000 5.503
3166.000 5.465
3167.000 5.555
3168.000 5.386
3169.000 5.544
3170.000 5.414
3171.000 5.513
3172.000 5.432
3173.000 5.445
3174.000 5.495
3175.000 5.546
3176.000 5.617
3177.000 5.585
3178.000 5.451
3179.000 5.501
3180.000 5.457
3181.000 5.392
3182.000 5.406
3183.000 5.527
3184.000 5.463
3185.000 5.639
3186.000 5.470
3187.000 5.600
3188.000 5.452
3189.000 5.386
3190.000 5.413
3191.000 5.629
3192.000 5.612
3193.000 5.516
3194.000 5.516
3195.000 5.401
3196.000 5.374
3197.000 5.464
3198.000 5.522
3199.000 5.544
3200.000 5.353
3201.000 5.518
3202.000 5.373
3203.000 5.590
3204.000 5.504
3205.000 5.417
3206.000 5.468
3207.000 5.471
3208.000 5.605
3209.000 5.490
3210.000 5.472
3211.000 5.569
3212.000 5.384
3213.000 5.478
3214.000 5.465
3215.000 5.427
3216.000 5.470
3217.000 5.571
3218.000 5.511
3219.000 5.369
3220.000 5.575
3221.000 5.540
3222.000 5.479
3223.000 5.468
3224.000 5.565
3225.000 5.455
3226.000 5.516
3227.000 5.531
3228.000 5.571
3229.000 5.511
3230.000 5.604
3231.000 5.585
3232.000 5.488
3233.000 5.658
3234.000 5.423
3235.000 5.551
3236.000 5.388
3237.000 5.524
3238.000 5.565
3239.000 5.458
3240.000 5.404
3241.000 5.531
3242.000 5.506
3243.000 5.668
3244.000 5.568
3245.000 5.557
3246.000 5.521
3247.000 5.384
3248.000 5.535
3249.000 5.507
3250.000 5.594
3251.000 5.612
3252.000 5.586
3253.000 5.631
3254.000 5.616
3255.000 5.535
3256.000 5.748
3257.000 5.478
3258.000 5.699
3259.000 5.574
3260.000 5.496
3261.000 5.702
3262.000 5.658
3263.000 5.455
3264.000 5.612
3265.000 5.557
3266.000 5.840
3267.000 5.608
3268.000 5.661
3269.000 5.504
3270.000 5.616
3271.000 5.696
3272.000 5.607
3273.000 5.633
3274.000 5.705
3275.000 5.809
3276.000 5.646
3277.000 5.715
3278.000 5.653
3279.000 5.723
3280.000 5.715
3281.000 5.683
3282.000 5.581
3283.000 5.812
3284.000 5.715
3285.000 5.713
3286.000 5.602
3287.000 5.744
3288.000 5.626
3289.000 5.802
3290.000 5.683
3291.000 5.729
3292.000 5.755
3293.000 5.777
3294.000 5.694
3295.000 5.859
3296.000 5.673
3297.000 5.759
3298.000 5.845
3299.000 5.823
3300.000 5.817
3301.000 5.547
3302.000 5.654
3303.000 5.770
3304.000 5.791
3305.000 5.730
3306.000 5.856
3307.000 5.869
3308.000 5.791
3309.000 5.924
3310.000 5.884
3311.000 5.698
3312.000 5.768
3313.000 5.869
3314.000 5.816
3315.000 5.682
3316.000 5.717
3317.000 5.878
3318.000 6.064
3319.000 5.793
3320.000 6.008
3321.000 5.883
3322.000 5.983
3323.000 5.956
3324.000 6.060
3325.000 6.004
3326.000 6.008
3327.000 5.961
3328.000 5.996
3329.000 6.049
3330.000 5.927
3331.000 5.947
3332.000 5.987
3333.000 5.835
3334.000 6.030
3335.000 6.151
3336.000 6.148
3337.000 6.006
3338.000 6.011
3339.000 5.930
3340.000 6.096
3341.000 6.210
3342.000 5.957
3343.000 6.074
3344.000 6.132
3345.000 5.895
3346.000 6.250
3347.000 6.044
3348.000 6.052
3349.000 6.191
3350.000 6.214
3351.000 6.183
3352.000 6.127
3353.000 6.115
3354.000 6.195
3355.000 6.427
3356.000 6.283
3357.000 6.009
3358.000 6.284
3359.000 6.224
3360.000 6.159
3361.000 6.323
3362.000 6.141
3363.000 6.264
3364.000 6.417
3365.000 6.337
3366.000 6.337
3367.000 6.341
3368.000 6.330
3369.000 6.355
3370.000 6.420
3371.000 6.547
3372.000 6.318
3373.000 6.359
3374.000 6.383
3375.000 6.477
3376.000 6.351
3377.000 6.466
3378.000 6.402
3379.000 6.516
3380.000 6.633
3381.000 6.613
3382.000 6.511
3383.000 6.593
3384.000 6.616
3385.000 6.728
3386.000 6.551
3387.000 6.592
3388.000 6.551
3389.000 6.674
3390.000 6.732
3391.000 6.730
3392.000 6.735
3393.000 6.560
3394.000 6.768
3395.000 6.822
3396.000 6.749
3397.000 6.683
3398.000 6.674
3399.000 6.600
3400.000 6.798
3401.000 6.671
3402.000 6.876
3403.000 6.792
3404.000 6.795
3405.000 6.864
3406.000 6.856
3407.000 6.920
3408.000 6.768
3409.000 6.786
3410.000 7.012
3411.000 7.063
3412.000 6.807
3413.000 6.828
3414.000 6.983
3415.000 7.030
3416.000 6.903
3417.000 7.202
3418.000 6.984
3419.000 7.195
3420.000 7.049
3421.000 7.244
3422.000 7.035
3423.000 7.157
3424.000 7.230
3425.000 7.195
3426.000 7.405
3427.000 7.259
3428.000 7.295
3429.000 7.185
3430.000 7.275
3431.000 7.368
3432.000 7.289
3433.000 7.429
3434.000 7.356
3435.000 7.310
3436.000 7.367
3437.000 7.378
3438.000 7.461
3439.000 7.453
3440.000 7.519
3441.000 7.568
3442.000 7.523
3443.000 7.626
3444.000 7.595
3445.000 7.538
3446.000 7.739
3447.000 7.544
3448.000 7.821
3449.000 7.699
3450.000 7.796
3451.000 7.789
3452.000 7.852
3453.000 7.790
3454.000 7.881
3455.000 7.997
3456.000 7.917
3457.000 7.911
3458.000 8.046
3459.000 7.950
3460.000 7.985
3461.000 8.089
3462.000 8.148
3463.000 8.167
3464.000 8.110
3465.000 8.230
3466.000 8.170
3467.000 8.168
3468.000 8.328
3469.000 8.350
3470.000 8.364
3471.000 8.295
3472.000 8.365
3473.000 8.396
3474.000 8.433
3475.000 8.461
3476.000 8.536
3477.000 8.378
3478.000 8.483
3479.000 8.634
3480.000 8.622
3481.000 8.577
3482.000 8.737
3483.000 8.646
3484.000 8.807
3485.000 8.723
3486.000 8.797
3487.000 8.864
3488.000 8.784
3489.000 8.851
3490.000 9.002
3491.000 8.935
3492.000 8.954
3493.000 9.149
3494.000 9.206
3495.000 9.192
3496.000 9.139
3497.000 9.254
3498.000 9.254
3499.000 9.495
3500.000 9.316
3501.000 9.361
3502.000 9.296
3503.000 9.481
3504.000 9.510
3505.000 9.458
3506.000 9.572
3507.000 9.659
3508.000 9.698
3509.000 9.794
3510.000 9.952
3511.000 9.943
3512.000 9.729
3513.000 9.921
3514.000 9.975
3515.000 10.027
3516.000 10.065
3517.000 10.137
3518.000 10.157
3519.000 10.211
3520.000 10.165
3521.000 10.373
3522.000 10.410
3523.000 10.472
3524.000 10.588
3525.000 10.608
3526.000 10.402
3527.000 10.604
3528.000 10.719
3529.000 10.715
3530.000 10.859
3531.000 10.874
3532.000 10.959
3533.000 11.031
3534.000 11.083
3535.000 11.271
3536.000 11.044
3537.000 11.271
3538.000 11.127
3539.000 11.364
3540.000 11.485
3541.000 11.513
3542.000 11.524
3543.000 11.727
3544.000 11.675
3545.000 11.854
3546.000 11.831
3547.000 12.104
3548.000 11.904
3549.000 12.008
3550.000 12.231
3551.000 12.305
3552.000 12.501
3553.000 12.254
3554.000 12.475
3555.000 12.705
3556.000 12.682
3557.000 12.682
3558.000 12.965
3559.000 12.887
3560.000 13.091
3561.000 13.245
3562.000 13.228
3563.000 13.378
3564.000 13.228
3565.000 13.495
3566.000 13.437
3567.000 13.638
3568.000 13.851
3569.000 13.921
3570.000 13.954
3571.000 14.242
3572.000 14.401
3573.000 14.478
3574.000 14.499
3575.000 14.499
3576.000 14.652
3577.000 14.980
3578.000 14.857
3579.000 15.284
3580.000 15.228
3581.000 15.168
3582.000 15.646
3583.000 15.668
3584.000 15.811
3585.000 15.701
3586.000 15.940
3587.000 16.319
3588.000 16.280
3589.000 16.608
3590.000 16.749
3591.000 16.800
3592.000 17.085
3593.000 17.169
3594.000 17.373
3595.000 17.477
3596.000 17.755
3597.000 17.798
3598.000 17.980
3599.000 18.123
3600.000 18.486
3601.000 18.750
3602.000 19.016
3603.000 18.924
3604.000 19.107
3605.000 19.428
3606.000 19.721
3607.000 19.918
3608.000 20.079
3609.000 20.290
3610.000 20.684
3611.000 21.005
3612.000 21.210
3613.000 21.369
3614.000 21.799
3615.000 21.831
3616.000 22.346
3617.000 22.575
3618.000 22.823
3619.000 23.239
3620.000 23.332
3621.000 23.797
3622.000 24.228
3623.000 24.407
3624.000 24.849
3625.000 25.170
3626.000 25.595
3627.000 25.959
3628.000 26.346
3629.000 26.944
3630.000 27.081
3631.000 27.574
3632.000 28.093
3633.000 28.526
3634.000 29.243
3635.000 29.743
3636.000 30.350
3637.000 31.000
3638.000 31.153
3639.000 31.895
3640.000 32.443
3641.000 33.196
3642.000 34.196
3643.000 34.629
3644.000 35.368
3645.000 35.961
3646.000 36.669
3647.000 37.902
3648.000 38.391
3649.000 39.644
3650.000 40.355
3651.000 41.489
3652.000 42.813
3653.000 43.515
3654.000 44.741
3655.000 45.809
3656.000 47.520
3657.000 49.115
3658.000 50.085
3659.000 51.894
3660.000 53.102
3661.000 55.070
3662.000 57.528
3663.000 59.108
3664.000 61.848
3665.000 63.075
3666.000 66.261
3667.000 69.424
3668.000 71.608
3669.000 75.601
3670.000 77.718
3671.000 82.371
3672.000 84.910
3673.000 90.063
3674.000 95.659
3675.000 99.045
3676.000 104.643
3677.000 107.865
3678.000 113.015
3679.000 117.366
3680.000 119.698
3681.000 121.677
3682.000 125.310
3683.000 129.869
3684.000 135.176
3685.000 136.645
3686.000 139.806
3687.000 140.956
3688.000 143.092
3689.000 144.491
3690.000 145.403
3691.000 145.396
3692.000 145.416
3693.000 144.757
3694.000 143.460
3695.000 142.610
3696.000 140.621
3697.000 138.979
3698.000 135.709
3699.000 131.256
3700.000 128.796
3701.000 121.508
3702.000 117.077
3703.000 107.713
3704.000 100.273
3705.000 96.581
3706.000 90.349
3707.000 87.372
3708.000 82.139
3709.000 77.376
3710.000 75.102
3711.000 71.189
3712.000 69.182
3713.000 65.627
3714.000 62.765
3715.000 61.236
3716.000 58.493
3717.000 57.124
3718.000 54.657
3719.000 52.346
3720.000 51.427
3721.000 49.285
3722.000 48.421
3723.000 46.721
3724.000 44.973
3725.000 44.219
3726.000 42.688
3727.000 42.123
3728.000 40.659
3729.000 39.351
3730.000 38.906
3731.000 37.493
3732.000 36.999
3733.000 35.925
3734.000 34.858
3735.000 34.372
3736.000 33.558
3737.000 33.150
3738.000 32.289
3739.000 31.316
3740.000 31.042
3741.000 30.406
3742.000 30.124
3743.000 29.199
3744.000 28.784
3745.000 28.296
3746.000 27.671
3747.000 27.432
3748.000 26.783
3749.000 26.134
3750.000 25.930
3751.000 25.369
3752.000 25.323
3753.000 24.731
3754.000 24.224
3755.000 23.868
3756.000 23.427
3757.000 23.324
3758.000 22.705
3759.000 22.437
3760.000 22.150
3761.000 21.793
3762.000 21.676
3763.000 21.307
3764.000 20.945
3765.000 20.581
3766.000 20.629
3767.000 20.213
3768.000 20.060
3769.000 19.657
3770.000 19.502
3771.000 19.264
3772.000 19.053
3773.000 18.857
3774.000 18.595
3775.000 18.323
3776.000 18.087
3777.000 18.001
3778.000 17.718
3779.000 17.472
3780.000 17.370
3781.000 17.042
3782.000 17.084
3783.000 16.732
3784.000 16.560
3785.000 16.371
3786.000 16.324
3787.000 16.136
3788.000 15.930
3789.000 15.894
3790.000 15.615
3791.000 15.402
3792.000 15.280
3793.000 15.266
3794.000 15.135
3795.000 14.771
3796.000 14.740
3797.000 14.774
3798.000 14.484
3799.000 14.351
3800.000 14.315
3801.000 14.117
3802.000 13.999
3803.000 13.913
3804.000 13.879
3805.000 13.631
3806.000 13.445
3807.000 13.534
3808.000 13.254
3809.000 13.163
3810.000 13.084
3811.000 12.943
3812.000 12.838
3813.000 12.795
3814.000 12.649
3815.000 12.593
3816.000 12.532
3817.000 12.312
3818.000 12.341
3819.000 12.257
3820.000 12.242
3821.000 11.891
3822.000 11.910
3823.000 11.745
3824.000 11.907
3825.000 11.802
3826.000 11.546
3827.000 11.488
3828.000 11.581
3829.000 11.336
3830.000 11.156
3831.000 11.106
3832.000 11.205
3833.000 11.125
3834.000 11.045
3835.000 10.751
3836.000 10.894
3837.000 10.749
3838.000 10.675
3839.000 10.655
3840.000 10.663
3841.000 10.421
3842.000 10.402
3843.000 10.468
3844.000 10.337
3845.000 10.254
3846.000 10.105
3847.000 10.122
3848.000 9.916
3849.000 9.970
3850.000 10.011
3851.000 9.646
3852.000 9.661
3853.000 9.704
3854.000 9.628
3855.000 9.587
3856.000 9.648
3857.000 9.600
3858.000 9.453
3859.000 9.459
3860.000 9.471
3861.000 9.271
3862.000 9.268
3863.000 9.075
3864.000 9.177
3865.000 9.225
3866.000 8.922
3867.000 9.052
3868.000 8.962
3869.000 8.824
3870.000 8.828
3871.000 8.756
3872.000 8.790
3873.000 8.689
3874.000 8.572
3875.000 8.586
3876.000 8.500
3877.000 8.596
3878.000 8.522
3879.000 8.370
3880.000 8.322
3881.000 8.283
3882.000 8.368
3883.000 8.241
3884.000 8.169
3885.000 8.166
3886.000 8.024
3887.000 8.108
3888.000 8.069
3889.000 8.079
3890.000 8.018
3891.000 7.891
3892.000 7.951
3893.000 7.828
3894.000 7.744
3895.000 7.506
3896.000 7.586
3897.000 7.493
3898.000 7.594
3899.000 7.619
3900.000 7.499
3901.000 7.392
3902.000 7.405
3903.000 7.482
3904.000 7.520
3905.000 7.217
3906.000 7.345
3907.000 7.258
3908.000 7.242
3909.000 7.174
3910.000 7.194
3911.000 7.183
3912.000 7.076
3913.000 6.984
3914.000 6.899
3915.000 6.937
3916.000 6.907
3917.000 6.992
3918.000 6.747
3919.000 6.784
3920.000 6.662
3921.000 6.646
3922.000 6.556
3923.000 6.653
3924.000 6.589
3925.000 6.610
3926.000 6.596
3927.000 6.304
3928.000 6.630
3929.000 6.475
3930.000 6.284
3931.000 6.319
3932.000 6.242
3933.000 6.191
3934.000 6.246
3935.000 6.185
3936.000 6.193
3937.000 6.149
3938.000 6.104
3939.000 6.103
3940.000 6.013
3941.000 5.995
3942.000 5.910
3943.000 6.011
3944.000 5.875
3945.000 5.784
3946.000 5.921
3947.000 5.816
3948.000 5.834
3949.000 5.823
3950.000 5.714
3951.000 5.862
3952.000 5.832
3953.000 5.558
3954.000 5.773
3955.000 5.660
3956.000 5.650
3957.000 5.712
3958.000 5.550
3959.000 5.598
3960.000 5.423
3961.000 5.454
3962.000 5.439
3963.000 5.442
3964.000 5.572
3965.000 5.478
3966.000 5.405
3967.000 5.273
3968.000 5.415
3969.000 5.279
3970.000 5.409
3971.000 5.346
3972.000 5.367
3973.000 5.260
3974.000 5.289
3975.000 5.271
3976.000 5.237
3977.000 5.304
3978.000 5.224
3979.000 5.186
3980.000 5.104
3981.000 5.034
3982.000 5.132
3983.000 5.054
3984.000 5.178
3985.000 5.223
3986.000 4.992
3987.000 5.172
3988.000 5.136
3989.000 4.951
3990.000 5.065
3991.000 5.136
3992.000 5.054
3993.000 5.117
3994.000 5.062
3995.000 5.065
3996.000 5.059
3997.000 5.043
3998.000 5.079
3999.000 4.981
4000.000 4.875
4001.000 4.933
4002.000 5.006
4003.000 4.929
4004.000 4.869
4005.000 4.911
4006.000 4.944
4007.000 4.894
4008.000 4.754
4009.000 4.890
4010.000 4.881
4011.000 4.751
4012.000 4.723
4013.000 4.760
4014.000 4.772
4015.000 4.835
4016.000 4.679
4017.000 4.713
4018.000 4.794
4019.000 4.892
4020.000 4.747
4021.000 4.757
4022.000 4.729
4023.000 4.659
4024.000 4.706
4025.000 4.605
4026.000 4.669
4027.000 4.750
4028.000 4.652
4029.000 4.672
4030.000 4.583
4031.000 4.518
4032.000 4.670
4033.000 4.633
4034.000 4.636
4035.000 4.658
4036.000 4.585
4037.000 4.494
4038.000 4.634
4039.000 4.640
4040.000 4.439
4041.000 4.550
4042.000 4.455
4043.000 4.470
4044.000 4.462
4045.000 4.411
4046.000 4.519
4047.000 4.359
4048.000 4.534
4049.000 4.409
4050.000 4.384
4051.000 4.379
4052.000 4.513
4053.000 4.305
4054.000 4.274
4055.000 4.434
4056.000 4.323
4057.000 4.205
4058.000 4.321
4059.000 4.298
4060.000 4.316
4061.000 4.465
4062.000 4.243
4063.000 4.275
4064.000 4.281
4065.000 4.414
4066.000 4.344
4067.000 4.277
4068.000 4.170
4069.000 4.274
4070.000 4.246
4071.000 4.169
4072.000 4.277
4073.000 4.176
4074.000 4.347
4075.000 4.210
4076.000 4.123
4077.000 4.368
4078.000 4.269
4079.000 4.286
4080.000 4.242
4081.000 4.165
4082.000 4.083
4083.000 4.118
4084.000 4.084
4085.000 4.143
4086.000 4.155
4087.000 4.092
4088.000 4.146
4089.000 4.197
4090.000 4.052
4091.000 4.148
4092.000 3.994
4093.000 4.080
4094.000 3.978
4095.000 3.985
4096.000 4.062
4097.000 4.075
4098.000 4.038
4099.000 4.123
4100.000 4.029
4101.000 3.984
4102.000 3.939
4103.000 4.202
4104.000 4.008
4105.000 4.069
4106.000 3.933
4107.000 3.848
4108.000 4.007
4109.000 4.033
4110.000 4.054
4111.000 4.025
4112.000 3.939
4113.000 3.929
4114.000 3.956
4115.000 3.876
4116.000 3.988
4117.000 3.963
4118.000 3.919
4119.000 3.984
4120.000 3.767
4121.000 4.016
4122.000 3.816
4123.000 3.753
4124.000 3.767
4125.000 3.835
4126.000 3.889
4127.000 3.821
4128.000 4.028
4129.000 3.779
4130.000 3.788
4131.000 3.804
4132.000 3.810
4133.000 3.862
4134.000 3.746
4135.000 3.807
4136.000 3.760
4137.000 3.906
4138.000 3.951
4139.000 3.808
4140.000 3.815
4141.000 3.675
4142.000 3.842
4143.000 3.719
4144.000 3.722
4145.000 3.604
4146.000 3.827
4147.000 3.705
4148.000 3.870
4149.000 3.838
4150.000 3.780
4151.000 3.811
4152.000 3.764
4153.000 3.762
4154.000 3.768
4155.000 3.607
4156.000 3.823
4157.000 3.804
4158.000 3.601
4159.000 3.863
4160.000 3.784
4161.000 3.783
4162.000 3.674
4163.000 3.798
4164.000 3.725
4165.000 3.659
4166.000 3.670
4167.000 3.736
4168.000 3.604
4169.000 3.686
4170.000 3.783
4171.000 3.755
4172.000 3.653
4173.000 3.680
4174.000 3.682
4175.000 3.575
4176.000 3.681
4177.000 3.641
4178.000 3.578
4179.000 3.580
4180.000 3.647
4181.000 3.655
4182.000 3.605
4183.000 3.746
4184.000 3.741
4185.000 3.686
4186.000 3.719
4187.000 3.599
4188.000 3.806
4189.000 3.492
4190.000 3.664
4191.000 3.545
4192.000 3.626
4193.000 3.605
4194.000 3.656
4195.000 3.572
4196.000 3.460
4197.000 3.674
4198.000 3.594
4199.000 3.590
4200.000 3.605
4201.000 3.581
4202.000 3.549
4203.000 3.688
4204.000 3.669
4205.000 3.515
4206.000 3.526
4207.000 3.598
4208.000 3.653
4209.000 3.690
4210.000 3.635
4211.000 3.558
4212.000 3.559
4213.000 3.582
4214.000 3.574
4215.000 3.451
4216.000 3.489
4217.000 3.524
4218.000 3.470
4219.000 3.514
4220.000 3.462
4221.000 3.514
4222.000 3.640
4223.000 3.578
4224.000 3.422
4225.000 3.449
4226.000 3.477
4227.000 3.677
4228.000 3.595
4229.000 3.333
4230.000 3.505
4231.000 3.667
4232.000 3.400
4233.000 3.491
4234.000 3.521
4235.000 3.412
4236.000 3.571
4237.000 3.408
4238.000 3.415
4239.000 3.496
4240.000 3.550
4241.000 3.484
4242.000 3.513
4243.000 3.477
4244.000 3.396
4245.000 3.530
4246.000 3.491
4247.000 3.509
4248.000 3.504
4249.000 3.563
4250.000 3.397
4251.000 3.395
4252.000 3.517
4253.000 3.385
4254.000 3.500
4255.000 3.519
4256.000 3.403
4257.000 3.490
4258.000 3.519
4259.000 3.463
4260.000 3.424
4261.000 3.400
4262.000 3.386
4263.000 3.391
4264.000 3.415
4265.000 3.348
4266.000 3.542
4267.000 3.377
4268.000 3.344
4269.000 3.457
4270.000 3.458
4271.000 3.397
4272.000 3.552
4273.000 3.480
4274.000 3.410
4275.000 3.562
4276.000 3.327
4277.000 3.412
4278.000 3.413
4279.000 3.396
4280.000 3.445
4281.000 3.373
4282.000 3.481
4283.000 3.402
4284.000 3.599
4285.000 3.331
4286.000 3.592
4287.000 3.421
4288.000 3.589
4289.000 3.461
4290.000 3.387
4291.000 3.421
4292.000 3.496
4293.000 3.476
4294.000 3.364
4295.000 3.399
4296.000 3.366
4297.000 3.428
4298.000 3.355
4299.000 3.278
4300.000 3.674
4301.000 3.466
4302.000 3.306
4303.000 3.433
4304.000 3.412
4305.000 3.302
4306.000 3.388
4307.000 3.488
4308.000 3.301
4309.000 3.444
4310.000 3.344
4311.000 3.472
4312.000 3.553
4313.000 3.587
4314.000 3.599
4315.000 3.408
4316.000 3.605
4317.000 3.403
4318.000 3.584
4319.000 3.447
4320.000 3.423
4321.000 3.360
4322.000 3.562
4323.000 3.432
4324.000 3.502
4325.000 3.380
4326.000 3.302
4327.000 3.353
4328.000 3.305
4329.000 3.516
4330.000 3.499
4331.000 3.457
4332.000 3.372
4333.000 3.393
4334.000 3.542
4335.000 3.447
4336.000 3.419
4337.000 3.402
4338.000 3.405
4339.000 3.484
4340.000 3.428
4341.000 3.485
4342.000 3.429
4343.000 3.436
4344.000 3.606
4345.000 3.290
4346.000 3.414
4347.000 3.416
4348.000 3.462
4349.000 3.465
4350.000 3.483
4351.000 3.308
4352.000 3.501
4353.000 3.461
4354.000 3.476
4355.000 3.448
4356.000 3.462
4357.000 3.406
4358.000 3.373
4359.000 3.571
4360.000 3.500
4361.000 3.528
4362.000 3.592
4363.000 3.562
4364.000 3.503
4365.000 3.472
4366.000 3.440
4367.000 3.557
4368.000 3.410
4369.000 3.661
4370.000 3.326
4371.000 3.404
4372.000 3.573
4373.000 3.508
4374.000 3.513
4375.000 3.470
4376.000 3.520
4377.000 3.476
4378.000 3.547
4379.000 3.479
4380.000 3.614
4381.000 3.474
4382.000 3.491
4383.000 3.505
4384.000 3.579
4385.000 3.530
4386.000 3.505
4387.000 3.595
4388.000 3.538
4389.000 3.444
4390.000 3.427
4391.000 3.415
4392.000 3.543
4393.000 3.454
4394.000 3.549
4395.000 3.579
4396.000 3.569
4397.000 3.527
4398.000 3.529
4399.000 3.501
4400.000 3.636
4401.000 3.584
4402.000 3.531
4403.000 3.621
4404.000 3.582
4405.000 3.557
4406.000 3.528
4407.000 3.495
4408.000 3.496
4409.000 3.532
4410.000 3.556
4411.000 3.569
4412.000 3.599
4413.000 3.452
4414.000 3.705
4415.000 3.624
4416.000 3.462
4417.000 3.641
4418.000 3.662
4419.000 3.660
4420.000 3.628
4421.000 3.616
4422.000 3.576
4423.000 3.762
4424.000 3.704
4425.000 3.617
4426.000 3.708
4427.000 3.632
4428.000 3.627
4429.000 3.754
4430.000 3.773
4431.000 3.637
4432.000 3.706
4433.000 3.788
4434.000 3.555
4435.000 3.680
4436.000 3.736
4437.000 3.616
4438.000 3.661
4439.000 3.696
4440.000 3.715
4441.000 3.808
4442.000 3.690
4443.000 3.727
4444.000 3.643
4445.000 3.717
4446.000 3.740
4447.000 3.776
4448.000 3.897
4449.000 3.730
4450.000 3.828
4451.000 3.690
4452.000 3.775
4453.000 3.727
4454.000 3.719
4455.000 3.689
4456.000 3.720
4457.000 3.660
4458.000 3.791
4459.000 3.682
4460.000 3.944
4461.000 3.698
4462.000 3.866
4463.000 3.923
4464.000 3.846
4465.000 3.910
4466.000 3.844
4467.000 3.849
4468.000 3.897
4469.000 3.913
4470.000 3.975
4471.000 3.796
4472.000 3.854
4473.000 3.856
4474.000 3.838
4475.000 3.931
4476.000 3.942
4477.000 4.014
4478.000 3.765
4479.000 3.939
4480.000 4.053
4481.000 3.972
4482.000 3.905
4483.000 3.965
4484.000 3.964
4485.000 4.065
4486.000 4.037
4487.000 4.108
4488.000 3.841
4489.000 4.108
4490.000 4.142
4491.000 4.022
4492.000 4.075
4493.000 4.015
4494.000 4.007
4495.000 3.986
4496.000 4.180
4497.000 4.006
4498.000 4.133
4499.000 4.038
4500.000 4.006
4501.000 4.095
4502.000 4.162
4503.000 4.075
4504.000 4.217
4505.000 4.073
4506.000 4.046
4507.000 4.150
4508.000 4.239
4509.000 4.254
4510.000 4.276
4511.000 4.127
4512.000 4.194
4513.000 4.263
4514.000 4.207
4515.000 4.291
4516.000 4.213
4517.000 4.170
4518.000 4.291
4519.000 4.250
4520.000 4.254
4521.000 4.423
4522.000 4.216
4523.000 4.203
4524.000 4.241
4525.000 4.253
4526.000 4.347
4527.000 4.259
4528.000 4.378
4529.000 4.392
4530.000 4.347
4531.000 4.364
4532.000 4.454
4533.000 4.462
4534.000 4.269
4535.000 4.378
4536.000 4.446
4537.000 4.496
4538.000 4.423
4539.000 4.416
4540.000 4.525
4541.000 4.568
4542.000 4.523
4543.000 4.516
4544.000 4.584
4545.000 4.522
4546.000 4.626
4547.000 4.613
4548.000 4.654
4549.000 4.668
4550.000 4.674
4551.000 4.485
4552.000 4.726
4553.000 4.690
4554.000 4.710
4555.000 4.716
4556.000 4.714
4557.000 4.650
4558.000 4.643
4559.000 4.855
4560.000 4.771
4561.000 4.659
4562.000 4.831
4563.000 4.857
4564.000 4.749
4565.000 4.665
4566.000 4.919
4567.000 4.862
4568.000 4.818
4569.000 4.851
4570.000 4.721
4571.000 4.966
4572.000 4.886
4573.000 4.918
4574.000 4.926
4575.000 5.004
4576.000 5.031
4577.000 5.081
4578.000 5.061
4579.000 5.057
4580.000 4.991
4581.000 4.939
4582.000 5.107
4583.000 5.077
4584.000 5.148
4585.000 5.285
4586.000 5.090
4587.000 5.203
4588.000 5.093
4589.000 5.147
4590.000 5.286
4591.000 5.289
4592.000 5.163
4593.000 5.227
4594.000 5.295
4595.000 5.449
4596.000 5.176
4597.000 5.329
4598.000 5.278
4599.000 5.378
4600.000 5.479
4601.000 5.489
4602.000 5.375
4603.000 5.489
4604.000 5.553
4605.000 5.438
4606.000 5.561
4607.000 5.384
4608.000 5.631
4609.000 5.439
4610.000 5.495
4611.000 5.686
4612.000 5.689
4613.000 5.662
4614.000 5.645
4615.000 5.747
4616.000 5.680
4617.000 5.805
4618.000 5.769
4619.000 5.779
4620.000 5.822
4621.000 5.779
4622.000 5.823
4623.000 5.870
4624.000 5.867
4625.000 5.962
4626.000 5.850
4627.000 6.047
4628.000 5.891
4629.000 5.774
4630.000 6.092
4631.000 6.066
4632.000 6.058
4633.000 5.993
4634.000 6.094
4635.000 6.080
4636.000 6.133
4637.000 6.126
4638.000 6.091
4639.000 6.162
4640.000 6.276
4641.000 6.250
4642.000 6.172
4643.000 6.455
4644.000 6.318
4645.000 6.434
4646.000 6.266
4647.000 6.295
4648.000 6.366
4649.000 6.408
4650.000 6.438
4651.000 6.370
4652.000 6.477
4653.000 6.529
4654.000 6.566
4655.000 6.489
4656.000 6.557
4657.000 6.705
4658.000 6.613
4659.000 6.760
4660.000 6.724
4661.000 6.743
4662.000 6.678
4663.000 6.788
4664.000 6.805
4665.000 6.930
4666.000 6.932
4667.000 6.920
4668.000 7.032
4669.000 6.989
4670.000 7.034
4671.000 6.981
4672.000 7.101
4673.000 6.915
4674.000 7.031
4675.000 7.078
4676.000 7.129
4677.000 7.161
4678.000 7.211
4679.000 7.215
4680.000 7.255
4681.000 7.309
4682.000 7.307
4683.000 7.207
4684.000 7.434
4685.000 7.427
4686.000 7.487
4687.000 7.564
4688.000 7.535
4689.000 7.464
4690.000 7.507
4691.000 7.531
4692.000 7.641
4693.000 7.543
4694.000 7.638
4695.000 7.584
4696.000 7.672
4697.000 7.794
4698.000 7.761
4699.000 7.844
4700.000 7.968
4701.000 7.890
4702.000 7.992
4703.000 7.931
4704.000 7.840
4705.000 8.047
4706.000 8.001
4707.000 8.030
4708.000 7.987
4709.000 8.325
4710.000 8.164
4711.000 8.114
4712.000 8.311
4713.000 8.298
4714.000 8.381
4715.000 8.318
4716.000 8.390
4717.000 8.479
4718.000 8.483
4719.000 8.516
4720.000 8.502
4721.000 8.417
4722.000 8.564
4723.000 8.713
4724.000 8.729
4725.000 8.758
4726.000 8.711
4727.000 8.807
4728.000 8.836
4729.000 8.802
4730.000 8.841
4731.000 8.836
4732.000 9.033
4733.000 9.019
4734.000 9.013
4735.000 9.132
4736.000 9.109
4737.000 9.259
4738.000 9.323
4739.000 9.306
4740.000 9.156
4741.000 9.273
4742.000 9.347
4743.000 9.491
4744.000 9.350
4745.000 9.442
4746.000 9.522
4747.000 9.536
4748.000 9.686
4749.000 9.652
4750.000 9.549
4751.000 9.772
4752.000 9.716
4753.000 9.754
4754.000 9.812
4755.000 9.919
4756.000 9.890
4757.000 9.908
4758.000 10.071
4759.000 9.952
4760.000 10.122
4761.000 10.143
4762.000 10.168
4763.000 10.290
4764.000 10.335
4765.000 10.365
4766.000 10.234
4767.000 10.350
4768.000 10.397
4769.000 10.453
4770.000 10.671
4771.000 10.618
4772.000 10.741
4773.000 10.791
4774.000 10.861
4775.000 10.811
4776.000 10.799
4777.000 10.955
4778.000 11.014
4779.000 11.137
4780.000 11.112
4781.000 11.045
4782.000 11.293
4783.000 11.275
4784.000 11.198
4785.000 11.361
4786.000 11.466
4787.000 11.608
4788.000 11.462
4789.000 11.612
4790.000 11.645
4791.000 11.632
4792.000 11.723
4793.000 11.855
4794.000 11.978
4795.000 11.923
4796.000 11.972
4797.000 12.166
4798.000 12.205
4799.000 12.170
4800.000 12.161
4801.000 12.496
4802.000 12.371
4803.000 12.419
4804.000 12.443
4805.000 12.559
4806.000 12.708
4807.000 12.777
4808.000 12.693
4809.000 12.927
4810.000 12.874
4811.000 12.937
4812.000 12.847
4813.000 13.128
4814.000 13.183
4815.000 13.369
4816.000 13.331
4817.000 13.364
4818.000 13.563
4819.000 13.580
4820.000 13.726
4821.000 13.797
4822.000 13.880
4823.000 13.981
4824.000 14.000
4825.000 14.085
4826.000 14.281
4827.000 14.293
4828.000 14.261
4829.000 14.401
4830.000 14.548
4831.000 14.649
4832.000 14.787
4833.000 14.815
4834.000 14.728
4835.000 15.058
4836.000 15.027
4837.000 15.137
4838.000 15.399
4839.000 15.375
4840.000 15.540
4841.000 15.651
4842.000 15.611
4843.000 15.846
4844.000 15.918
4845.000 15.957
4846.000 16.173
4847.000 16.222
4848.000 16.181
4849.000 16.571
4850.000 16.539
4851.000 16.699
4852.000 16.772
4853.000 17.039
4854.000 17.159
4855.000 17.370
4856.000 17.388
4857.000 17.577
4858.000 17.627
4859.000 17.708
4860.000 17.828
4861.000 18.089
4862.000 18.190
4863.000 18.201
4864.000 18.461
4865.000 18.644
4866.000 18.821
4867.000 18.933
4868.000 19.140
4869.000 19.229
4870.000 19.400
4871.000 19.685
4872.000 19.928
4873.000 20.055
4874.000 20.268
4875.000 20.357
4876.000 20.647
4877.000 20.830
4878.000 20.999
4879.000 21.184
4880.000 21.278
4881.000 21.711
4882.000 21.671
4883.000 21.882
4884.000 22.141
4885.000 22.397
4886.000 22.719
4887.000 22.870
4888.000 23.032
4889.000 23.476
4890.000 23.607
4891.000 24.017
4892.000 24.087
4893.000 24.570
4894.000 24.663
4895.000 24.951
4896.000 25.362
4897.000 25.569
4898.000 25.918
4899.000 26.153
4900.000 26.492
4901.000 27.035
4902.000 27.247
4903.000 27.657
4904.000 27.760
4905.000 28.265
4906.000 28.788
4907.000 29.069
4908.000 29.420
4909.000 29.685
4910.000 30.303
4911.000 30.792
4912.000 31.056
4913.000 31.741
4914.000 32.095
4915.000 32.689
4916.000 33.265
4917.000 33.582
4918.000 34.272
4919.000 34.598
4920.000 35.347
4921.000 36.022
4922.000 36.722
4923.000 37.181
4924.000 37.629
4925.000 38.522
4926.000 39.428
4927.000 39.912
4928.000 40.661
4929.000 41.242
4930.000 42.371
4931.000 43.322
4932.000 44.115
4933.000 45.070
4934.000 45.536
4935.000 46.788
4936.000 48.178
4937.000 48.806
4938.000 49.968
4939.000 50.650
4940.000 52.098
4941.000 53.425
4942.000 54.065
4943.000 55.491
4944.000 56.264
4945.000 57.572
4946.000 58.655
4947.000 59.076
4948.000 59.945
4949.000 60.204
4950.000 60.158
4951.000 59.917
4952.000 60.305
4953.000 63.004
4954.000 67.171
4955.000 84.735
4956.000 113.326
4957.000 126.159
4958.000 134.731
4959.000 134.942
4960.000 132.331
4961.000 133.702
4962.000 134.430
4963.000 137.021
4964.000 137.936
4965.000 139.604
4966.000 141.377
4967.000 142.112
4968.000 143.246
4969.000 143.647
4970.000 144.083
4971.000 144.473
4972.000 144.620
4973.000 144.965
4974.000 145.015
4975.000 145.037
4976.000 145.073
4977.000 145.044
4978.000 144.823
4979.000 144.659
4980.000 143.749
4981.000 143.244
4982.000 141.102
4983.000 138.111
4984.000 136.506
4985.000 132.735
4986.000 130.708
4987.000 125.856
4988.000 119.430
4989.000 115.124
4990.000 107.990
4991.000 104.507
4992.000 98.212
4993.000 92.570
4994.000 90.116
4995.000 85.328
4996.000 83.058
4997.000 79.023
4998.000 74.933
4999.000 73.211
5000.000 69.959
5001.000 68.699
5002.000 65.561
5003.000 62.888
5004.000 61.587
5005.000 59.283
5006.000 58.267
5007.000 55.930
5008.000 53.764
5009.000 52.932
5010.000 50.805
5011.000 50.136
5012.000 48.563
5013.000 46.999
5014.000 46.323
5015.000 44.836
5016.000 44.355
5017.000 42.976
5018.000 41.649
5019.000 41.106
5020.000 39.906
5021.000 39.595
5022.000 38.234
5023.000 37.399
5024.000 36.915
5025.000 35.880
5026.000 35.465
5027.000 34.728
5028.000 33.930
5029.000 33.270
5030.000 32.733
5031.000 32.444
5032.000 31.601
5033.000 31.041
5034.000 30.770
5035.000 29.883
5036.000 29.802
5037.000 28.971
5038.000 28.455
5039.000 28.265
5040.000 27.790
5041.000 27.386
5042.000 26.885
5043.000 26.306
5044.000 26.227
5045.000 25.800
5046.000 25.317
5047.000 25.018
5048.000 24.491
5049.000 24.291
5050.000 23.909
5051.000 23.853
5052.000 23.234
5053.000 23.082
5054.000 22.741
5055.000 22.413
5056.000 22.363
5057.000 21.812
5058.000 21.496
5059.000 21.329
5060.000 20.984
5061.000 20.870
5062.000 20.692
5063.000 20.208
5064.000 20.231
5065.000 19.944
5066.000 19.697
5067.000 19.578
5068.000 19.211
5069.000 19.154
5070.000 18.856
5071.000 18.661
5072.000 18.374
5073.000 18.199
5074.000 18.163
5075.000 17.844
5076.000 17.721
5077.000 17.511
5078.000 17.296
5079.000 17.187
5080.000 16.967
5081.000 16.810
5082.000 16.670
5083.000 16.469
5084.000 16.345
5085.000 16.102
5087.000 15.799
5088.000 15.655
5089.000 15.641
5090.000 15.494
5091.000 15.346
5092.000 15.251
5093.000 15.068
5094.000 14.898
5095.000 14.812
5096.000 14.806
5097.000 14.600
5098.000 14.329
5099.000 14.165
5100.000 14.173
5101.000 14.090
5102.000 13.928
5103.000 13.846
5104.000 13.812
5105.000 13.608
5106.000 13.632
5107.000 13.430
5108.000 13.337
5110.000 13.086
5111.000 12.868
5112.000 12.767
5113.000 12.727
5114.000 12.679
5115.000 12.619
5116.000 12.481
5117.000 12.395
5118.000 12.315
5119.000 12.224
5120.000 12.177
5121.000 12.157
5122.000 12.033
5123.000 11.937
5124.000 11.782
5125.000 11.793
5126.000 11.711
5127.000 11.583
5128.000 11.518
5129.000 11.523
5130.000 11.471
5132.000 11.267
5133.000 11.151
5134.000 11.153
5135.000 11.124
5136.000 10.925
5137.000 11.071
5138.000 10.841
5139.000 10.856
5140.000 10.713
5141.000 10.585
5142.000 10.506
5143.000 10.497
5144.000 10.374
5145.000 10.438
5146.000 10.259
5147.000 10.358
5148.000 10.055
5149.000 10.131
5150.000 10.077
5151.000 9.987
5152.000 9.897
5153.000 9.814
5154.000 9.890
5155.000 9.738
5156.000 9.829
5157.000 9.698
5158.000 9.482
5159.000 9.531
5160.000 9.497
5161.000 9.429
5162.000 9.428
5163.000 9.441
5164.000 9.376
5165.000 9.322
5166.000 9.257
5167.000 9.307
5169.000 9.009
5170.000 9.048
5171.000 8.944
5172.000 8.828
5173.000 8.865
5174.000 8.784
5175.000 8.777
5176.000 8.723
5177.000 8.857
5178.000 8.736
5179.000 8.658
5180.000 8.609
5181.000 8.621
5182.000 8.491
5183.000 8.319
5184.000 8.466
5185.000 8.392
5186.000 8.347
5187.000 8.246
5188.000 8.365
5189.000 8.214
5190.000 8.140
5191.000 8.235
5192.000 8.077
5193.000 8.033
5194.000 8.028
5195.000 8.071
5196.000 7.980
5197.000 7.858
5198.000 7.791
5199.000 7.916
5200.000 7.921
5201.000 7.770
5202.000 7.727
5203.000 7.802
5204.000 7.860
5205.000 7.629
5206.000 7.626
5207.000 7.747
5208.000 7.655
5210.000 7.473
5211.000 7.602
5212.000 7.458
5213.000 7.564
5214.000 7.395
5215.000 7.421
5216.000 7.309
5217.000 7.304
5218.000 7.253
5219.000 7.369
5220.000 7.166
5221.000 7.115
5222.000 7.265
5223.000 7.207
5224.000 7.161
5225.000 7.078
5226.000 7.098
5227.000 6.981
5228.000 7.160
5229.000 7.069
5230.000 6.888
5232.000 6.904
5233.000 6.781
5234.000 6.863
5235.000 6.711
5236.000 6.865
5237.000 6.933
5238.000 6.844
5239.000 6.703
5240.000 6.715
5241.000 6.710
5242.000 6.676
5243.000 6.768
5244.000 6.616
5245.000 6.553
5246.000 6.632
5247.000 6.563
5248.000 6.554
5249.000 6.440
5250.000 6.384
5251.000 6.384
5252.000 6.439
5253.000 6.338
5254.000 6.336
5255.000 6.509
5256.000 6.522
5258.000 6.360
5259.000 6.317
5260.000 6.326
5261.000 6.141
5262.000 6.329
5263.000 6.221
5264.000 6.231
5265.000 6.269
5266.000 6.223
5267.000 6.132
5268.000 6.160
5269.000 6.261
5270.000 6.209
5271.000 6.216
5272.000 6.152
5273.000 6.018
5274.000 6.075
5275.000 6.055
5276.000 5.934
5277.000 5.973
5278.000 5.968
5279.000 6.163
5280.000 6.010
5281.000 5.826
5282.000 6.077
5283.000 5.841
5284.000 5.840
5285.000 5.845
5286.000 5.901
5287.000 5.790
5288.000 5.727
5289.000 5.738
5290.000 5.802
5291.000 5.647
5292.000 5.802
5293.000 5.718
5294.000 5.771
5295.000 5.898
5296.000 5.671
5297.000 5.559
5298.000 5.595
5299.000 5.535
5300.000 5.498
5301.000 5.563
5302.000 5.669
5303.000 5.585
5304.000 5.553
5305.000 5.528
5306.000 5.472
5307.000 5.520
5308.000 5.383
5309.000 5.440
5310.000 5.534
5311.000 5.445
5312.000 5.437
5313.000 5.516
5314.000 5.454
5315.000 5.470
5316.000 5.327
5317.000 5.348
5318.000 5.375
5319.000 5.285
5320.000 5.334
5321.000 5.348
5322.000 5.343
5323.000 5.352
5324.000 5.211
5325.000 5.315
5326.000 5.327
5327.000 5.248
5328.000 5.230
5329.000 5.296
5330.000 5.173
5331.000 5.182
5332.000 5.170
5333.000 5.162
5334.000 5.031
5335.000 5.202
5336.000 5.129
5337.000 5.094
5338.000 5.212
5339.000 5.052
5340.000 5.178
5341.000 5.041
5342.000 5.187
5343.000 5.230
5344.000 5.079
5345.000 4.960
5346.000 5.104
5347.000 5.021
5348.000 5.070
5349.000 5.085
5350.000 5.046
5351.000 4.898
5352.000 4.997
5353.000 4.962
5354.000 4.907
5355.000 4.849
5356.000 4.937
5357.000 5.040
5358.000 5.014
5359.000 4.886
5360.000 4.971
5361.000 4.969
5362.000 4.955
5363.000 4.749
5364.000 4.833
5365.000 4.824
5366.000 4.830
5367.000 4.843
5368.000 4.799
5369.000 4.737
5370.000 4.855
5371.000 4.791
5372.000 4.794
5373.000 4.776
5374.000 4.827
5375.000 4.850
5376.000 4.811
5377.000 4.871
5378.000 4.712
5379.000 4.697
5380.000 4.714
5381.000 4.661
5382.000 4.722
5383.000 4.730
5384.000 4.724
5385.000 4.656
5386.000 4.688
5387.000 4.764
5388.000 4.539
5389.000 4.871
5390.000 4.690
5391.000 4.651
5392.000 4.784
5393.000 4.705
5394.000 4.653
5395.000 4.657
5396.000 4.581
5397.000 4.663
5398.000 4.622
5399.000 4.629
5400.000 4.757
5401.000 4.682
5402.000 4.577
5403.000 4.575
5404.000 4.553
5405.000 4.628
5406.000 4.676
5407.000 4.524
5408.000 4.600
5409.000 4.579
5410.000 4.567
5411.000 4.473
5412.000 4.632
5413.000 4.560
5414.000 4.395
5415.000 4.513
5416.000 4.322
5417.000 4.358
5418.000 4.529
5419.000 4.433
5420.000 4.419
5421.000 4.494
5422.000 4.467
5423.000 4.423
5424.000 4.476
5425.000 4.543
5426.000 4.389
5427.000 4.549
5428.000 4.333
5429.000 4.412
5430.000 4.394
5431.000 4.438
5432.000 4.351
5433.000 4.446
5434.000 4.269
5435.000 4.447
5436.000 4.340
5437.000 4.422
5438.000 4.450
5439.000 4.267
5440.000 4.304
5441.000 4.337
5442.000 4.326
5443.000 4.455
5444.000 4.333
5445.000 4.435
5446.000 4.458
5447.000 4.286
5448.000 4.319
5449.000 4.395
5450.000 4.213
5451.000 4.410
5452.000 4.249
5453.000 4.290
5454.000 4.369
5455.000 4.384
5456.000 4.213
5457.000 4.417
5458.000 4.317
5459.000 4.322
5460.000 4.313
5461.000 4.271
5462.000 4.242
5463.000 4.225
5464.000 4.233
5465.000 4.254
5466.000 4.298
5467.000 4.282
5468.000 4.376
5469.000 4.298
5470.000 4.152
5471.000 4.298
5472.000 4.226
5473.000 4.266
5474.000 4.321
5475.000 4.250
5476.000 4.110
5477.000 4.325
5478.000 4.174
5479.000 4.193
5480.000 4.209
5481.000 4.168
5482.000 4.067
5483.000 4.129
5484.000 4.235
5485.000 4.127
5486.000 4.147
5487.000 4.099
5488.000 4.241
5489.000 4.205
5490.000 4.090
5491.000 4.153
5492.000 4.204
5493.000 4.165
5494.000 4.074
5495.000 4.069
5496.000 4.002
5497.000 4.137
5498.000 4.130
5499.000 4.067
5500.000 4.177
5501.000 4.311
5502.000 4.058
5503.000 4.194
5504.000 4.020
5505.000 4.037
5506.000 4.159
5507.000 4.158
5508.000 4.086
5509.000 3.997
5510.000 4.181
5511.000 4.116
5512.000 4.123
5513.000 4.214
5514.000 4.143
5515.000 4.178
5516.000 4.007
5517.000 4.157
5518.000 4.095
5519.000 4.139
5520.000 4.111
5521.000 4.152
5522.000 4.049
5523.000 4.049
5524.000 4.025
5525.000 4.068
5526.000 4.028
5527.000 4.108
5528.000 4.060
5529.000 4.052
5530.000 4.121
5531.000 4.021
5532.000 4.107
5533.000 4.101
5534.000 4.120
5535.000 4.030
5536.000 4.036
5537.000 4.137
5538.000 4.131
5539.000 3.881
5540.000 4.095
5541.000 4.046
5542.000 3.927
5543.000 4.097
5544.000 4.052
5545.000 4.189
5546.000 3.941
5547.000 3.836
5548.000 4.073
5549.000 3.961
5550.000 4.060
5551.000 4.024
5552.000 4.086
5553.000 4.048
5554.000 4.075
5555.000 4.008
5556.000 4.024
5557.000 4.016
5558.000 4.026
5559.000 3.976
5560.000 4.025
5561.000 3.961
5562.000 3.954
5563.000 4.075
5564.000 4.052
5565.000 3.973
5566.000 3.866
5567.000 4.025
5568.000 3.918
5569.000 4.091
5570.000 4.061
5571.000 4.043
5572.000 3.962
5573.000 3.883
5574.000 3.937
5575.000 4.040
5576.000 3.987
5577.000 4.021
5578.000 3.912
5579.000 3.960
5580.000 3.913
5581.000 3.996
5582.000 4.049
5583.000 3.946
5584.000 3.953
5585.000 3.961
5586.000 4.002
5587.000 4.104
5588.000 3.955
5589.000 4.046
5590.000 3.946
5591.000 4.012
5592.000 4.013
5593.000 4.002
5594.000 3.962
5595.000 3.964
5596.000 4.000
5597.000 3.996
5598.000 4.081
5599.000 3.865
5600.000 4.121
5601.000 4.078
5602.000 4.031
5603.000 3.924
5604.000 4.069
5605.000 3.921
5606.000 4.106
5607.000 4.050
5608.000 4.035
5609.000 3.966
5610.000 3.910
5611.000 3.971
5612.000 4.007
5613.000 3.933
5614.000 4.022
5615.000 4.001
5616.000 3.967
5617.000 3.877
5618.000 3.970
5619.000 4.080
5620.000 4.023
5621.000 3.934
5622.000 3.951
5623.000 4.046
5624.000 3.817
5625.000 4.000
5626.000 3.995
5627.000 4.000
5628.000 4.046
5629.000 4.073
5630.000 4.018
5631.000 4.007
5632.000 4.023
5633.000 3.991
5634.000 4.012
5635.000 4.073
5636.000 3.894
5637.000 4.032
5638.000 4.080
5639.000 4.069
5640.000 4.137
5641.000 4.023
5642.000 4.074
5643.000 4.043
5644.000 4.023
5645.000 3.917
5646.000 4.085
5647.000 4.006
5648.000 4.009
5649.000 3.959
5650.000 4.015
5651.000 4.068
5652.000 3.976
5653.000 3.939
5654.000 4.036
5655.000 4.066
5656.000 3.970
5657.000 4.001
5658.000 4.041
5659.000 4.020
5660.000 4.005
5661.000 4.036
5662.000 4.025
5663.000 4.165
5664.000 4.141
5665.000 4.027
5666.000 3.955
5667.000 4.023
5668.000 4.033
5669.000 3.960
5670.000 3.933
5671.000 4.139
5672.000 4.015
5673.000 4.112
5674.000 4.140
5675.000 4.077
5676.000 3.981
5677.000 4.127
5678.000 3.965
5679.000 4.090
5680.000 4.034
5681.000 4.105
5682.000 4.086
5683.000 4.092
5684.000 4.065
5685.000 4.203
5686.000 4.162
5687.000 4.153
5688.000 4.077
5689.000 4.203
5690.000 4.167
5691.000 4.028
5692.000 4.111
5693.000 4.197
5694.000 4.126
5695.000 4.122
5696.000 4.114
5697.000 4.026
5698.000 4.075
5699.000 4.210
5700.000 4.121
5701.000 4.006
5702.000 3.981
5703.000 4.188
5704.000 4.136
5705.000 4.161
5706.000 4.235
5707.000 4.252
5708.000 4.022
5709.000 4.022
5710.000 4.167
5711.000 4.135
5712.000 4.239
5713.000 4.249
5714.000 4.213
5715.000 4.215
5716.000 4.239
5717.000 4.158
5718.000 4.224
5719.000 4.319
5720.000 4.126
5721.000 4.291
5722.000 4.211
5723.000 4.293
5724.000 4.145
5725.000 4.204
5726.000 4.087
5727.000 4.226
5728.000 4.249
5729.000 4.196
5730.000 4.196
5731.000 4.300
5732.000 4.230
5733.000 4.105
5734.000 4.268
5735.000 4.236
5736.000 4.319
5737.000 4.160
5738.000 4.167
5739.000 4.186
5740.000 4.197
5741.000 4.298
5742.000 4.341
5743.000 4.202
5744.000 4.403
5745.000 4.441
5746.000 4.327
5747.000 4.316
5748.000 4.264
5749.000 4.191
5750.000 4.416
5751.000 4.205
5752.000 4.367
5753.000 4.271
5754.000 4.448
5755.000 4.332
5756.000 4.368
5757.000 4.330
5758.000 4.280
5759.000 4.340
5760.000 4.279
5761.000 4.397
5762.000 4.409
5763.000 4.362
5764.000 4.430
5765.000 4.364
5766.000 4.214
5767.000 4.562
5768.000 4.390
5769.000 4.566
5770.000 4.401
5771.000 4.318
5772.000 4.470
5773.000 4.455
5774.000 4.358
5775.000 4.576
5776.000 4.454
5777.000 4.515
5778.000 4.656
5779.000 4.637
5780.000 4.502
5781.000 4.534
5782.000 4.395
5783.000 4.403
5784.000 4.462
5785.000 4.508
5786.000 4.472
5787.000 4.662
5788.000 4.548
5789.000 4.698
5790.000 4.466
5791.000 4.423
5792.000 4.524
5793.000 4.609
5794.000 4.502
5795.000 4.642
5796.000 4.733
5797.000 4.708
5798.000 4.736
5799.000 4.629
5800.000 4.587
5801.000 4.525
5802.000 4.554
5803.000 4.769
5804.000 4.627
5805.000 4.497
5806.000 4.790
5807.000 4.651
5808.000 4.724
5809.000 4.763
5810.000 4.648
5811.000 4.780
5812.000 4.734
5813.000 4.625
5814.000 4.771
5815.000 4.751
5816.000 4.792
5817.000 4.677
5818.000 4.748
5819.000 4.879
5820.000 4.830
5821.000 4.674
5822.000 4.811
5823.000 4.784
5824.000 4.888
5825.000 4.642
5826.000 4.735
5827.000 4.774
5828.000 4.869
5829.000 4.940
5830.000 4.908
5831.000 4.899
5832.000 4.781
5833.000 4.915
5834.000 5.025
5835.000 4.930
5836.000 4.852
5837.000 4.947
5838.000 5.043
5839.000 4.962
5840.000 4.873
5841.000 4.928
5842.000 5.094
5843.000 4.783
5844.000 4.945
5845.000 4.885
5846.000 4.946
5847.000 5.016
5848.000 4.974
5849.000 5.017
5850.000 4.992
5851.000 5.020
5852.000 5.214
5853.000 4.972
5854.000 4.974
5855.000 5.023
5856.000 5.030
5857.000 5.206
5858.000 5.122
5859.000 5.077
5860.000 5.008
5861.000 5.137
5862.000 5.321
5863.000 5.202
5864.000 5.259
5865.000 5.091
5866.000 5.107
5867.000 5.274
5868.000 5.212
5869.000 5.312
5870.000 5.212
5871.000 5.122
5872.000 5.212
5873.000 5.230
5874.000 5.411
5875.000 5.311
5876.000 5.262
5877.000 5.299
5878.000 5.406
5879.000 5.378
5880.000 5.350
5881.000 5.324
5882.000 5.404
5883.000 5.313
5884.000 5.418
5885.000 5.433
5886.000 5.394
5887.000 5.419
5888.000 5.417
5889.000 5.555
5890.000 5.493
5891.000 5.496
5892.000 5.602
5893.000 5.715
5894.000 5.565
5895.000 5.542
5896.000 5.635
5897.000 5.717
5898.000 5.550
5899.000 5.683
5900.000 5.490
5901.000 5.536
5902.000 5.624
5903.000 5.601
5904.000 5.789
5905.000 5.872
5906.000 5.716
5907.000 5.717
5908.000 5.707
5909.000 5.752
5910.000 5.840
5911.000 5.863
5912.000 5.762
5913.000 5.914
5914.000 5.861
5915.000 5.892
5916.000 5.965
5917.000 5.902
5918.000 6.019
5919.000 6.000
5920.000 5.924
5921.000 6.091
5922.000 5.991
5923.000 5.973
5924.000 6.087
5925.000 6.045
5926.000 6.048
5927.000 6.007
5928.000 6.160
5929.000 6.031
5930.000 6.063
5931.000 6.181
5932.000 6.175
5933.000 6.208
5934.000 6.242
5935.000 6.199
5936.000 6.364
5937.000 6.214
5938.000 6.376
5939.000 6.214
5940.000 6.316
5941.000 6.267
5942.000 6.260
5943.000 6.378
5944.000 6.213
5945.000 6.397
5946.000 6.474
5947.000 6.450
5948.000 6.569
5949.000 6.446
5950.000 6.419
5951.000 6.562
5952.000 6.643
5953.000 6.539
5954.000 6.686
5955.000 6.656
5956.000 6.642
5957.000 6.724
5958.000 6.679
5959.000 6.800
5960.000 6.748
5961.000 6.789
5962.000 6.798
5963.000 6.878
5964.000 6.811
5965.000 6.876
5966.000 7.038
5967.000 6.820
5968.000 6.851
5969.000 6.996
5970.000 7.033
5971.000 6.904
5972.000 7.097
5973.000 7.113
5974.000 7.641
5975.000 7.392
5976.000 7.146
5977.000 7.130
5978.000 7.589
5979.000 7.515
5980.000 7.404
5981.000 7.306
5982.000 7.318
5983.000 7.345
5984.000 7.435
5985.000 7.430
5986.000 7.355
5987.000 7.521
5988.000 7.421
5989.000 7.520
5990.000 7.482
5991.000 7.570
5992.000 7.484
5993.000 7.746
5994.000 7.561
5995.000 7.663
5996.000 7.801
5997.000 7.842
5998.000 7.868
5999.000 7.923
6000.000 7.850
6001.000 7.928
6002.000 8.018
6003.000 7.955
6004.000 7.902
6005.000 8.128
6006.000 8.116
6007.000 8.044
6008.000 8.217
6009.000 8.338
6010.000 8.375
6011.000 8.290
6012.000 8.403
6013.000 8.345
6014.000 8.324
6015.000 8.430
6016.000 8.388
6017.000 8.453
6018.000 8.724
6019.000 8.497
6020.000 8.692
6021.000 8.680
6022.000 8.762
6023.000 8.873
6024.000 8.985
6025.000 8.751
6026.000 9.052
6027.000 8.957
6028.000 9.117
6029.000 8.852
6030.000 9.192
6031.000 8.950
6032.000 9.148
6033.000 9.199
6034.000 9.239
6035.000 9.151
6036.000 9.412
6037.000 9.299
6038.000 9.460
6039.000 9.633
6040.000 9.454
6041.000 9.462
6042.000 9.792
6043.000 9.670
6044.000 9.694
6045.000 9.413
6046.000 9.818
6047.000 10.051
6048.000 9.903
6049.000 9.959
6050.000 9.994
6051.000 10.176
6052.000 10.114
6053.000 10.235
6054.000 10.205
6055.000 10.330
6056.000 10.336
6057.000 10.393
6058.000 10.566
6059.000 10.617
6060.000 10.666
6061.000 10.736
6062.000 10.785
6063.000 10.719
6064.000 10.688
6065.000 11.084
6066.000 11.015
6067.000 11.203
6068.000 11.148
6069.000 11.193
6070.000 11.317
6071.000 11.482
6072.000 11.430
6073.000 11.509
6074.000 11.477
6075.000 11.819
6076.000 11.852
6077.000 11.739
6078.000 11.902
6079.000 11.963
6080.000 12.087
6081.000 11.999
6082.000 12.302
6083.000 12.242
6084.000 12.265
6085.000 12.321
6086.000 12.721
6087.000 12.610
6088.000 12.661
6089.000 12.764
6090.000 12.949
6091.000 13.051
6092.000 13.202
6093.000 13.167
6094.000 13.158
6095.000 13.505
6096.000 13.534
6097.000 13.538
6098.000 13.715
6099.000 13.780
6100.000 13.999
6101.000 14.070
6102.000 14.079
6103.000 14.244
6104.000 14.139
6105.000 14.731
6106.000 14.443
6107.000 14.618
6108.000 14.809
6109.000 15.112
6110.000 15.255
6111.000 15.386
6112.000 15.647
6113.000 15.508
6114.000 15.701
6115.000 15.870
6116.000 15.932
6117.000 16.014
6118.000 16.197
6119.000 16.264
6120.000 16.989
6121.000 16.848
6122.000 16.739
6123.000 16.948
6124.000 17.144
6125.000 17.293
6126.000 17.419
6127.000 17.730
6128.000 17.776
6129.000 18.064
6130.000 18.194
6131.000 18.431
6132.000 18.582
6133.000 18.965
6134.000 18.988
6135.000 19.301
6136.000 19.539
6137.000 19.722
6138.000 19.991
6139.000 19.999
6140.000 20.767
6141.000 20.795
6142.000 20.987
6143.000 21.015
6144.000 21.246
6145.000 21.908
6146.000 22.022
6147.000 22.155
6148.000 22.451
6149.000 22.814
6150.000 23.289
6151.000 23.449
6152.000 23.851
6153.000 24.278
6154.000 24.427
6155.000 24.875
6156.000 25.297
6157.000 25.581
6158.000 26.136
6159.000 26.291
6160.000 27.030
6161.000 27.340
6162.000 28.000
6163.000 28.521
6164.000 29.008
6165.000 29.360
6166.000 29.686
6167.000 30.504
6168.000 31.317
6169.000 31.565
6170.000 32.403
6171.000 32.894
6172.000 33.844
6173.000 34.635
6174.000 34.979
6175.000 36.033
6176.000 36.520
6177.000 37.705
6178.000 38.860
6179.000 39.350
6180.000 40.662
6181.000 41.343
6182.000 42.536
6183.000 44.065
6184.000 44.774
6185.000 46.379
6186.000 47.292
6187.000 49.237
6188.000 50.109
6189.000 52.185
6190.000 54.241
6191.000 55.403
6192.000 57.917
6193.000 59.121
6194.000 61.679
6195.000 64.557
6196.000 66.242
6197.000 69.436
6198.000 71.148
6199.000 74.932
6200.000 78.522
6201.000 80.513
6202.000 84.946
6203.000 87.185
6204.000 91.264
6205.000 95.539
6206.000 98.076
6207.000 102.406
6208.000 103.811
6209.000 107.721
6210.000 110.777
6211.000 112.032
6212.000 114.067
6213.000 114.487
6214.000 114.736
6215.000 114.667
6216.000 113.584
6217.000 112.851
6218.000 112.420
6219.000 110.658
6220.000 108.209
6221.000 106.709
6222.000 103.639
6223.000 101.725
6224.000 97.916
6225.000 94.296
6226.000 92.300
6227.000 87.890
6228.000 85.899
6229.000 81.800
6230.000 77.765
6231.000 75.649
6232.000 71.996
6233.000 70.104
6234.000 66.797
6235.000 63.634
6236.000 62.107
6237.000 59.266
6238.000 57.828
6239.000 55.246
6240.000 53.011
6241.000 51.946
6242.000 49.750
6243.000 47.917
6244.000 46.814
6245.000 45.187
6246.000 44.289
6247.000 42.783
6248.000 42.137
6249.000 40.736
6250.000 39.376
6251.000 38.739
6252.000 37.635
6253.000 36.866
6254.000 35.891
6255.000 34.999
6256.000 34.413
6257.000 33.458
6258.000 33.117
6259.000 32.166
6260.000 31.324
6261.000 30.987
6262.000 30.319
6263.000 29.852
6264.000 29.367
6265.000 28.605
6266.000 28.409
6267.000 27.765
6268.000 27.262
6269.000 26.816
6270.000 26.379
6271.000 26.111
6272.000 25.551
6273.000 25.313
6274.000 24.754
6275.000 24.626
6276.000 24.337
6277.000 23.987
6278.000 23.672
6279.000 23.185
6280.000 22.780
6281.000 22.677
6282.000 22.304
6283.000 22.109
6284.000 21.760
6285.000 21.488
6286.000 21.298
6287.000 21.081
6288.000 20.911
6289.000 20.731
6290.000 20.282
6291.000 20.251
6292.000 19.924
6293.000 19.828
6294.000 19.718
6295.000 19.358
6296.000 19.240
6297.000 18.989
6298.000 19.046
6299.000 18.584
6300.000 18.489
6301.000 18.416
6302.000 18.103
6303.000 18.055
6304.000 17.714
6305.000 17.640
6306.000 17.585
6307.000 17.447
6308.000 17.165
6309.000 17.094
6310.000 16.954
6311.000 16.821
6312.000 16.712
6313.000 16.638
6314.000 16.405
6315.000 16.404
6316.000 16.322
6317.000 16.007
6318.000 16.025
6319.000 15.762
6320.000 15.686
6321.000 15.705
6322.000 15.525
6323.000 15.375
6324.000 15.286
6325.000 15.272
6326.000 15.153
6327.000 15.010
6328.000 14.727
6329.000 14.863
6330.000 14.564
6331.000 14.567
6332.000 14.399
6333.000 14.343
6334.000 14.167
6335.000 14.276
6336.000 14.237
6337.000 13.983
6338.000 13.849
6339.000 13.775
6340.000 13.755
6341.000 13.593
6342.000 13.519
6343.000 13.392
6344.000 13.328
6345.000 13.257
6346.000 13.168
6347.000 13.210
6348.000 13.036
6349.000 13.122
6350.000 13.133
6351.000 12.722
6352.000 12.775
6353.000 12.633
6354.000 12.685
6355.000 12.426
6356.000 12.327
6357.000 12.491
6358.000 12.317
6359.000 12.311
6360.000 12.288
6361.000 12.188
6362.000 11.998
6363.000 12.016
6364.000 12.041
6365.000 11.925
6366.000 11.853
6367.000 11.778
6368.000 11.811
6369.000 11.585
6370.000 11.585
6371.000 11.463
6372.000 11.472
6373.000 11.451
6374.000 11.258
6375.000 11.470
6376.000 11.192
6377.000 11.309
6378.000 11.261
6379.000 11.115
6380.000 11.126
6381.000 11.028
6382.000 10.985
6383.000 10.853
6384.000 10.969
6385.000 10.932
6386.000 10.822
6387.000 10.666
6388.000 10.666
6389.000 10.604
6390.000 10.646
6391.000 10.605
6392.000 10.454
6393.000 10.545
6394.000 10.457
6395.000 10.577
6396.000 10.369
6397.000 10.313
6398.000 10.352
6399.000 10.155
6400.000 10.287
6401.000 10.141
6402.000 10.226
6403.000 10.137
6404.000 10.073
6405.000 10.077
6406.000 9.995
6407.000 9.900
6408.000 9.960
6409.000 9.889
6410.000 9.953
6411.000 9.876
6412.000 9.917
6413.000 9.783
6414.000 9.880
6415.000 9.875
6416.000 9.662
6417.000 9.771
6418.000 9.690
6419.000 9.614
6420.000 9.733
6421.000 9.530
6422.000 9.624
6423.000 9.617
6424.000 9.563
6425.000 9.601
6426.000 9.613
6427.000 9.525
6428.000 9.440
6429.000 9.441
6430.000 9.317
6431.000 9.521
6432.000 9.396
6433.000 9.284
6434.000 9.319
6435.000 9.360
6436.000 9.400
6437.000 9.198
6438.000 9.362
6439.000 9.072
6440.000 9.334
6441.000 9.242
6442.000 9.325
6443.000 9.110
6444.000 9.157
6445.000 9.225
6446.000 9.221
6447.000 9.162
6448.000 9.129
6449.000 9.072
6450.000 9.243
6451.000 9.228
6452.000 9.254
6453.000 9.030
6454.000 9.111
6455.000 9.096
6456.000 9.003
6457.000 8.992
6458.000 9.104
6459.000 9.165
6460.000 9.054
6461.000 9.169
6462.000 9.043
6463.000 9.248
6464.000 9.135
6465.000 9.044
6466.000 9.045
6467.000 9.152
6468.000 9.083
6470.000 9.115
6471.000 9.154
6472.000 9.166
6473.000 9.201
6474.000 9.167
6475.000 9.177
6476.000 9.134
6477.000 9.219
6478.000 9.173
6479.000 9.258
6480.000 9.278
6481.000 9.341
6482.000 9.375
6483.000 9.300
6484.000 9.339
6485.000 9.434
6486.000 9.378
6487.000 9.465
6488.000 9.432
6489.000 9.512
6490.000 9.655
6491.000 9.573
6492.000 9.584
6493.000 9.698
6494.000 9.760
6495.000 9.740
6496.000 9.674
6497.000 9.849
6498.000 9.797
6499.000 9.949
6500.000 10.134
6501.000 9.968
6502.000 10.205
6503.000 10.194
6504.000 10.145
6505.000 10.267
6506.000 10.437
6507.000 10.434
6508.000 10.569
6509.000 10.686
6510.000 10.895
6511.000 10.820
6512.000 10.974
6513.000 11.261
6514.000 11.245
6515.000 11.426
6516.000 11.453
6517.000 11.654
6518.000 11.940
6519.000 11.922
6520.000 12.252
6521.000 12.419
6522.000 12.515
6523.000 12.949
6524.000 13.163
6525.000 13.453
6526.000 13.654
6527.000 14.041
6528.000 14.430
6529.000 14.857
6530.000 15.295
6531.000 15.569
6532.000 16.117
6533.000 17.005
6534.000 17.375
6535.000 18.339
6536.000 18.728
6537.000 19.930
6538.000 20.657
6539.000 22.049
6540.000 23.811
6541.000 24.799
6542.000 27.028
6543.000 28.379
6544.000 31.226
6545.000 34.232
6546.000 35.911
6547.000 38.670
6548.000 39.819
6549.000 40.853
6550.000 40.523
6551.000 39.765
6552.000 37.731
6553.000 36.274
6554.000 32.497
6555.000 28.319
6556.000 26.864
6557.000 25.334
6558.000 24.795
6559.000 23.812
6560.000 21.831
6561.000 20.408
6562.000 16.949
6563.000 15.077
6564.000 12.503
6565.000 10.547
6566.000 9.828
6567.000 8.406
6568.000 7.699
6569.000 6.875
6570.000 5.965
6571.000 5.599
6572.000 4.967
6573.000 4.680
6574.000 4.059
6575.000 3.554
6576.000 3.359
6577.000 2.967
6578.000 2.688
6579.000 2.498
6580.000 2.244
6581.000 1.906
6582.000 1.719
6583.000 1.630
6584.000 1.378
6585.000 1.209
6586.000 1.099
6587.000 0.841
6588.000 0.720
6589.000 0.569
6590.000 0.330
6591.000 0.331
6592.000 0.320
6593.000 0.174
6594.000 0.156
6595.000 0.171
6596.000 0.357
6597.000 0.481
6598.000 0.377
6599.000 0.582
6600.000 0.612
6601.000 0.670
6602.000 0.866
6603.000 0.831
6604.000 0.966
6605.000 0.887
6606.000 1.065
6607.000 1.158
6608.000 1.064
6609.000 1.163
6610.000 1.207
6611.000 1.242
6612.000 1.411
6613.000 1.430
6614.000 1.332
6615.000 1.406
6616.000 1.548
6617.000 1.581
6618.000 1.635
6619.000 1.657
6620.000 1.603
6621.000 1.710
6622.000 1.613
6623.000 1.817
6624.000 1.836
6625.000 1.880
6626.000 1.725
6627.000 1.835
6628.000 1.834
6629.000 1.873
6630.000 1.937
6631.000 2.092
6632.000 1.973
6633.000 1.989
6634.000 2.047
6635.000 2.051
6636.000 2.041
6637.000 2.169
6638.000 2.069
6639.000 2.011
6640.000 2.253
6641.000 2.201
6642.000 2.266
6643.000 2.284
6644.000 2.230
6645.000 2.250
6646.000 2.246
6647.000 2.199
6648.000 2.328
6649.000 2.348
6650.000 2.313
6651.000 2.507
6652.000 2.352
6654.000 2.452
6655.000 2.441
6656.000 2.380
6657.000 2.478
6658.000 2.552
6659.000 2.599
6660.000 2.495
6661.000 2.561
6662.000 2.523
6663.000 2.447
6664.000 2.599
6665.000 2.485
6666.000 2.549
6667.000 2.358
6668.000 2.562
6669.000 2.613
6670.000 2.651
6671.000 2.610
6672.000 2.562
6673.000 2.609
6675.000 2.621
6676.000 2.689
6677.000 2.713
6679.000 2.674
6681.000 2.675
6682.000 2.556
6683.000 2.686
6684.000 2.584
6685.000 2.642
6686.000 2.714
6687.000 2.811
6688.000 2.717
6689.000 2.903
6690.000 2.801
6691.000 2.686
6692.000 2.773
6693.000 2.832
6694.000 2.760
6696.000 2.709
6697.000 2.886
6698.000 2.874
6699.000 2.803
6700.000 2.826
6701.000 2.720
6702.000 2.801
6703.000 2.737
6704.000 2.838
6705.000 2.857
6706.000 2.863
6707.000 2.782
6708.000 2.863
6709.000 2.791
6710.000 2.874
6711.000 2.892
6712.000 2.942
6713.000 2.881
6714.000 2.952
6715.000 2.762
6716.000 2.917
6717.000 2.857
6718.000 2.901
6719.000 2.855
6720.000 2.945
6721.000 2.853
6722.000 2.941
6723.000 2.870
6724.000 2.955
6725.000 2.936
6726.000 3.000
6727.000 2.872
6728.000 2.995
6729.000 2.943
6730.000 2.818
6731.000 2.872
6732.000 2.984
6733.000 3.059
6734.000 2.878
6735.000 2.969
6736.000 2.948
6737.000 2.896
6738.000 2.956
6739.000 2.973
6740.000 3.014
6741.000 2.975
6742.000 2.833
6743.000 2.844
6744.000 2.862
6745.000 2.966
6747.000 3.028
6748.000 2.916
6750.000 2.907
6751.000 2.969
6752.000 2.938
6754.000 2.898
6755.000 3.036
6756.000 2.983
6758.000 2.978
6759.000 2.944
6760.000 3.160
6761.000 2.915
6762.000 2.995
6763.000 3.070
6764.000 3.112
6765.000 3.022
6766.000 3.027
6767.000 3.063
6768.000 3.007
6769.000 3.102
6770.000 3.040
6771.000 3.090
6772.000 2.993
6773.000 3.096
6774.000 3.019
6775.000 3.058
6776.000 3.032
6777.000 3.140
6778.000 2.979
6779.000 3.021
6780.000 3.027
6781.000 2.909
6782.000 2.869
6783.000 3.083
6784.000 2.962
6785.000 3.089
6786.000 2.948
6787.000 3.045
6788.000 3.022
6789.000 2.987
6790.000 3.026
6791.000 3.007
6792.000 3.054
6793.000 3.000
6794.000 3.157
6795.000 3.053
6796.000 3.034
6797.000 3.060
6798.000 3.021
6799.000 3.172
6800.000 3.135
6801.000 3.206
6802.000 2.985
6803.000 3.030
6804.000 3.080
6805.000 3.133
6806.000 3.154
6807.000 3.180
6808.000 3.046
6809.000 3.163
6810.000 3.112
6811.000 3.237
6812.000 3.237
6813.000 3.069
6814.000 3.157
6815.000 3.063
6816.000 3.214
6817.000 3.176
6818.000 3.180
6819.000 3.171
6820.000 3.206
6821.000 3.092
6822.000 3.164
6823.000 3.083
6824.000 3.025
6825.000 3.109
6826.000 3.095
6827.000 3.202
6828.000 3.114
6829.000 3.138
6830.000 3.226
6831.000 3.125
6832.000 3.198
6833.000 3.089
6834.000 3.255
6835.000 3.271
6836.000 3.238
6837.000 3.211
6838.000 3.281
6839.000 3.113
6840.000 3.250
6841.000 3.245
6842.000 3.185
6843.000 3.116
6844.000 3.167
6845.000 3.272
6846.000 3.184
6847.000 3.287
6848.000 3.162
6849.000 3.269
6850.000 3.249
6851.000 3.292
6852.000 3.184
6853.000 3.245
6854.000 3.319
6855.000 3.206
6856.000 3.195
6857.000 3.325
6858.000 3.300
6859.000 3.275
6860.000 3.375
6861.000 3.291
6862.000 3.265
6863.000 3.248
6864.000 3.350
6865.000 3.327
6866.000 3.303
6867.000 3.215
6868.000 3.356
6869.000 3.223
6870.000 3.216
6871.000 3.303
6872.000 3.184
6873.000 3.250
6874.000 3.234
6875.000 3.358
6876.000 3.261
6877.000 3.361
6878.000 3.237
6879.000 3.227
6880.000 3.402
6881.000 3.454
6882.000 3.346
6883.000 3.297
6884.000 3.429
6885.000 3.203
6886.000 3.302
6887.000 3.228
6888.000 3.376
6889.000 3.299
6890.000 3.350
6891.000 3.280
6892.000 3.334
6893.000 3.379
6894.000 3.358
6895.000 3.351
6896.000 3.235
6897.000 3.402
6898.000 3.232
6899.000 3.461
6900.000 3.319
6901.000 3.321
6902.000 3.406
6903.000 3.327
6904.000 3.374
6905.000 3.285
6906.000 3.402
6907.000 3.392
6908.000 3.342
6909.000 3.387
6910.000 3.566
6911.000 3.474
6912.000 3.427
6913.000 3.476
6914.000 3.352
6915.000 3.463
6916.000 3.503
6917.000 3.356
6918.000 3.499
6919.000 3.497
6920.000 3.419
6921.000 3.339
6922.000 3.358
6923.000 3.467
6924.000 3.485
6925.000 3.484
6926.000 3.363
6927.000 3.354
6928.000 3.445
6929.000 3.380
6930.000 3.422
6931.000 3.462
6932.000 3.528
6933.000 3.483
6934.000 3.370
6935.000 3.482
6936.000 3.493
6937.000 3.554
6938.000 3.547
6939.000 3.509
6940.000 3.445
6941.000 3.497
6942.000 3.538
6943.000 3.396
6944.000 3.586
6945.000 3.557
6946.000 3.411
6947.000 3.575
6948.000 3.450
6949.000 3.542
6950.000 3.571
6951.000 3.644
6952.000 3.589
6953.000 3.475
6954.000 3.572
6955.000 3.611
6956.000 3.582
6957.000 3.572
6958.000 3.566
6959.000 3.545
6960.000 3.590
6961.000 3.665
6962.000 3.596
6963.000 3.531
6964.000 3.588
6965.000 3.596
6966.000 3.523
6967.000 3.575
6968.000 3.625
6969.000 3.560
6970.000 3.572
6971.000 3.726
6972.000 3.691
6973.000 3.686
6974.000 3.725
6975.000 3.708
6976.000 3.755
6977.000 3.600
6978.000 3.656
6979.000 3.769
6980.000 3.781
6981.000 3.801
6982.000 3.659
6983.000 3.762
6984.000 3.690
6985.000 3.688
6986.000 3.799
6987.000 3.697
6988.000 3.645
6989.000 3.683
6990.000 3.767
6991.000 3.856
6992.000 3.734
6993.000 3.732
6994.000 3.710
6995.000 3.746
6996.000 3.744
6997.000 3.941
6998.000 3.759
6999.000 3.716
7000.000 3.787
