105.000 6.934
110.000 4.929
115.000 9.323
120.000 3.767
125.000 4.139
130.000 4.354
135.000 7.403
140.000 3.633
145.000 7.083
150.000 3.690
155.000 9.976
160.000 9.656
165.000 5.413
170.000 7.514
175.000 4.195
180.000 6.133
185.000 9.777
190.000 7.452
195.000 3.266
200.000 4.397
205.000 3.060
210.000 2.890
215.000 6.596
220.000 4.687
225.000 7.091
230.000 3.479
235.000 5.561
240.000 3.235
245.000 4.153
250.000 2.382
255.000 2.229
260.000 2.655
265.000 2.059
270.000 3.607
275.000 3.396
280.000 1.329
285.000 2.260
290.000 1.746
295.000 2.169
300.000 2.064
305.000 1.869
310.000 3.112
315.000 1.543
320.000 3.237
325.000 2.710
330.000 3.308
335.000 3.503
340.000 2.827
345.000 2.393
350.000 2.452
355.000 2.816
360.000 2.794
365.000 2.849
370.000 3.220
375.000 2.672
380.000 2.477
385.000 2.703
390.000 2.429
395.000 2.272
400.000 3.079
405.000 3.942
410.000 3.481
415.000 3.734
420.000 3.674
425.000 3.595
430.000 4.030
435.000 3.946
440.000 3.970
445.000 4.613
450.000 4.809
455.000 5.588
460.000 5.215
465.000 4.528
470.000 4.925
475.000 5.229
480.000 6.836
485.000 4.328
490.000 3.607
495.000 3.883
500.000 3.457
505.000 3.128
510.000 3.011
515.000 2.000
520.000 2.419
525.000 2.537
530.000 2.426
535.000 2.415
540.000 1.926
545.000 2.062
550.000 1.867
555.000 1.879
560.000 1.585
565.000 2.086
570.000 1.229
575.000 1.923
580.000 1.038
585.000 1.531
590.000 1.175
595.000 1.419
600.000 1.397
605.000 1.113
610.000 1.279
615.000 1.400
620.000 1.179
625.000 1.182
630.000 0.842
635.000 1.580
640.000 1.719
645.000 1.002
650.000 0.591
655.000 0.993
660.000 0.607
665.000 1.165
670.000 1.186
675.000 0.526
680.000 1.119
685.000 0.937
690.000 0.773
695.000 0.828
700.000 1.039
705.000 0.845
710.000 0.752
715.000 0.612
720.000 0.647
725.000 1.049
730.000 0.808
735.000 0.647
740.000 0.977
745.000 0.970
750.000 0.942
755.000 0.567
760.000 1.141
765.000 0.795
770.000 0.550
775.000 0.849
780.000 1.217
785.000 0.734
790.000 0.981
795.000 0.826
800.000 1.136
805.000 0.430
810.000 0.483
815.000 0.373
820.000 0.610
825.000 0.264
830.000 0.592
835.000 0.371
840.000 0.470
845.000 0.428
850.000 0.274
855.000 0.316
860.000 0.351
865.000 0.403
870.000 0.666
875.000 0.384
880.000 0.612
885.000 0.710
890.000 0.337
895.000 0.508
900.000 0.359
905.000 0.356
910.000 0.271
915.000 0.228
920.000 0.279
925.000 0.337
930.000 0.360
935.000 0.531
940.000 0.357
945.000 0.356
950.000 0.372
955.000 0.316
960.000 0.590
965.000 0.314
970.000 0.416
975.000 0.784
980.000 0.296
985.000 0.260
990.000 0.552
995.000 0.293
1000.000 0.299
1005.000 0.240
1010.000 0.221
1015.000 0.277
1020.000 0.232
1025.000 0.374
1030.000 0.444
1035.000 0.334
1040.000 0.332
1045.000 0.367
1050.000 0.285
1055.000 0.297
1060.000 0.370
1065.000 0.255
1070.000 0.318
1075.000 0.222
1080.000 0.259
1085.000 0.393
1090.000 0.358
1095.000 0.528
1100.000 0.207
1105.000 0.222
1110.000 0.386
1115.000 0.233
1120.000 0.373
1125.000 0.363
1130.000 0.294
1135.000 0.586
1140.000 0.330
1145.000 0.461
1150.000 0.280
1155.000 0.421
1160.000 0.257
1165.000 0.278
1170.000 0.325
1175.000 0.421
1180.000 0.412
1185.000 0.261
1190.000 0.356
1195.000 0.262
1200.000 0.319
1205.000 0.260
1210.000 0.302
1215.000 0.357
1220.000 0.310
1225.000 0.318
1230.000 0.352
1235.000 0.228
1240.000 0.367
1245.000 0.321
1250.000 0.383
1255.000 0.267
1260.000 0.468
1265.000 0.466
1270.000 0.343
1275.000 0.334
1280.000 0.293
1285.000 0.435
1290.000 0.438
1295.000 0.290
1300.000 0.388
1305.000 0.370
1310.000 0.469
1315.000 0.388
1320.000 0.299
1325.000 0.453
1330.000 0.430
1335.000 0.449
1340.000 0.487
1345.000 0.288
1350.000 0.551
1355.000 0.499
1360.000 0.435
1365.000 0.265
1370.000 0.433
1375.000 0.400
1380.000 0.363
1385.000 0.433
1390.000 0.328
1395.000 0.275
1400.000 0.553
1405.000 0.363
1410.000 0.433
1415.000 0.493
1420.000 0.438
1425.000 0.381
1430.000 0.503
1435.000 0.403
1440.000 0.602
1445.000 0.363
1450.000 0.506
1455.000 0.350
1460.000 0.473
1465.000 0.576
1470.000 0.661
1475.000 0.486
1480.000 0.754
1485.000 0.455
1490.000 0.397
1495.000 0.586
1500.000 0.493
1505.000 0.398
1510.000 0.444
1515.000 0.524
1520.000 0.780
1525.000 0.501
1530.000 0.788
1535.000 0.655
1540.000 0.646
1545.000 0.630
1550.000 0.752
1555.000 0.648
1560.000 0.458
1565.000 0.504
1570.000 0.778
1575.000 0.629
1580.000 0.629
1585.000 0.620
1590.000 0.945
1595.000 0.870
1600.000 0.754
1605.000 0.795
1610.000 0.839
1615.000 0.866
1620.000 1.095
1625.000 0.818
1630.000 0.954
1635.000 0.928
1640.000 1.088
1645.000 0.850
1650.000 0.812
1655.000 0.970
1660.000 1.094
1665.000 0.982
1670.000 1.013
1675.000 1.154
1680.000 1.317
1685.000 0.959
1690.000 1.170
1695.000 1.086
1700.000 1.210
1705.000 1.203
1710.000 1.154
1715.000 1.339
1720.000 1.291
1725.000 1.188
1730.000 1.335
1735.000 1.403
1740.000 1.348
1745.000 1.303
1750.000 1.523
1755.000 1.553
1760.000 1.621
1765.000 1.544
1770.000 1.575
1775.000 1.665
1780.000 1.695
1785.000 1.743
1790.000 1.812
1795.000 1.745
1800.000 1.714
1805.000 1.707
1810.000 1.803
1815.000 1.731
1820.000 1.838
1825.000 2.046
1830.000 1.899
1835.000 1.889
1840.000 2.073
1845.000 2.244
1850.000 2.135
1855.000 2.094
1860.000 2.193
1865.000 2.044
1870.000 2.233
1875.000 2.202
1880.000 2.015
1885.000 2.263
1890.000 2.102
1895.000 2.306
1900.000 2.199
1905.000 2.142
1910.000 2.260
1915.000 2.358
1920.000 2.323
1925.000 2.107
1930.000 2.012
1935.000 2.016
1940.000 2.121
1945.000 2.335
1950.000 2.096
1955.000 2.046
1960.000 1.997
1965.000 2.147
1970.000 2.075
1975.000 1.998
1980.000 1.836
1985.000 2.069
1990.000 1.805
1995.000 1.896
2000.000 2.045
2005.000 1.856
2010.000 1.881
2015.000 1.835
2020.000 1.908
2025.000 1.717
2030.000 1.850
2035.000 1.712
2040.000 1.843
2045.000 1.827
2050.000 1.882
2055.000 1.789
2060.000 1.732
2065.000 1.896
2070.000 1.690
2075.000 1.740
2080.000 1.881
2085.000 1.831
2090.000 1.600
2095.000 1.897
2100.000 1.779
2105.000 1.814
2110.000 1.821
2115.000 1.919
2120.000 1.666
2125.000 1.968
2130.000 1.889
2135.000 1.778
2140.000 1.971
2145.000 1.966
2150.000 1.929
2155.000 1.657
2160.000 1.801
2165.000 2.068
2170.000 1.972
2175.000 1.903
2180.000 1.870
2185.000 2.133
2190.000 1.905
2195.000 1.977
2200.000 2.052
2205.000 2.233
2210.000 2.105
2215.000 2.278
2220.000 2.393
2225.000 2.373
2230.000 2.278
2235.000 2.478
2240.000 2.607
2245.000 2.550
2250.000 2.697
2255.000 3.042
2260.000 3.030
2265.000 4.053
2270.000 3.161
2275.000 4.327
2280.000 3.531
2285.000 4.515
2290.000 4.249
2295.000 3.725
2300.000 19.247
2305.000 41.915
2310.000 31.981
2315.000 12.223
2320.000 8.358
2325.000 5.843
2330.000 3.939
2335.000 2.766
2340.000 2.714
2345.000 2.025
2350.000 2.749
2355.000 1.790
2360.000 1.676
2365.000 1.357
2370.000 1.180
2375.000 0.946
2380.000 1.489
2385.000 1.139
2390.000 0.737
2395.000 0.855
2400.000 0.833
2405.000 0.933
2410.000 0.570
2415.000 0.615
2420.000 0.364
2425.000 0.441
2430.000 0.563
2435.000 0.479
2440.000 0.211
2445.000 0.552
2450.000 0.125
2455.000 0.187
2460.000 0.828
2465.000 1.028
2470.000 0.945
2475.000 0.956
2480.000 0.247
2485.000 0.256
2490.000 0.289
2495.000 0.345
2500.000 0.318
2505.000 0.301
2510.000 0.198
2515.000 0.188
2520.000 0.267
2525.000 0.272
2530.000 0.152
2535.000 0.328
2540.000 0.149
2545.000 0.200
2550.000 0.263
2555.000 0.238
2560.000 0.230
2565.000 0.224
2570.000 0.232
2575.000 0.370
2580.000 0.178
2585.000 0.241
2590.000 0.362
2595.000 0.233
2600.000 0.348
2605.000 0.343
2610.000 0.284
2615.000 0.274
2620.000 0.276
2625.000 0.244
2630.000 0.378
2635.000 0.183
2640.000 0.202
2645.000 0.186
2650.000 0.287
2655.000 0.279
2660.000 0.170
2665.000 0.422
2670.000 0.344
2675.000 0.367
2680.000 0.245
2685.000 0.288
2690.000 0.274
2695.000 0.279
2700.000 0.264
2705.000 0.221
2710.000 0.337
2715.000 0.266
2720.000 0.291
2725.000 0.317
2730.000 0.312
2735.000 0.253
2740.000 0.285
2745.000 0.283
2750.000 0.238
2755.000 0.434
2760.000 0.400
2765.000 0.460
2770.000 0.418
2775.000 0.402
2780.000 0.345
2785.000 0.452
2790.000 0.522
2795.000 0.482
2800.000 0.584
2805.000 0.596
2810.000 0.525
2815.000 0.587
2820.000 0.545
2825.000 0.583
2830.000 0.686
2835.000 0.578
2840.000 0.670
2845.000 0.668
2850.000 0.728
2855.000 0.728
2860.000 0.696
2865.000 0.663
2870.000 0.767
2875.000 0.764
2880.000 0.889
2885.000 0.898
2890.000 0.882
2895.000 0.908
2900.000 0.844
2905.000 0.964
2910.000 1.136
2915.000 1.159
2920.000 1.095
2925.000 1.041
2930.000 1.053
2935.000 1.100
2940.000 1.179
2945.000 1.191
2950.000 1.068
2955.000 1.190
2960.000 1.268
2965.000 1.438
2970.000 1.245
2975.000 1.278
2980.000 1.320
2985.000 1.332
2990.000 1.449
2995.000 1.352
3000.000 1.482
3005.000 1.418
3010.000 1.591
3015.000 1.284
3020.000 1.536
3025.000 1.489
3030.000 1.516
3035.000 1.422
3040.000 1.488
3045.000 1.546
3050.000 1.604
3055.000 1.482
3060.000 1.470
3065.000 1.583
3070.000 1.501
3075.000 1.466
3080.000 1.519
3085.000 1.273
3090.000 1.489
3095.000 1.544
3100.000 1.541
3105.000 1.659
3110.000 1.474
3115.000 1.627
3120.000 1.525
3125.000 1.678
3130.000 1.691
3135.000 1.646
3140.000 1.513
3145.000 1.674
3150.000 1.713
3155.000 1.708
3160.000 1.727
3165.000 1.694
3170.000 1.691
3175.000 1.696
3180.000 1.835
3185.000 1.755
3190.000 1.722
3195.000 1.733
3200.000 1.829
3205.000 1.828
3210.000 1.872
3215.000 1.754
3220.000 1.774
3225.000 1.883
3230.000 1.825
3235.000 2.043
3240.000 1.957
3245.000 1.877
3250.000 1.914
3255.000 1.881
3260.000 2.006
3265.000 2.049
3270.000 1.958
3275.000 2.145
3280.000 2.125
3285.000 2.043
3290.000 2.173
3295.000 2.118
3300.000 2.167
3305.000 2.081
3310.000 2.272
3315.000 2.177
3320.000 2.099
3325.000 2.053
3330.000 2.259
3335.000 2.251
3340.000 2.375
3345.000 2.218
3350.000 2.340
3355.000 2.522
3360.000 2.409
3365.000 2.477
3370.000 2.526
3375.000 2.575
3380.000 2.604
3385.000 2.535
3390.000 2.657
3395.000 2.602
3400.000 2.779
3405.000 2.702
3410.000 2.834
3415.000 2.816
3420.000 2.872
3425.000 2.838
3430.000 2.918
3435.000 2.998
3440.000 3.098
3445.000 3.285
3450.000 3.212
3455.000 3.318
3460.000 3.395
3465.000 3.288
3470.000 3.454
3475.000 3.593
3480.000 3.581
3485.000 3.891
3490.000 3.778
3495.000 3.913
3500.000 3.942
3505.000 4.100
3510.000 4.286
3515.000 4.372
3520.000 4.503
3525.000 4.455
3530.000 4.804
3535.000 4.899
3540.000 5.102
3545.000 5.216
3550.000 5.384
3555.000 5.698
3560.000 5.831
3565.000 6.032
3570.000 6.370
3575.000 6.667
3580.000 6.999
3585.000 7.399
3590.000 7.606
3595.000 8.101
3600.000 8.368
3605.000 8.929
3610.000 9.685
3615.000 10.190
3620.000 11.056
3625.000 11.477
3630.000 12.649
3635.000 14.437
3640.000 15.187
3645.000 17.373
3650.000 18.561
3655.000 22.093
3660.000 27.219
3665.000 30.604
3670.000 40.514
3675.000 47.516
3680.000 67.917
3685.000 85.828
3690.000 81.836
3695.000 70.676
3700.000 69.678
3705.000 46.033
3710.000 32.984
3715.000 29.044
3720.000 23.371
3725.000 21.235
3730.000 18.232
3735.000 15.692
3740.000 14.819
3745.000 13.034
3750.000 12.481
3755.000 11.411
3760.000 10.388
3765.000 9.866
3770.000 9.080
3775.000 8.795
3780.000 8.386
3785.000 7.774
3790.000 7.586
3795.000 7.184
3800.000 6.886
3805.000 6.526
3810.000 6.294
3815.000 6.028
3820.000 5.816
3825.000 5.625
3830.000 5.440
3835.000 5.347
3840.000 5.170
3845.000 4.780
3850.000 4.730
3855.000 4.744
3860.000 4.468
3865.000 4.341
3870.000 4.172
3875.000 4.207
3880.000 4.148
3885.000 4.058
3890.000 3.669
3895.000 3.621
3900.000 3.709
3905.000 3.576
3910.000 3.639
3915.000 3.338
3920.000 3.302
3925.000 3.241
3930.000 3.202
3935.000 3.068
3940.000 2.895
3945.000 2.838
3950.000 2.919
3955.000 2.910
3960.000 2.859
3965.000 2.725
3970.000 2.606
3975.000 2.655
3980.000 2.491
3985.000 2.630
3990.000 2.416
3995.000 2.468
4000.000 2.258
4005.000 2.276
4010.000 2.364
4015.000 2.353
4020.000 2.335
4025.000 2.331
4030.000 2.292
4035.000 2.131
4040.000 2.222
4045.000 2.316
4050.000 2.263
4055.000 2.188
4060.000 2.139
4065.000 2.144
4070.000 2.147
4075.000 1.998
4080.000 2.215
4085.000 1.989
4090.000 1.959
4095.000 1.910
4100.000 2.020
4105.000 1.955
4110.000 1.998
4115.000 1.983
4120.000 1.809
4125.000 1.943
4130.000 1.932
4135.000 1.802
4140.000 1.905
4145.000 1.747
4150.000 1.824
4155.000 1.671
4160.000 1.850
4165.000 1.840
4170.000 1.827
4175.000 1.666
4180.000 1.737
4185.000 1.808
4190.000 1.883
4195.000 1.782
4200.000 1.682
4205.000 1.717
4210.000 1.767
4215.000 1.677
4220.000 1.693
4225.000 1.657
4230.000 1.674
4235.000 1.707
4240.000 1.733
4245.000 1.642
4250.000 1.631
4255.000 1.689
4260.000 1.738
4265.000 1.474
4270.000 1.622
4275.000 1.606
4280.000 1.669
4285.000 1.570
4290.000 1.591
4295.000 1.705
4300.000 1.594
4305.000 1.604
4310.000 1.729
4315.000 1.458
4320.000 1.691
4325.000 1.585
4330.000 1.719
4335.000 1.723
4340.000 1.642
4345.000 1.582
4350.000 1.684
4355.000 1.699
4360.000 1.595
4365.000 1.781
4370.000 1.548
4375.000 1.625
4380.000 1.593
4385.000 1.596
4390.000 1.636
4395.000 1.710
4400.000 1.678
4405.000 1.597
4410.000 1.711
4415.000 1.594
4420.000 1.741
4425.000 1.762
4430.000 1.755
4435.000 1.678
4440.000 1.600
4445.000 1.723
4450.000 1.779
4455.000 1.761
4460.000 1.642
4465.000 1.672
4470.000 1.667
4475.000 1.889
4480.000 1.823
4485.000 1.820
4490.000 1.693
4495.000 1.776
4500.000 1.869
4505.000 1.831
4510.000 1.781
4515.000 1.718
4520.000 1.911
4525.000 1.902
4530.000 1.930
4535.000 2.064
4540.000 1.955
4545.000 1.969
4550.000 2.018
4555.000 2.133
4560.000 2.073
4565.000 2.180
4570.000 2.112
4575.000 2.055
4580.000 2.153
4585.000 2.254
4590.000 2.178
4595.000 2.259
4600.000 2.272
4605.000 2.258
4610.000 2.377
4615.000 2.511
4620.000 2.450
4625.000 2.428
4630.000 2.513
4635.000 2.514
4640.000 2.623
4645.000 2.463
4650.000 2.496
4655.000 2.593
4660.000 2.719
4665.000 2.666
4670.000 2.707
4675.000 2.886
4680.000 2.920
4685.000 2.994
4690.000 2.933
4695.000 2.801
4700.000 3.082
4705.000 3.116
4710.000 3.133
4715.000 3.209
4720.000 3.348
4725.000 3.203
4730.000 3.500
4735.000 3.285
4740.000 3.501
4745.000 3.434
4750.000 3.655
4755.000 3.531
4760.000 3.556
4765.000 3.737
4770.000 3.591
4775.000 3.951
4780.000 3.807
4785.000 4.136
4790.000 3.960
4795.000 4.157
4800.000 4.150
4805.000 4.311
4810.000 4.206
4815.000 4.410
4820.000 4.523
4825.000 4.663
4830.000 4.856
4835.000 4.867
4840.000 4.936
4845.000 5.246
4850.000 5.246
4855.000 5.341
4860.000 5.715
4865.000 5.874
4870.000 5.911
4875.000 6.316
4880.000 6.676
4885.000 6.739
4890.000 7.202
4895.000 7.528
4900.000 8.028
4905.000 8.633
4910.000 8.892
4915.000 9.645
4920.000 10.243
4925.000 11.575
4930.000 13.252
4935.000 14.200
4940.000 17.313
4945.000 19.566
4950.000 26.564
4955.000 38.376
4960.000 41.399
4965.000 11.944
4970.000 31.316
4975.000 51.877
4980.000 72.404
4985.000 68.606
4990.000 35.483
4995.000 25.444
5000.000 18.723
5005.000 14.693
5010.000 12.883
5015.000 11.121
5020.000 10.178
5025.000 8.621
5030.000 8.066
5035.000 7.090
5040.000 6.338
5045.000 6.021
5050.000 5.478
5055.000 5.077
5060.000 4.747
5065.000 4.394
5070.000 4.280
5075.000 3.875
5080.000 3.706
5085.000 3.321
5090.000 3.237
5095.000 2.962
5100.000 3.031
5105.000 2.783
5110.000 2.637
5115.000 2.467
5120.000 2.399
5125.000 2.277
5130.000 2.125
5135.000 2.071
5140.000 1.892
5145.000 1.897
5150.000 1.839
5155.000 1.700
5160.000 1.652
5165.000 1.665
5170.000 1.516
5175.000 1.441
5180.000 1.476
5185.000 1.428
5190.000 1.251
5195.000 1.259
5200.000 1.327
5205.000 1.143
5210.000 1.172
5215.000 1.048
5220.000 1.113
5225.000 1.040
5230.000 0.839
5235.000 0.957
5240.000 0.881
5245.000 1.014
5250.000 0.801
5255.000 0.795
5260.000 0.894
5265.000 0.720
5270.000 0.730
5275.000 0.777
5280.000 0.836
5285.000 0.760
5290.000 0.636
5295.000 0.701
5300.000 0.713
5305.000 0.576
5310.000 0.573
5315.000 0.680
5320.000 0.563
5325.000 0.629
5330.000 0.490
5335.000 0.395
5340.000 0.337
5345.000 0.414
5350.000 0.424
5355.000 0.355
5360.000 0.387
5365.000 0.558
5370.000 0.345
5375.000 0.305
5380.000 0.471
5385.000 0.349
5390.000 0.384
5395.000 0.243
5400.000 0.320
5405.000 0.290
5410.000 0.270
5415.000 0.379
5420.000 0.340
5425.000 0.097
5430.000 0.303
5435.000 0.214
5440.000 0.165
5445.000 0.225
5450.000 0.217
5455.000 0.242
5460.000 0.223
5465.000 0.140
5470.000 0.198
5475.000 0.217
5480.000 0.201
5485.000 0.232
5490.000 0.108
5495.000 0.162
5500.000 0.137
5505.000 0.220
5510.000 0.187
5515.000 0.147
5520.000 0.168
5525.000 0.255
5530.000 0.276
5535.000 0.185
5540.000 0.285
5545.000 0.201
5550.000 0.146
5555.000 0.290
5560.000 0.205
5565.000 0.175
5570.000 0.229
5575.000 0.392
5580.000 0.285
5585.000 0.322
5590.000 0.222
5595.000 0.290
5600.000 0.239
5605.000 0.282
5610.000 0.343
5615.000 0.409
5620.000 0.206
5625.000 0.324
5630.000 0.308
5635.000 0.259
5640.000 0.405
5645.000 0.405
5650.000 0.282
5655.000 0.350
5660.000 0.494
5665.000 0.386
5670.000 0.352
5675.000 0.447
5680.000 0.516
5685.000 0.492
5690.000 0.452
5695.000 0.369
5700.000 0.376
5705.000 0.489
5710.000 0.416
5715.000 0.439
5720.000 0.516
5725.000 0.608
5730.000 0.412
5735.000 0.465
5740.000 0.539
5745.000 0.496
5750.000 0.663
5755.000 0.627
5760.000 0.726
5765.000 0.612
5770.000 0.661
5775.000 0.647
5780.000 0.679
5785.000 0.651
5790.000 0.696
5795.000 0.742
5800.000 0.582
5805.000 0.681
5810.000 0.706
5815.000 0.824
5820.000 0.647
5825.000 0.795
5830.000 0.833
5835.000 0.888
5840.000 0.863
5845.000 0.826
5850.000 0.934
5855.000 0.862
5860.000 1.014
5865.000 0.921
5870.000 0.982
5875.000 1.023
5880.000 1.005
5885.000 1.086
5890.000 1.051
5895.000 1.173
5900.000 1.197
5905.000 1.130
5910.000 1.140
5915.000 1.111
5920.000 1.164
5925.000 1.201
5930.000 1.310
5935.000 1.301
5940.000 1.349
5945.000 1.366
5950.000 1.388
5955.000 1.418
5960.000 1.475
5965.000 1.510
5970.000 1.563
5975.000 1.651
5980.000 1.615
5985.000 1.767
5990.000 1.728
5995.000 1.951
6000.000 1.867
6005.000 1.819
6010.000 2.026
6015.000 1.895
6020.000 1.991
6025.000 2.072
6030.000 2.164
6035.000 2.157
6040.000 2.244
6045.000 2.339
6050.000 2.582
6055.000 2.640
6060.000 2.646
6065.000 2.700
6070.000 2.897
6075.000 3.014
6080.000 3.123
6085.000 3.322
6090.000 3.438
6095.000 3.556
6100.000 3.808
6105.000 3.992
6110.000 4.194
6115.000 4.428
6120.000 4.658
6125.000 5.070
6130.000 5.267
6135.000 5.704
6140.000 5.807
6145.000 6.530
6150.000 7.009
6155.000 7.517
6160.000 8.302
6165.000 8.837
6170.000 10.025
6175.000 11.513
6180.000 12.085
6185.000 14.461
6190.000 16.067
6195.000 19.517
6200.000 21.906
6205.000 27.473
6210.000 34.281
6215.000 37.513
6220.000 41.953
6225.000 42.364
6230.000 37.590
6235.000 27.332
6240.000 24.392
6245.000 19.666
6250.000 17.746
6255.000 15.150
6260.000 13.035
6265.000 12.077
6270.000 10.653
6275.000 9.963
6280.000 8.984
6285.000 8.123
6290.000 7.803
6295.000 7.222
6300.000 6.906
6305.000 6.517
6310.000 5.959
6315.000 5.893
6320.000 5.474
6325.000 5.257
6330.000 5.097
6335.000 4.814
6340.000 4.852
6345.000 4.390
6350.000 4.567
6355.000 4.126
6360.000 4.186
6365.000 4.040
6370.000 3.970
6375.000 3.921
6380.000 3.697
6385.000 3.553
6390.000 3.577
6395.000 3.431
6400.000 3.380
6405.000 3.375
6410.000 3.215
6415.000 3.186
6420.000 3.278
6425.000 3.119
6430.000 3.103
6435.000 3.024
6440.000 3.004
6445.000 2.932
6450.000 2.930
6455.000 3.015
6460.000 2.851
6465.000 2.907
6470.000 2.895
6475.000 2.883
6480.000 2.823
6485.000 2.937
6490.000 2.873
6495.000 3.039
6500.000 2.982
6505.000 2.872
6510.000 2.970
6515.000 3.142
6520.000 3.157
6525.000 3.261
6530.000 3.635
6535.000 3.710
6540.000 4.553
6545.000 5.431
6550.000 4.834
6555.000 4.812
6560.000 12.035
6565.000 9.736
6570.000 2.334
6575.000 1.083
6580.000 0.367
6585.000 0.372
6590.000 0.663
6595.000 0.824
6600.000 0.966
6605.000 1.052
6610.000 0.968
6615.000 1.233
6620.000 1.195
6625.000 1.006
6630.000 1.365
6635.000 1.315
6640.000 1.339
6645.000 1.326
6650.000 1.308
6655.000 1.446
6660.000 1.381
6665.000 1.297
6670.000 1.342
6675.000 1.377
6680.000 1.245
6685.000 1.333
6690.000 1.402
6695.000 1.386
6700.000 1.335
6705.000 1.419
6710.000 1.382
6715.000 1.443
6720.000 1.382
6725.000 1.403
6730.000 1.416
6735.000 1.487
6740.000 1.325
6745.000 1.293
6750.000 1.455
6755.000 1.448
6760.000 1.333
6765.000 1.369
6770.000 1.457
6775.000 1.417
6780.000 1.550
6785.000 1.411
6790.000 1.350
6795.000 1.424
6800.000 1.317
6805.000 1.451
6810.000 1.349
6815.000 1.266
6820.000 1.426
6825.000 1.413
6830.000 1.493
6835.000 1.344
6840.000 1.320
6845.000 1.397
6850.000 1.428
6855.000 1.408
6860.000 1.374
6865.000 1.520
6870.000 1.435
6875.000 1.367
6880.000 1.530
6885.000 1.425
6890.000 1.423
6895.000 1.458
6900.000 1.387
6905.000 1.563
6910.000 1.487
6915.000 1.401
6920.000 1.310
6925.000 1.470
6930.000 1.306
6935.000 1.472
6940.000 1.402
6945.000 1.533
6950.000 1.390
6955.000 1.484
6960.000 1.489
6965.000 1.521
6970.000 1.453
6975.000 1.513
6980.000 1.498
6985.000 1.422
6990.000 1.617
6995.000 1.544
7000.000 1.548
7005.000 1.414
7010.000 1.478
7015.000 1.636
7020.000 1.561
7025.000 1.538
7030.000 1.598
7035.000 1.560
7040.000 1.555
7045.000 1.710
7050.000 1.588
7055.000 1.619
7060.000 1.585
7065.000 1.719
7070.000 1.713
7075.000 1.721
7080.000 1.601
7085.000 1.705
7090.000 1.742
7095.000 1.796
7100.000 1.819
7105.000 1.840
7110.000 1.758
7115.000 1.941
7120.000 1.835
7125.000 1.840
7130.000 1.756
7135.000 1.794
7140.000 1.915
7145.000 1.840
7150.000 1.852
7155.000 2.032
7160.000 1.899
7165.000 1.970
7170.000 2.079
7175.000 1.903
7180.000 2.140
7185.000 2.042
7190.000 2.252
7195.000 2.156
7200.000 2.209
7205.000 2.124
7210.000 2.282
7215.000 2.339
7220.000 2.373
7225.000 2.480
7230.000 2.478
7235.000 2.528
7240.000 2.566
7245.000 2.645
7250.000 2.767
7255.000 2.700
7260.000 2.797
7265.000 2.904
7270.000 2.946
7275.000 3.069
7280.000 3.067
7285.000 3.293
7290.000 3.374
7295.000 3.375
7300.000 3.617
7305.000 3.677
7310.000 3.817
7315.000 3.952
7320.000 4.043
7325.000 4.102
7330.000 4.408
7335.000 4.529
7340.000 4.829
7345.000 5.017
7350.000 5.407
7355.000 5.895
7360.000 6.128
7365.000 6.552
7370.000 6.968
7375.000 7.690
7380.000 8.630
7385.000 9.102
7390.000 10.470
7395.000 11.182
7400.000 13.258
7405.000 15.737
7410.000 17.182
7415.000 20.582
7420.000 22.360
7425.000 24.636
7430.000 23.699
7435.000 21.397
7440.000 14.993
7445.000 11.060
7450.000 4.292
7455.000 4.251
7460.000 5.423
7465.000 5.699
7470.000 5.234
7475.000 4.918
7480.000 4.752
7485.000 4.485
7490.000 4.220
7495.000 4.057
7500.000 3.708
7505.000 3.515
7510.000 3.441
7515.000 3.140
7520.000 3.021
7525.000 2.915
7530.000 2.795
7535.000 2.613
7540.000 2.546
7545.000 2.328
7550.000 2.154
7555.000 2.103
7560.000 2.078
7565.000 1.940
7570.000 1.899
7575.000 1.775
7580.000 1.728
7585.000 1.622
7590.000 1.551
7595.000 1.520
7600.000 1.396
7605.000 1.380
7610.000 1.382
7615.000 1.298
7620.000 1.271
7625.000 1.090
7630.000 1.075
7635.000 1.192
7640.000 1.145
7645.000 0.997
7650.000 0.832
7655.000 0.913
7660.000 0.885
7665.000 0.872
7670.000 0.895
7675.000 0.877
7680.000 0.857
7685.000 0.690
7690.000 0.695
7695.000 0.687
7700.000 0.622
7705.000 0.607
7710.000 0.607
7715.000 0.590
7720.000 0.547
7725.000 0.387
7730.000 0.485
7735.000 0.446
7740.000 0.469
7745.000 0.417
7750.000 0.418
7755.000 0.373
7760.000 0.442
7765.000 0.359
7770.000 0.390
7775.000 0.228
7780.000 0.200
7785.000 0.176
7790.000 0.336
7795.000 0.166
7800.000 0.280
7805.000 0.129
7810.000 0.281
7815.000 0.146
7820.000 0.211
7825.000 0.129
7830.000 0.173
7835.000 0.140
7840.000 0.177
7845.000 0.160
7850.000 0.183
7855.000 0.248
7860.000 0.170
7865.000 0.186
7870.000 0.283
7875.000 0.271
7880.000 0.308
7885.000 0.340
7890.000 0.482
7895.000 0.376
7900.000 0.474
7905.000 0.527
7910.000 0.538
7915.000 0.637
7920.000 0.670
7925.000 0.742
7930.000 0.736
7935.000 0.794
7940.000 0.936
7945.000 0.999
7950.000 1.090
7955.000 1.025
7960.000 1.288
7965.000 1.444
7970.000 1.579
7975.000 1.676
7980.000 1.946
7985.000 2.168
7990.000 2.504
7995.000 2.725
8000.000 3.378
8005.000 3.758
8010.000 4.809
8015.000 6.339
8020.000 7.575
8025.000 11.160
8030.000 13.929
8035.000 20.295
8040.000 21.586
8045.000 17.795
8050.000 9.740
8055.000 8.745
8060.000 5.251
8065.000 4.178
8070.000 3.583
8075.000 2.991
8080.000 2.804
8085.000 2.575
8090.000 2.306
8095.000 2.062
8100.000 1.861
8105.000 1.832
8110.000 1.850
8115.000 1.602
8120.000 1.527
8125.000 1.436
8130.000 1.416
8135.000 1.118
8140.000 1.149
8145.000 1.229
8150.000 1.010
8155.000 1.117
8160.000 0.987
8165.000 0.935
8170.000 0.934
8175.000 0.893
8180.000 0.962
8185.000 0.870
8190.000 0.887
8195.000 0.892
8200.000 0.774
8205.000 0.675
8210.000 0.679
8215.000 0.717
8220.000 0.677
8225.000 0.590
8230.000 0.650
8235.000 0.568
8240.000 0.527
8245.000 0.530
8250.000 0.542
8255.000 0.544
8260.000 0.591
8265.000 0.522
8270.000 0.387
8275.000 0.427
8280.000 0.384
8285.000 0.453
8290.000 0.390
8295.000 0.358
8300.000 0.396
8305.000 0.432
8310.000 0.495
8315.000 0.322
8320.000 0.375
8325.000 0.315
8330.000 0.277
8335.000 0.257
8340.000 0.208
8345.000 0.275
8350.000 0.226
8355.000 0.172
8360.000 0.185
8365.000 0.199
8370.000 0.180
8375.000 0.131
8380.000 0.176
8385.000 0.092
8390.000 0.148
8395.000 0.219
8400.000 0.236
8405.000 0.144
8410.000 0.123
8415.000 0.166
8420.000 0.197
8425.000 0.210
8430.000 0.196
8435.000 0.179
8440.000 0.246
8445.000 0.241
8450.000 0.242
8455.000 0.255
8460.000 0.232
8465.000 0.253
8470.000 0.104
8475.000 0.208
8480.000 0.164
8485.000 0.197
8490.000 0.151
8495.000 0.440
8500.000 0.854
8505.000 1.220
8510.000 2.410
8515.000 3.438
8520.000 6.505
8525.000 9.046
8530.000 8.048
8535.000 5.425
8540.000 5.161
8545.000 4.808
8550.000 4.803
8555.000 4.893
8560.000 5.116
8565.000 5.317
8570.000 5.728
8575.000 6.442
8580.000 6.760
8585.000 7.847
8590.000 8.408
8595.000 9.700
8600.000 11.720
8605.000 12.738
8610.000 15.452
8615.000 16.861
8620.000 19.716
8625.000 21.715
8630.000 21.906
8635.000 20.234
8640.000 18.548
8645.000 13.872
8650.000 9.040
8655.000 7.448
8660.000 5.857
8665.000 5.365
8670.000 3.830
8675.000 1.510
8680.000 0.859
8685.000 0.404
8690.000 0.641
8695.000 1.029
8700.000 1.353
8705.000 1.349
8710.000 1.496
8715.000 1.578
8720.000 1.620
8725.000 1.681
8730.000 1.585
8735.000 1.715
8740.000 1.662
8745.000 1.754
8750.000 1.713
8755.000 1.666
8760.000 1.535
8765.000 1.574
8770.000 1.613
8775.000 1.553
8780.000 1.605
8785.000 1.488
8790.000 1.499
8795.000 1.561
8800.000 1.491
8805.000 1.511
8810.000 1.432
8815.000 1.496
8820.000 1.523
8825.000 1.402
8830.000 1.407
8835.000 1.362
8840.000 1.424
8845.000 1.431
8850.000 1.394
8855.000 1.293
8860.000 1.383
8865.000 1.356
8870.000 1.432
8875.000 1.302
8880.000 1.250
8885.000 1.333
8890.000 1.419
8895.000 1.418
8900.000 1.308
8905.000 1.306
8910.000 1.289
8915.000 1.265
8920.000 1.287
8925.000 1.239
8930.000 1.331
8935.000 1.313
8940.000 1.230
8945.000 1.244
8950.000 1.081
8955.000 1.173
8960.000 1.213
8965.000 1.213
8970.000 1.073
8975.000 1.165
8980.000 1.200
8985.000 1.264
8990.000 1.133
8995.000 1.194
9000.000 1.212
9005.000 1.250
9010.000 1.236
9015.000 1.162
9020.000 1.217
9025.000 1.171
9030.000 1.129
9035.000 1.074
9040.000 1.118
9045.000 1.269
9050.000 1.190
9055.000 1.123
9060.000 1.226
9065.000 1.268
9070.000 1.198
9075.000 1.209
9080.000 1.202
9085.000 1.175
9090.000 1.238
9095.000 1.167
9100.000 1.157
9105.000 1.260
9110.000 1.208
9115.000 1.266
9120.000 1.211
9125.000 1.145
9130.000 1.139
9135.000 1.308
9140.000 1.180
9145.000 1.237
9150.000 1.237
9155.000 1.337
9160.000 1.183
9165.000 1.260
9170.000 1.249
9175.000 1.283
9180.000 1.282
9185.000 1.301
9190.000 1.133
9195.000 1.315
9200.000 1.307
9205.000 1.289
9210.000 1.347
9215.000 1.368
9220.000 1.415
9225.000 1.437
9230.000 1.358
9235.000 1.351
9240.000 1.477
9245.000 1.376
9250.000 1.451
9255.000 1.470
9260.000 1.305
9265.000 1.444
9270.000 1.403
9275.000 1.571
9280.000 1.460
9285.000 1.489
9290.000 1.512
9295.000 1.543
9300.000 1.521
9305.000 1.634
9310.000 1.588
9315.000 1.588
9320.000 1.468
9325.000 1.564
9330.000 1.609
9335.000 1.661
9340.000 1.689
9345.000 1.765
9350.000 1.756
9355.000 1.817
9360.000 1.908
9365.000 1.789
9370.000 1.960
9375.000 1.832
9380.000 1.974
9385.000 2.119
9390.000 2.050
9395.000 2.123
9400.000 2.214
9405.000 2.262
9410.000 2.440
9415.000 2.515
9420.000 2.657
9425.000 2.810
9430.000 3.183
9435.000 3.635
9440.000 3.906
9445.000 4.777
9450.000 5.493
9455.000 7.267
9460.000 8.749
9465.000 8.538
9470.000 6.001
9475.000 4.483
9480.000 0.596
9485.000 1.735
9490.000 0.820
9495.000 0.375
9500.000 0.393
9505.000 0.403
9510.000 0.483
9515.000 0.504
9520.000 0.614
9525.000 0.680
9530.000 0.780
9535.000 0.717
9540.000 0.890
9545.000 0.962
9550.000 1.026
9555.000 1.085
9560.000 1.113
9565.000 1.129
9570.000 1.221
9575.000 1.232
9580.000 1.238
9585.000 1.318
9590.000 1.384
9595.000 1.481
9600.000 1.556
9605.000 1.403
9610.000 1.499
9615.000 1.633
9620.000 1.685
9625.000 1.742
9630.000 1.762
9635.000 1.906
9640.000 1.978
9645.000 1.964
9650.000 2.065
9655.000 2.149
9660.000 2.150
9665.000 2.222
9670.000 2.403
9675.000 2.495
9680.000 2.486
9685.000 2.630
9690.000 2.721
9695.000 2.908
9700.000 2.996
9705.000 3.188
9710.000 3.311
9715.000 3.476
9720.000 3.768
9725.000 3.845
9730.000 4.263
9735.000 4.437
9740.000 4.850
9745.000 5.281
9750.000 5.493
9755.000 6.047
9760.000 6.442
9765.000 7.221
9770.000 7.672
9775.000 8.837
9780.000 10.012
9785.000 10.689
9790.000 12.339
9795.000 13.071
9800.000 14.675
9805.000 15.689
9810.000 16.056
9815.000 16.038
9820.000 15.906
9825.000 15.419
9830.000 14.589
9835.000 14.247
9840.000 13.050
9845.000 12.053
9850.000 9.890
9855.000 7.953
9860.000 7.129
9865.000 5.837
9870.000 5.073
9875.000 4.172
9880.000 3.649
9885.000 3.409
9890.000 3.241
9895.000 3.094
9900.000 3.022
9905.000 2.682
9910.000 2.619
9915.000 2.469
9920.000 2.522
9925.000 2.304
9930.000 2.179
9935.000 2.125
9940.000 2.054
9945.000 2.038
9950.000 1.891
9955.000 1.882
9960.000 1.839
9965.000 1.743
9970.000 1.600
9975.000 1.503
9980.000 1.557
9985.000 1.525
9990.000 1.508
9995.000 1.397
10000.000 1.436
