4901.000 0.208
4902.000 1.184
4903.000 0.994
4904.000 1.179
4905.000 1.096
4906.000 1.161
4907.000 1.028
4908.000 1.166
4909.000 1.141
4910.000 1.249
4911.000 1.280
4912.000 1.210
4913.000 1.120
4914.000 1.120
4915.000 1.260
4916.000 1.312
4917.000 1.266
4918.000 1.346
4919.000 1.442
4920.000 1.454
4921.000 1.422
4922.000 1.434
4923.000 1.490
4924.000 1.323
4925.000 1.544
4926.000 1.342
4927.000 1.513
4928.000 1.451
4929.000 1.585
4930.000 1.654
4931.000 1.534
4932.000 1.620
4933.000 1.747
4934.000 1.766
4935.000 1.799
4936.000 1.854
4937.000 1.858
4938.000 1.822
4939.000 1.921
4940.000 2.038
4941.000 2.091
4942.000 2.069
4943.000 2.162
4944.000 2.099
4945.000 2.242
4946.000 2.225
4947.000 2.239
4948.000 2.286
4949.000 2.427
4950.000 2.490
4951.000 2.538
4952.000 2.529
4953.000 2.729
4954.000 2.874
4955.000 2.919
4956.000 3.133
4957.000 3.058
4958.000 3.197
4959.000 3.446
4960.000 3.588
4961.000 3.600
4962.000 3.961
4963.000 4.084
4964.000 4.295
4965.000 4.536
4966.000 4.871
4967.000 5.401
4968.000 5.441
4969.000 6.141
4970.000 6.873
4971.000 7.172
4972.000 7.599
4973.000 7.527
4974.000 6.624
4975.000 4.159
4976.000 2.467
4977.000 1.888
4978.000 3.238
4979.000 3.767
4980.000 4.563
4981.000 4.834
4982.000 5.487
4983.000 6.006
4984.000 6.561
4985.000 7.267
4986.000 7.670
4987.000 8.424
4988.000 8.647
4989.000 9.363
4990.000 10.131
4991.000 10.454
4992.000 11.125
4993.000 11.209
4994.000 11.311
4995.000 11.018
4996.000 10.663
4997.000 9.947
4998.000 9.479
4999.000 8.595
5000.000 7.819
5001.000 7.237
5002.000 6.641
5003.000 6.363
5004.000 5.840
5005.000 5.246
5006.000 5.181
5007.000 4.798
5008.000 4.496
5009.000 4.321
5010.000 4.194
5011.000 4.061
5012.000 3.814
5013.000 3.715
5014.000 3.592
5015.000 3.325
5016.000 3.210
5017.000 3.088
5018.000 3.110
5019.000 2.941
5020.000 2.776
5021.000 2.740
5022.000 2.665
5023.000 2.591
5024.000 2.527
5025.000 2.488
5026.000 2.532
5027.000 2.362
5028.000 2.373
5029.000 2.181
5030.000 2.154
5031.000 2.275
5032.000 2.111
5033.000 2.018
5034.000 1.791
5035.000 1.877
5036.000 1.852
5037.000 1.745
5038.000 1.785
5039.000 1.769
5040.000 1.836
5041.000 1.693
5042.000 1.712
5043.000 1.725
5044.000 1.619
5045.000 1.596
5046.000 1.607
5047.000 1.507
5048.000 1.555
5049.000 1.421
5050.000 1.469
5051.000 1.463
5052.000 1.319
5053.000 1.356
5054.000 1.287
5055.000 1.350
5056.000 1.371
5057.000 1.432
5058.000 1.298
5059.000 1.193
5060.000 1.173
5061.000 1.386
5062.000 1.220
5063.000 1.246
5064.000 1.219
5065.000 1.230
5066.000 1.166
5067.000 1.154
5068.000 1.111
5069.000 1.242
5070.000 1.210
5071.000 1.127
5072.000 1.068
5073.000 1.177
5074.000 1.116
5075.000 0.984
5076.000 1.101
5077.000 1.048
5078.000 0.903
5079.000 1.088
5080.000 0.966
5081.000 1.044
5082.000 0.883
5083.000 0.822
5084.000 0.884
5085.000 0.925
5086.000 1.059
5087.000 1.028
5088.000 0.874
5089.000 1.021
5090.000 0.949
5091.000 0.991
5092.000 1.008
5093.000 0.885
5094.000 0.925
5095.000 0.823
5096.000 0.898
5097.000 0.706
5098.000 0.700
5099.000 0.764
5100.000 0.858
