4900.500 2.084
4901.000 1.967
4901.500 1.916
4902.000 1.909
4902.500 1.898
4903.000 2.012
4903.500 2.121
4904.000 2.136
4904.500 2.068
4905.000 2.155
4905.500 1.960
4906.000 2.197
4906.500 2.100
4907.000 2.200
4907.500 2.269
4908.000 2.134
4908.500 2.113
4909.000 2.241
4909.500 2.207
4910.000 2.152
4910.500 2.231
4911.000 2.221
4911.500 2.259
4912.000 2.206
4912.500 2.309
4913.000 2.142
4913.500 2.391
4914.000 2.324
4914.500 2.350
4915.000 2.395
4915.500 2.359
4916.000 2.390
4916.500 2.475
4917.000 2.409
4917.500 2.444
4918.000 2.341
4918.500 2.447
4919.000 2.460
4919.500 2.486
4920.000 2.616
4920.500 2.577
4921.000 2.496
4921.500 2.554
4922.000 2.640
4922.500 2.597
4923.000 2.616
4923.500 2.618
4924.000 2.507
4924.500 2.694
4925.000 2.686
4925.500 2.821
4926.000 2.794
4926.500 2.879
4927.000 2.686
4927.500 2.856
4928.000 2.859
4928.500 2.871
4929.000 2.890
4929.500 2.723
4930.000 2.846
4930.500 2.936
4931.000 2.976
4931.500 2.942
4932.000 2.865
4932.500 2.945
4933.000 3.059
4933.500 2.952
4934.000 3.110
4934.500 3.163
4935.000 3.180
4935.500 3.048
4936.000 3.243
4936.500 3.218
4937.000 3.216
4937.500 3.241
4938.000 3.360
4938.500 3.432
4939.000 3.346
4939.500 3.335
4940.000 3.504
4940.500 3.514
4941.000 3.402
4941.500 3.449
4942.000 3.689
4942.500 3.548
4943.000 3.579
4943.500 3.753
4944.000 3.669
4944.500 3.807
4945.000 3.767
4945.500 3.889
4946.000 3.756
4946.500 3.902
4947.000 3.952
4947.500 3.944
4948.000 3.835
4948.500 3.988
4949.000 3.972
4949.500 4.040
4950.000 4.272
4950.500 4.310
4951.000 4.234
4951.500 4.376
4952.000 4.398
4952.500 4.451
4953.000 4.435
4953.500 4.539
4954.000 4.500
4954.500 4.692
4955.000 4.739
4955.500 4.841
4956.000 4.694
4956.500 4.862
4957.000 4.657
4957.500 4.936
4958.000 5.053
4958.500 5.027
4959.000 5.218
4959.500 5.214
4960.000 5.296
4960.500 5.185
4961.000 5.214
4961.500 5.412
4962.000 5.422
4962.500 5.373
4963.000 5.553
4963.500 5.562
4964.000 5.645
4964.500 5.611
4965.000 5.627
4965.500 5.602
4966.000 5.657
4966.500 5.722
4967.000 5.570
4967.500 5.498
4968.000 5.481
4968.500 5.428
4969.000 5.314
4969.500 5.510
4970.000 5.654
4970.500 6.194
4971.000 7.127
4971.500 8.332
4972.000 9.879
4972.500 11.185
4973.000 12.516
4973.500 12.763
4974.000 12.746
4974.500 12.741
4975.000 12.885
4975.500 13.007
4976.000 13.302
4976.500 13.339
4977.000 13.498
4977.500 13.850
4978.000 14.054
4978.500 14.267
4979.000 14.356
4979.500 14.797
4980.000 14.992
4980.500 15.433
4981.000 15.579
4981.500 15.820
4982.000 16.170
4982.500 16.308
4983.000 16.727
4983.500 16.812
4984.000 17.247
4984.500 17.588
4985.000 17.540
4985.500 17.851
4986.000 18.140
4986.500 18.100
4987.000 18.439
4987.500 18.775
4988.000 18.989
4988.500 19.198
4989.000 19.505
4989.500 19.799
4990.000 20.109
4990.500 20.214
4991.000 20.329
4991.500 20.377
4992.000 20.451
4992.500 20.369
4993.000 20.091
4993.500 19.706
4994.000 19.384
4994.500 19.061
4995.000 18.652
4995.500 18.196
4996.000 17.610
4996.500 16.967
4997.000 16.722
4997.500 16.173
4998.000 15.707
4998.500 15.143
4999.000 14.716
4999.500 14.219
5000.000 13.856
5000.500 13.522
5001.000 12.910
5001.500 12.648
5002.000 12.411
5002.500 11.969
5003.000 11.751
5003.500 11.269
5004.000 10.945
5004.500 10.752
5005.000 10.625
5005.500 10.150
5006.000 9.835
5006.500 9.754
5007.000 9.606
5007.500 9.335
5008.000 9.120
5008.500 8.719
5009.000 8.754
5009.500 8.547
5010.000 8.196
5010.500 7.979
5011.000 7.958
5011.500 7.792
5012.000 7.669
5012.500 7.245
5013.000 7.265
5013.500 7.154
5014.000 6.956
5014.500 6.869
5015.000 6.671
5016.000 6.430
5016.500 6.333
5017.000 6.108
5017.500 6.187
5018.000 5.987
5018.500 5.820
5019.000 5.767
5019.500 5.571
5020.000 5.517
5020.500 5.486
5021.000 5.443
5021.500 5.460
5022.000 5.217
5022.500 5.238
5023.000 5.064
5023.500 4.967
5024.000 5.093
5024.500 4.963
5025.000 4.713
5026.000 4.657
5026.500 4.650
5027.000 4.553
5027.500 4.388
5028.000 4.417
5028.500 4.403
5029.000 4.258
5029.500 4.259
5030.000 4.173
5030.500 4.061
5031.000 4.148
5031.500 4.145
5032.000 3.829
5032.500 3.999
5033.000 3.857
5033.500 3.938
5034.500 3.798
5035.000 3.931
5035.500 3.543
5036.000 3.754
5036.500 3.696
5037.000 3.595
5037.500 3.529
5038.000 3.636
5038.500 3.442
5039.000 3.435
5039.500 3.441
5040.000 3.421
5040.500 3.220
5041.000 3.348
5041.500 3.369
5042.000 3.243
5042.500 3.239
5043.000 3.082
5043.500 3.039
5044.000 3.157
5044.500 3.040
5045.000 2.976
5045.500 2.919
5046.000 3.169
5046.500 3.080
5047.000 3.043
5047.500 2.796
5048.000 2.879
5048.500 2.847
5049.000 2.935
5049.500 2.822
5050.500 2.717
5051.000 2.710
5051.500 2.661
5052.000 2.831
5052.500 2.693
5053.000 2.636
5053.500 2.653
5054.000 2.664
5054.500 2.715
5055.000 2.606
5055.500 2.845
5056.000 2.640
5056.500 2.504
5057.000 2.518
5057.500 2.529
5058.000 2.433
5058.500 2.437
5059.000 2.549
5059.500 2.393
5060.000 2.452
5060.500 2.301
5061.000 2.287
5061.500 2.257
5062.000 2.263
5062.500 2.310
5063.000 2.340
5063.500 2.302
5064.000 2.254
5064.500 2.218
5065.000 2.202
5065.500 2.270
5066.000 2.345
5066.500 2.285
5067.000 2.154
5067.500 2.221
5068.000 1.984
5068.500 2.069
5069.000 2.145
5069.500 2.215
5070.000 2.116
5070.500 2.051
5071.000 2.124
5071.500 2.033
5072.000 2.041
5072.500 2.032
5073.000 2.112
5073.500 2.042
5074.000 2.043
5074.500 1.965
5075.000 1.926
5075.500 1.927
5076.000 1.847
5076.500 1.878
5077.000 1.937
5077.500 1.962
5078.000 1.825
5078.500 1.973
5079.000 2.020
5079.500 1.889
5080.000 1.911
5080.500 1.901
5081.000 1.885
5081.500 1.931
5082.000 1.743
5082.500 1.838
5083.000 1.839
5083.500 1.857
5084.000 1.751
5084.500 1.673
5085.000 1.658
5085.500 1.816
5086.000 1.780
5086.500 1.649
5087.000 1.722
5087.500 1.683
5088.000 1.663
5088.500 1.807
5089.000 1.700
5089.500 1.808
5090.000 1.809
5090.500 1.845
5091.000 1.598
5091.500 1.676
5092.000 1.565
5092.500 1.495
5093.000 1.760
5093.500 1.667
5094.000 1.471
5094.500 1.660
5095.000 1.561
5095.500 1.601
5096.000 1.655
5096.500 1.567
5097.000 1.746
5097.500 1.566
5098.000 1.485
5098.500 1.467
5099.000 1.523
5099.500 1.464
5100.000 1.572
