5.000 15.139
10.000 26.509
15.000 33.466
20.000 10.058
25.000 16.318
30.000 11.578
35.000 19.618
40.000 17.759
45.000 18.420
50.000 21.642
55.000 24.768
60.000 22.173
65.000 17.632
70.000 22.338
75.000 23.338
80.000 11.325
85.000 31.806
90.000 23.551
95.000 21.148
100.000 22.968
105.000 9.715
110.000 22.925
115.000 15.770
120.000 15.446
125.000 19.720
130.000 20.324
135.000 22.023
140.000 16.609
145.000 17.904
150.000 33.684
155.000 28.112
160.000 22.128
165.000 19.174
170.000 16.192
175.000 15.020
180.000 32.020
185.000 27.788
190.000 26.290
195.000 17.316
200.000 26.346
205.000 30.334
210.000 18.018
215.000 27.639
220.000 18.710
225.000 29.800
230.000 20.202
235.000 26.353
240.000 25.095
245.000 21.185
250.000 13.101
255.000 23.030
260.000 32.009
265.000 21.927
270.000 20.435
275.000 16.038
280.000 17.851
285.000 31.844
290.000 24.313
295.000 21.202
300.000 15.391
305.000 18.814
310.000 31.979
315.000 26.851
320.000 21.537
325.000 22.483
330.000 24.311
335.000 24.795
340.000 23.107
345.000 23.139
350.000 27.043
355.000 19.051
360.000 29.557
365.000 25.341
370.000 25.188
375.000 29.637
380.000 29.059
385.000 27.798
390.000 29.980
395.000 31.104
400.000 36.379
405.000 34.877
410.000 35.375
415.000 25.288
420.000 29.541
425.000 37.359
430.000 32.191
435.000 38.373
440.000 34.720
445.000 36.289
450.000 39.263
455.000 38.225
460.000 38.468
465.000 26.405
470.000 30.343
475.000 39.282
480.000 32.693
485.000 27.130
490.000 18.783
495.000 24.561
500.000 23.527
505.000 24.214
510.000 26.092
515.000 18.070
520.000 19.365
525.000 20.507
530.000 21.315
535.000 18.964
540.000 18.591
545.000 16.163
550.000 17.471
555.000 16.640
560.000 20.108
565.000 14.979
570.000 16.855
575.000 21.016
580.000 19.483
585.000 17.179
590.000 16.003
595.000 13.393
600.000 14.348
605.000 12.941
610.000 10.987
615.000 11.284
620.000 10.151
625.000 10.946
630.000 9.325
635.000 9.301
640.000 9.654
645.000 11.182
650.000 14.187
655.000 9.735
660.000 8.635
665.000 8.704
670.000 8.183
675.000 8.692
680.000 8.282
685.000 7.902
690.000 8.131
695.000 8.067
700.000 6.912
705.000 6.724
710.000 6.476
715.000 6.531
720.000 6.394
725.000 6.609
730.000 6.768
735.000 6.131
740.000 6.732
745.000 6.581
750.000 5.981
755.000 5.748
760.000 5.106
765.000 5.299
770.000 6.340
775.000 4.725
780.000 5.882
785.000 4.790
790.000 4.903
795.000 6.908
800.000 7.331
805.000 9.262
810.000 7.433
815.000 8.068
820.000 7.111
825.000 4.677
830.000 4.883
835.000 5.107
840.000 4.885
845.000 6.103
850.000 6.187
855.000 5.392
860.000 4.470
865.000 5.642
870.000 5.728
875.000 8.112
880.000 6.521
885.000 4.742
890.000 4.351
895.000 6.663
900.000 7.172
905.000 4.539
910.000 4.736
915.000 3.577
920.000 3.051
925.000 3.802
930.000 6.072
935.000 5.932
940.000 3.874
945.000 16.901
950.000 6.609
955.000 3.570
960.000 7.536
965.000 7.822
970.000 5.519
975.000 6.194
980.000 23.434
985.000 7.299
990.000 8.235
995.000 12.901
1000.000 5.196
1005.000 4.901
1010.000 5.302
1015.000 6.003
1020.000 4.311
1025.000 3.825
1030.000 6.661
1035.000 17.259
1040.000 5.267
1045.000 6.095
1050.000 8.794
1055.000 11.029
1060.000 7.147
1065.000 7.407
1070.000 6.855
1075.000 7.297
1080.000 8.078
1085.000 8.983
1090.000 10.253
1095.000 10.458
1100.000 6.386
1105.000 11.212
1110.000 12.104
1115.000 12.777
1120.000 11.651
1125.000 16.328
1130.000 20.864
1135.000 15.298
1140.000 19.953
1145.000 18.125
1150.000 19.774
1155.000 23.178
1160.000 31.584
1165.000 32.463
1170.000 36.258
1175.000 28.405
1180.000 29.361
1185.000 32.669
1190.000 33.229
1195.000 33.063
1200.000 35.680
1205.000 30.188
1210.000 30.417
1215.000 28.972
1220.000 33.012
1225.000 28.624
1230.000 25.316
1235.000 26.561
1240.000 20.442
1245.000 21.436
1250.000 22.459
1255.000 21.388
1260.000 23.632
1265.000 23.040
1270.000 21.613
1275.000 18.620
1280.000 19.352
1285.000 17.898
1290.000 17.576
1295.000 16.943
1300.000 16.540
1305.000 16.027
1310.000 15.981
1315.000 15.369
1320.000 15.055
1325.000 15.039
1330.000 14.550
1335.000 14.625
1340.000 14.488
1345.000 14.280
1350.000 13.417
1355.000 14.385
1360.000 12.644
1365.000 12.431
1370.000 12.737
1375.000 12.631
1380.000 12.539
1385.000 12.459
1390.000 12.314
1395.000 11.544
1400.000 11.960
1405.000 12.227
1410.000 11.109
1415.000 11.425
1420.000 11.007
1425.000 10.916
1430.000 11.451
1435.000 10.651
1440.000 10.393
1445.000 10.304
1450.000 10.086
1455.000 10.505
1460.000 10.334
1465.000 10.541
1470.000 9.656
1475.000 10.335
1480.000 9.899
1485.000 10.010
1490.000 10.166
1495.000 9.818
1500.000 9.988
1505.000 9.757
1510.000 9.815
1515.000 9.515
1520.000 10.225
1525.000 9.541
1530.000 9.623
1535.000 9.831
1540.000 9.687
1545.000 10.017
1550.000 10.245
1555.000 9.859
1560.000 10.197
1565.000 10.654
1570.000 9.919
1575.000 10.247
1580.000 10.106
1585.000 10.410
1590.000 10.314
1595.000 10.261
1600.000 10.390
1605.000 10.436
1610.000 10.167
1615.000 10.988
1620.000 10.362
1625.000 10.992
1630.000 11.134
1635.000 10.907
1640.000 11.293
1645.000 11.360
1650.000 11.487
1655.000 11.192
1660.000 11.618
1665.000 11.368
1670.000 11.855
1675.000 11.760
1680.000 12.060
1685.000 12.401
1690.000 12.659
1695.000 12.922
1700.000 12.550
1705.000 13.128
1710.000 13.015
1715.000 13.408
1720.000 13.711
1725.000 13.655
1730.000 13.746
1735.000 13.799
1740.000 14.693
1745.000 13.979
1750.000 14.394
1755.000 14.907
1760.000 15.030
1765.000 15.180
1770.000 15.534
1775.000 15.934
1780.000 16.065
1785.000 16.302
1790.000 16.474
1795.000 16.445
1800.000 16.929
1805.000 16.974
1810.000 17.205
1815.000 17.784
1820.000 17.512
1825.000 18.035
1830.000 18.428
1835.000 18.421
1840.000 19.079
1845.000 19.262
1850.000 19.392
1855.000 19.697
1860.000 20.166
1865.000 20.181
1870.000 20.528
1875.000 21.027
1880.000 21.531
1885.000 21.534
1890.000 21.874
1895.000 22.115
1900.000 22.213
1905.000 22.583
1910.000 22.853
1915.000 23.000
1920.000 23.319
1925.000 23.623
1930.000 23.899
1935.000 24.508
1940.000 24.535
1945.000 24.859
1950.000 24.929
1955.000 25.340
1960.000 25.408
1965.000 25.671
1970.000 26.002
1975.000 26.121
1980.000 26.623
1985.000 26.805
1990.000 26.701
1995.000 26.991
2000.000 27.569
2005.000 27.648
2010.000 27.717
2015.000 28.065
2020.000 28.270
2025.000 28.530
2030.000 28.977
2035.000 28.916
2040.000 29.204
2045.000 29.542
2050.000 29.793
2055.000 30.180
2060.000 30.138
2065.000 30.705
2070.000 30.742
2075.000 30.962
2080.000 31.039
2085.000 31.312
2090.000 31.726
2095.000 32.016
2100.000 32.497
2105.000 32.986
2110.000 33.097
2115.000 33.681
2120.000 33.932
2125.000 34.422
2130.000 35.147
2135.000 35.322
2140.000 36.013
2145.000 36.483
2150.000 37.173
2155.000 37.570
2160.000 38.212
2165.000 38.872
2170.000 39.431
2175.000 40.166
2180.000 41.224
2185.000 41.622
2190.000 42.884
2195.000 43.237
2200.000 44.667
2205.000 46.066
2210.000 46.731
2215.000 48.298
2220.000 49.203
2225.000 50.682
2230.000 52.601
2235.000 53.666
2240.000 56.336
2245.000 57.453
2250.000 60.094
2255.000 62.961
2260.000 64.535
2265.000 68.066
2270.000 70.029
2275.000 73.551
2280.000 78.598
2285.000 81.181
2290.000 86.683
2295.000 89.074
2300.000 96.693
2305.000 99.770
2310.000 107.132
2315.000 113.133
2320.000 115.394
2325.000 119.330
2330.000 123.739
2335.000 127.470
2340.000 129.003
2345.000 127.461
2350.000 126.542
2355.000 125.554
2360.000 119.978
2365.000 109.949
2370.000 107.999
2375.000 100.373
2380.000 96.051
2385.000 87.443
2390.000 80.418
2395.000 76.970
2400.000 70.493
2405.000 67.802
2410.000 62.525
2415.000 58.188
2420.000 55.856
2425.000 52.330
2430.000 50.377
2435.000 47.531
2440.000 44.237
2445.000 42.961
2450.000 40.747
2455.000 39.572
2460.000 37.163
2465.000 35.274
2470.000 34.399
2475.000 32.532
2480.000 31.683
2485.000 30.192
2490.000 29.270
2495.000 28.460
2500.000 27.416
2505.000 26.800
2510.000 25.889
2515.000 24.709
2520.000 24.227
2525.000 23.495
2530.000 23.181
2535.000 22.469
2540.000 21.417
2545.000 21.031
2550.000 20.473
2555.000 20.057
2560.000 19.417
2565.000 18.900
2570.000 18.647
2575.000 18.023
2580.000 17.712
2585.000 17.211
2590.000 16.657
2595.000 16.478
2600.000 16.274
2605.000 16.041
2610.000 15.576
2615.000 15.307
2620.000 14.923
2625.000 14.612
2630.000 14.473
2635.000 14.092
2640.000 13.981
2645.000 13.626
2650.000 13.393
2655.000 13.262
2660.000 13.177
2665.000 12.732
2670.000 12.668
2675.000 12.448
2680.000 12.209
2685.000 12.191
2690.000 11.902
2695.000 11.765
2700.000 11.578
2705.000 11.474
2710.000 11.317
2715.000 10.973
2720.000 11.022
2725.000 10.924
2730.000 10.709
2735.000 10.546
2740.000 10.537
2745.000 10.593
2750.000 10.152
2755.000 10.216
2760.000 10.199
2765.000 10.023
2770.000 9.970
2775.000 9.585
2780.000 9.568
2785.000 9.427
2790.000 9.369
2795.000 9.476
2800.000 9.338
2805.000 9.198
2810.000 9.076
2815.000 9.191
2820.000 8.968
2825.000 8.887
2830.000 8.949
2835.000 8.747
2840.000 8.793
2845.000 8.695
2850.000 8.666
2855.000 8.722
2860.000 8.605
2865.000 8.413
2870.000 8.467
2875.000 8.332
2880.000 8.420
2885.000 8.321
2890.000 8.454
2895.000 9.241
2900.000 8.171
2905.000 8.209
2910.000 8.119
2915.000 8.013
2920.000 7.925
2925.000 7.979
2930.000 8.138
2935.000 7.828
2940.000 8.171
2945.000 7.825
2950.000 7.768
2955.000 7.935
2960.000 8.006
2965.000 7.853
2970.000 7.908
2975.000 7.798
2980.000 7.856
2985.000 7.822
2990.000 7.796
2995.000 7.639
3000.000 7.751
3005.000 7.745
3010.000 7.772
3015.000 7.924
3020.000 7.905
3025.000 7.913
3030.000 7.979
3035.000 7.960
3040.000 8.056
3045.000 7.956
3050.000 8.066
3055.000 8.092
3060.000 8.123
3065.000 8.410
3070.000 8.270
3075.000 8.526
3080.000 8.407
3085.000 8.386
3090.000 8.280
3095.000 8.263
3100.000 8.245
3105.000 8.355
3110.000 8.426
3115.000 8.474
3120.000 8.415
3125.000 8.367
3130.000 8.665
3135.000 8.707
3140.000 8.587
3145.000 8.727
3150.000 8.904
3155.000 8.904
3160.000 9.062
3165.000 8.972
3170.000 9.284
3175.000 9.407
3180.000 9.589
3185.000 9.424
3190.000 9.531
3195.000 9.780
3200.000 9.916
3205.000 9.964
3210.000 10.156
3215.000 10.195
3220.000 10.483
3225.000 10.506
3230.000 10.591
3235.000 10.681
3240.000 10.888
3245.000 11.008
3250.000 11.368
3255.000 11.574
3260.000 11.947
3265.000 12.347
3270.000 11.999
3275.000 12.523
3280.000 12.770
3285.000 13.120
3290.000 13.271
3295.000 13.631
3300.000 13.984
3305.000 14.210
3310.000 14.716
3315.000 14.777
3320.000 15.286
3325.000 15.913
3330.000 16.287
3335.000 16.737
3340.000 17.083
3345.000 17.657
3350.000 19.592
3355.000 19.831
3360.000 19.539
3365.000 19.899
3370.000 21.019
3375.000 22.416
3380.000 23.251
3385.000 24.606
3390.000 25.185
3395.000 27.340
3400.000 28.800
3405.000 30.024
3410.000 32.569
3415.000 33.621
3420.000 36.896
3425.000 40.640
3430.000 42.503
3435.000 47.217
3440.000 50.326
3445.000 56.747
3450.000 64.804
3455.000 69.343
3460.000 79.536
3465.000 84.061
3470.000 93.550
3475.000 98.105
3480.000 100.332
3485.000 95.004
3490.000 90.082
3495.000 78.445
3500.000 73.002
3505.000 62.573
3510.000 54.040
3515.000 50.623
3520.000 44.632
3525.000 42.890
3530.000 37.766
3535.000 33.872
3540.000 32.495
3545.000 29.745
3550.000 28.457
3555.000 26.298
3560.000 24.232
3565.000 23.648
3570.000 22.195
3575.000 21.237
3580.000 20.136
3585.000 19.005
3590.000 18.203
3595.000 17.449
3600.000 16.955
3605.000 16.069
3610.000 15.260
3615.000 14.938
3620.000 14.232
3625.000 14.067
3630.000 13.403
3635.000 12.927
3640.000 12.765
3645.000 12.055
3650.000 11.944
3655.000 11.478
3660.000 11.240
3665.000 10.965
3670.000 10.803
3675.000 10.487
3680.000 10.160
3685.000 9.591
3690.000 9.843
3695.000 9.470
3700.000 9.353
3705.000 9.173
3710.000 8.788
3715.000 8.589
3720.000 8.572
3725.000 8.231
3730.000 8.236
3735.000 7.977
3740.000 8.125
3745.000 7.610
3750.000 7.724
3755.000 7.667
3760.000 7.246
3765.000 7.393
3770.000 7.048
3775.000 7.073
3780.000 6.867
3785.000 6.854
3790.000 6.717
3795.000 6.484
3800.000 6.696
3805.000 6.549
3810.000 6.232
3815.000 6.336
3820.000 6.126
3825.000 6.207
3830.000 6.065
3835.000 6.066
3840.000 5.931
3845.000 5.827
3850.000 5.779
3855.000 5.677
3860.000 5.699
3865.000 5.766
3870.000 5.628
3875.000 5.749
3880.000 5.499
3885.000 4.741
3890.000 5.292
3895.000 5.412
3900.000 5.311
3905.000 5.238
3910.000 5.211
3915.000 5.180
3920.000 5.089
3925.000 5.170
3930.000 5.024
3935.000 5.060
3940.000 4.916
3945.000 5.012
3950.000 4.991
3955.000 4.870
3960.000 4.757
3965.000 4.800
3970.000 4.686
3975.000 4.866
3980.000 4.612
3985.000 4.604
3990.000 4.665
3995.000 4.674
4000.000 4.556
4005.000 4.664
4010.000 4.603
4015.000 4.553
4020.000 4.641
4025.000 4.494
4030.000 4.443
4035.000 4.538
4040.000 4.468
4045.000 4.214
4050.000 4.341
4055.000 4.349
4060.000 4.201
4065.000 4.297
4070.000 4.127
4075.000 4.059
4080.000 4.131
4085.000 4.150
4090.000 4.050
4095.000 4.110
4100.000 3.970
4105.000 4.021
4110.000 4.073
4115.000 3.889
4120.000 3.844
4125.000 3.836
4130.000 4.139
4135.000 4.193
4140.000 4.022
4145.000 3.551
4150.000 4.022
4155.000 4.516
4160.000 4.346
4165.000 3.792
4170.000 3.986
4175.000 4.292
4180.000 4.289
4185.000 4.252
4190.000 4.297
4195.000 4.535
4200.000 4.550
4205.000 4.589
4210.000 4.565
4215.000 4.638
4220.000 4.689
4225.000 4.918
4230.000 4.852
4235.000 4.900
4240.000 4.998
4245.000 4.988
4250.000 5.036
4255.000 5.354
4260.000 5.278
4265.000 5.404
4270.000 5.555
4275.000 5.557
4280.000 5.608
4285.000 5.806
4290.000 5.966
4295.000 6.007
4300.000 6.162
4305.000 6.293
4310.000 6.375
4315.000 6.610
4320.000 6.795
4325.000 6.854
4330.000 7.046
4335.000 7.186
4340.000 7.637
4345.000 7.800
4350.000 7.702
4355.000 8.092
4360.000 8.291
4365.000 8.704
4370.000 8.915
4375.000 9.139
4380.000 9.442
4385.000 9.563
4390.000 10.122
4395.000 10.483
4400.000 10.752
4405.000 11.219
4410.000 11.435
4415.000 11.868
4420.000 12.547
4425.000 12.689
4430.000 13.311
4435.000 13.713
4440.000 14.372
4445.000 15.131
4450.000 15.338
4455.000 16.130
4460.000 16.640
4465.000 17.408
4470.000 18.478
4475.000 18.956
4480.000 19.923
4485.000 20.512
4490.000 21.675
4495.000 23.011
4500.000 23.750
4505.000 25.203
4510.000 25.923
4515.000 27.545
4520.000 29.392
4525.000 30.417
4530.000 32.750
4535.000 33.980
4540.000 36.531
4545.000 39.874
4550.000 41.523
4555.000 45.190
4560.000 47.290
4565.000 52.575
4570.000 58.089
4575.000 61.588
4580.000 69.244
4585.000 73.984
4590.000 82.179
4595.000 94.213
4600.000 101.726
4605.000 117.731
4610.000 124.956
4615.000 133.153
4620.000 135.118
4625.000 135.483
4630.000 132.795
4635.000 130.012
4640.000 119.206
4645.000 103.246
4650.000 94.797
4655.000 82.686
4660.000 68.967
4665.000 67.202
4670.000 63.735
4675.000 56.901
4680.000 51.638
4685.000 49.187
4690.000 45.204
4695.000 43.242
4700.000 39.966
4705.000 37.110
4710.000 35.775
4715.000 33.246
4720.000 32.321
4725.000 30.441
4730.000 28.766
4735.000 27.722
4740.000 26.274
4745.000 25.504
4750.000 24.059
4755.000 22.907
4760.000 22.281
4765.000 21.431
4770.000 20.865
4775.000 20.002
4780.000 19.303
4785.000 18.956
4790.000 17.879
4795.000 17.793
4800.000 17.039
4805.000 16.402
4810.000 15.986
4815.000 15.660
4820.000 15.305
4825.000 14.898
4830.000 14.401
4835.000 14.132
4840.000 13.705
4845.000 13.476
4850.000 12.988
4855.000 12.611
4860.000 12.442
4865.000 12.190
4870.000 11.979
4875.000 11.593
4880.000 11.357
4885.000 11.150
4890.000 10.929
4895.000 10.755
4900.000 10.592
4905.000 10.290
4910.000 10.114
4915.000 9.958
4920.000 9.945
4925.000 9.575
4930.000 9.291
4935.000 9.405
4940.000 9.209
4945.000 8.998
4950.000 8.900
4955.000 8.834
4960.000 8.664
4965.000 8.334
4970.000 8.441
4975.000 8.131
4980.000 8.103
4985.000 8.029
4990.000 7.888
4995.000 7.906
5000.000 7.731
5005.000 7.622
5010.000 7.591
5015.000 7.388
5020.000 7.381
5025.000 7.260
5030.000 7.230
5035.000 7.095
5040.000 7.139
5045.000 7.040
5050.000 7.000
5055.000 6.860
5060.000 6.844
5065.000 6.733
5070.000 6.682
5075.000 6.686
5080.000 6.534
5085.000 6.564
5090.000 6.506
5095.000 6.467
5100.000 6.383
5105.000 6.389
5110.000 6.255
5115.000 6.237
5120.000 6.356
5125.000 6.313
5130.000 6.080
5135.000 6.119
5140.000 6.171
5145.000 6.049
5150.000 5.964
5155.000 5.896
5160.000 6.044
5165.000 5.962
5170.000 5.998
5175.000 5.800
5180.000 5.785
5185.000 5.873
5190.000 5.748
5195.000 5.797
5200.000 5.854
5205.000 5.710
5210.000 5.573
5215.000 5.609
5220.000 5.670
5225.000 5.615
5230.000 5.635
5235.000 5.598
5240.000 5.637
5245.000 5.727
5250.000 5.748
5255.000 5.750
5260.000 5.710
5265.000 5.533
5270.000 5.604
5275.000 5.672
5280.000 5.677
5285.000 5.589
5290.000 5.711
5295.000 5.641
5300.000 5.746
5305.000 5.704
5310.000 5.749
5315.000 5.693
5320.000 5.685
5325.000 5.868
5330.000 5.737
5335.000 5.841
5340.000 5.629
5345.000 5.808
5350.000 5.765
5355.000 5.865
5360.000 5.849
5365.000 5.786
5370.000 5.796
5375.000 5.929
5380.000 6.000
5385.000 6.050
5390.000 6.154
5395.000 6.035
5400.000 6.169
5405.000 6.047
5410.000 6.142
5415.000 6.282
5420.000 6.345
5425.000 6.404
5430.000 6.315
5435.000 6.441
5440.000 6.632
5445.000 6.394
5450.000 6.429
5455.000 6.843
5460.000 6.751
5465.000 6.926
5470.000 6.787
5475.000 6.806
5480.000 7.085
5485.000 7.112
5490.000 7.232
5495.000 7.240
5500.000 7.387
5505.000 7.500
5510.000 7.499
5515.000 7.690
5520.000 7.970
5525.000 7.768
5530.000 8.095
5535.000 8.176
5540.000 8.286
5545.000 8.347
5550.000 8.468
5555.000 8.758
5560.000 8.800
5565.000 9.005
5570.000 9.232
5575.000 9.490
5580.000 9.484
5585.000 9.726
5590.000 10.049
5595.000 10.258
5600.000 10.610
5605.000 10.853
5610.000 11.019
5615.000 11.456
5620.000 12.076
5625.000 12.271
5630.000 12.608
5635.000 12.941
5640.000 12.821
5645.000 12.853
5650.000 14.097
5655.000 14.944
5660.000 14.877
5665.000 14.949
5670.000 16.972
5675.000 17.953
5680.000 18.635
5685.000 19.655
5690.000 20.486
5695.000 21.940
5700.000 23.778
5705.000 24.335
5710.000 26.951
5715.000 28.245
5720.000 31.722
5725.000 35.703
5730.000 37.633
5735.000 42.851
5740.000 45.902
5745.000 53.716
5750.000 62.775
5755.000 67.846
5760.000 78.105
5765.000 82.088
5770.000 86.403
5775.000 81.560
5780.000 76.567
5785.000 65.089
5790.000 59.719
5795.000 50.044
5800.000 42.781
5805.000 40.019
5810.000 34.930
5815.000 32.360
5820.000 28.995
5825.000 26.134
5830.000 24.939
5835.000 22.774
5840.000 21.813
5845.000 20.011
5850.000 18.912
5855.000 17.841
5860.000 16.727
5865.000 16.245
5870.000 15.201
5875.000 14.555
5880.000 13.943
5885.000 13.260
5890.000 12.822
5895.000 12.299
5900.000 11.693
5905.000 11.468
5910.000 11.058
5915.000 10.698
5920.000 10.221
5925.000 10.021
5930.000 9.739
5935.000 9.379
5940.000 9.136
5945.000 8.935
5950.000 8.687
5955.000 8.504
5960.000 8.260
5965.000 8.074
5970.000 7.830
5975.000 7.559
5980.000 7.561
5985.000 7.372
5990.000 7.178
5995.000 7.067
6000.000 6.847
6005.000 6.719
6010.000 6.749
6015.000 6.671
6020.000 6.618
6025.000 6.339
6030.000 6.305
6035.000 6.024
6040.000 6.097
6045.000 5.834
6050.000 5.706
6055.000 5.507
6060.000 5.487
6065.000 5.612
6070.000 5.424
6075.000 5.344
6080.000 5.294
6085.000 5.162
6090.000 5.209
6095.000 5.097
6100.000 5.098
6105.000 4.963
6110.000 4.846
6115.000 4.866
6120.000 4.735
6125.000 4.828
6130.000 4.695
6135.000 4.078
6140.000 4.212
6145.000 4.055
6150.000 4.453
6155.000 4.535
6160.000 4.395
6165.000 4.404
6170.000 4.239
6175.000 4.318
6180.000 4.284
6185.000 4.159
6190.000 4.167
6195.000 4.187
6200.000 4.199
6205.000 4.166
6210.000 4.117
6215.000 4.051
6220.000 4.139
6225.000 3.944
6230.000 4.012
6235.000 3.944
6240.000 3.970
6245.000 3.975
6250.000 3.926
6255.000 3.815
6260.000 3.828
6265.000 3.863
6270.000 3.886
6275.000 3.803
6280.000 3.879
6285.000 3.758
6290.000 3.789
6295.000 3.714
6300.000 3.756
6305.000 3.666
6310.000 3.765
6315.000 3.798
6320.000 3.755
6325.000 3.752
6330.000 3.709
6335.000 3.740
6340.000 3.728
6345.000 3.681
6350.000 3.698
6355.000 3.538
6360.000 3.693
6365.000 3.614
6370.000 3.631
6375.000 3.686
6380.000 3.453
6385.000 3.691
6390.000 3.676
6395.000 3.659
6400.000 3.686
6405.000 3.797
6410.000 3.708
6415.000 3.651
6420.000 3.622
6425.000 3.795
6430.000 3.740
6435.000 3.617
6440.000 3.796
6445.000 3.735
6450.000 2.770
6455.000 2.711
6460.000 2.803
6465.000 3.551
6470.000 3.831
6475.000 3.831
6480.000 3.847
6485.000 3.894
6490.000 3.883
6495.000 3.942
6500.000 3.942
6505.000 3.836
6510.000 3.935
6515.000 3.859
6520.000 3.975
6525.000 4.027
6530.000 4.072
6535.000 4.039
6540.000 4.068
6545.000 4.062
6550.000 4.160
6555.000 4.187
6560.000 4.314
6565.000 4.333
6570.000 4.347
6575.000 4.531
6580.000 4.502
6585.000 4.349
6590.000 4.506
6595.000 4.483
6600.000 4.523
6605.000 4.193
6610.000 4.616
6615.000 4.552
6620.000 4.722
6625.000 4.760
6630.000 4.802
6635.000 4.966
6640.000 5.028
6645.000 5.029
6650.000 4.992
6655.000 5.174
6660.000 5.233
6665.000 5.388
6670.000 5.421
6675.000 5.546
6680.000 4.865
6685.000 5.845
6690.000 5.740
6695.000 5.801
6700.000 5.900
6705.000 6.081
6710.000 6.488
6715.000 6.306
6720.000 6.648
6725.000 6.613
6730.000 6.905
6735.000 7.012
6740.000 7.230
6745.000 7.463
6750.000 7.541
6755.000 7.862
6760.000 7.912
6765.000 8.166
6770.000 8.314
6775.000 7.797
6780.000 8.961
6785.000 9.194
6790.000 9.584
6795.000 10.191
6800.000 10.387
6805.000 10.951
6810.000 10.764
6815.000 11.922
6820.000 12.566
6825.000 12.904
6830.000 13.783
6835.000 14.372
6840.000 15.506
6845.000 16.703
6850.000 17.537
6855.000 19.123
6860.000 19.967
6865.000 22.378
6870.000 25.004
6875.000 26.066
6880.000 29.039
6885.000 32.801
6890.000 37.059
6895.000 43.262
6900.000 46.602
6905.000 52.938
6910.000 55.659
6915.000 58.020
6920.000 42.854
6925.000 46.628
6930.000 42.525
6935.000 39.653
6940.000 34.092
6945.000 28.253
6950.000 27.706
6955.000 24.048
6960.000 22.899
6965.000 20.764
6970.000 18.252
6975.000 17.570
6980.000 16.319
6985.000 15.404
6990.000 14.292
6995.000 13.150
7000.000 12.784
7005.000 11.956
7010.000 11.494
7015.000 10.678
7020.000 10.256
7025.000 10.013
7030.000 9.124
7035.000 9.160
7040.000 8.763
7045.000 7.392
7050.000 8.086
7055.000 7.756
7060.000 7.519
7065.000 6.747
7070.000 7.027
7075.000 6.955
7080.000 6.759
7085.000 6.568
7090.000 6.371
7095.000 6.172
7100.000 6.099
7105.000 5.848
7110.000 5.764
7115.000 5.583
7120.000 5.515
7125.000 5.399
7130.000 5.243
7135.000 5.062
7140.000 5.001
7145.000 4.819
7150.000 4.835
7155.000 4.705
7160.000 4.722
7165.000 4.596
7170.000 4.583
7175.000 4.328
7180.000 3.427
7185.000 4.268
7190.000 4.173
7195.000 4.127
7200.000 4.062
7205.000 4.081
7210.000 3.894
7215.000 3.898
7220.000 3.900
7225.000 3.841
7230.000 3.598
7235.000 3.709
7240.000 3.369
7245.000 2.773
7250.000 3.485
7255.000 3.229
7260.000 2.946
7265.000 3.440
7270.000 3.435
7275.000 3.234
7280.000 3.304
7285.000 3.316
7290.000 1.880
7295.000 3.245
7300.000 3.115
7305.000 3.127
7310.000 3.082
7315.000 2.052
7320.000 2.942
7325.000 2.834
7330.000 3.127
7335.000 3.142
7340.000 2.968
7345.000 2.938
7350.000 2.971
7355.000 3.041
7360.000 3.022
7365.000 2.915
7370.000 2.929
7375.000 1.937
7380.000 2.743
7385.000 2.862
7390.000 2.847
7395.000 2.652
7400.000 2.729
7405.000 2.815
7410.000 2.817
7415.000 2.725
7420.000 2.791
7425.000 2.771
7430.000 2.676
7435.000 2.712
7440.000 2.717
7445.000 2.785
7450.000 2.836
7455.000 2.595
7460.000 2.714
7465.000 2.688
7470.000 2.725
7475.000 2.710
7480.000 2.591
7485.000 2.706
7490.000 2.641
7495.000 2.620
7500.000 2.644
7505.000 2.697
7510.000 2.712
7515.000 2.511
7520.000 2.651
7525.000 2.671
7530.000 2.752
7535.000 2.609
7540.000 2.604
7545.000 2.616
7550.000 2.683
7555.000 2.175
7560.000 2.537
7565.000 2.675
7570.000 2.648
7575.000 2.330
7580.000 2.661
7585.000 2.608
7590.000 2.521
7595.000 2.120
7600.000 2.662
7605.000 2.699
7610.000 2.807
7615.000 2.158
7620.000 2.893
7625.000 2.791
7630.000 2.787
7635.000 2.853
7640.000 2.695
7645.000 2.834
7650.000 2.851
7655.000 2.861
7660.000 2.922
7665.000 2.879
7670.000 2.937
7675.000 2.934
7680.000 2.887
7685.000 3.014
7690.000 3.018
7695.000 2.959
7700.000 3.062
7705.000 3.070
7710.000 2.961
7715.000 3.101
7720.000 1.648
7725.000 2.464
7730.000 3.049
7735.000 3.325
7740.000 2.368
7745.000 1.398
7750.000 3.227
7755.000 3.338
7760.000 3.411
7765.000 2.471
7770.000 3.160
7775.000 3.515
7780.000 3.586
7785.000 3.595
7790.000 3.193
7795.000 2.792
7800.000 3.037
7805.000 3.414
7810.000 3.845
7815.000 3.986
7820.000 3.993
7825.000 3.534
7830.000 3.955
7835.000 4.142
7840.000 4.395
7845.000 4.370
7850.000 2.765
7855.000 3.091
7860.000 4.214
7865.000 4.859
7870.000 4.405
7875.000 4.962
7880.000 4.760
7885.000 4.734
7890.000 5.388
7895.000 5.442
7900.000 5.694
7905.000 5.716
7910.000 5.049
7915.000 6.214
7920.000 5.944
7925.000 6.506
7930.000 6.807
7935.000 6.911
7940.000 7.265
7945.000 7.610
7950.000 7.957
7955.000 6.120
7960.000 8.433
7965.000 8.563
7970.000 9.260
7975.000 9.480
7980.000 10.047
7985.000 10.681
7990.000 11.527
7995.000 11.893
8000.000 13.020
8005.000 13.609
8010.000 15.047
8015.000 16.526
8020.000 17.544
8025.000 19.673
8030.000 20.954
8035.000 24.092
8040.000 27.823
8045.000 29.850
8050.000 34.513
8055.000 36.758
8060.000 40.574
8065.000 41.710
8070.000 40.397
8075.000 37.098
8080.000 34.502
8085.000 29.297
8090.000 25.058
8095.000 23.470
8100.000 20.365
8105.000 17.358
8110.000 16.664
8115.000 15.118
8120.000 14.209
8125.000 13.007
8130.000 12.309
8135.000 11.433
8140.000 10.598
8145.000 10.291
8150.000 9.549
8155.000 9.117
8160.000 8.710
8165.000 8.122
8170.000 7.873
8175.000 7.406
8180.000 7.212
8185.000 6.783
8190.000 6.546
8195.000 6.407
8200.000 6.115
8205.000 5.912
8210.000 5.795
8215.000 5.505
8220.000 5.411
8225.000 5.183
8230.000 5.113
8235.000 4.839
8240.000 4.737
8245.000 4.632
8250.000 4.553
8255.000 4.407
8260.000 4.410
8265.000 4.286
8270.000 4.150
8275.000 3.999
8280.000 3.917
8285.000 3.908
8290.000 3.729
8295.000 3.650
8300.000 3.580
8305.000 3.649
8310.000 3.579
8315.000 3.554
8320.000 3.453
8325.000 3.321
8330.000 3.357
8335.000 3.336
8340.000 3.226
8345.000 3.120
8350.000 3.150
8355.000 3.146
8360.000 3.003
8365.000 2.909
8370.000 2.997
8375.000 2.990
8380.000 2.905
8385.000 2.814
8390.000 2.854
8395.000 2.716
8400.000 2.709
8405.000 2.632
8410.000 2.750
8415.000 2.601
8420.000 2.599
8425.000 2.551
8430.000 2.642
8435.000 2.555
8440.000 2.437
8445.000 2.501
8450.000 2.509
8455.000 2.391
8460.000 2.496
8465.000 2.429
8470.000 2.357
8475.000 2.320
8480.000 2.337
8485.000 2.193
8490.000 2.296
8495.000 2.259
8500.000 2.281
8505.000 2.307
8510.000 2.289
8515.000 2.117
8520.000 2.218
8525.000 2.147
8530.000 2.002
8535.000 2.093
8540.000 2.182
8545.000 1.511
8550.000 2.174
8555.000 2.192
8560.000 2.112
8565.000 2.219
8570.000 2.084
8575.000 2.134
8580.000 2.074
8585.000 2.067
8590.000 2.184
8595.000 2.057
8600.000 2.051
8605.000 2.192
8610.000 1.996
8615.000 2.037
8620.000 1.967
8625.000 2.121
8630.000 2.001
8635.000 2.091
8640.000 2.076
8645.000 1.997
8650.000 2.036
8655.000 1.992
8660.000 2.088
8665.000 1.969
8670.000 2.164
8675.000 2.010
8680.000 2.018
8685.000 2.037
8690.000 2.018
8695.000 2.126
8700.000 2.119
8705.000 2.113
8710.000 2.035
8715.000 2.095
8720.000 1.991
8725.000 2.027
8730.000 2.005
8735.000 2.127
8740.000 2.064
8745.000 1.989
8750.000 1.997
8755.000 2.176
8760.000 2.087
8765.000 2.070
8770.000 2.145
8775.000 2.117
8780.000 2.180
8785.000 2.056
8790.000 2.194
8795.000 2.116
8800.000 2.115
8805.000 2.211
8810.000 2.185
8815.000 2.080
8820.000 2.079
8825.000 2.218
8830.000 2.260
8835.000 2.230
8840.000 2.351
8845.000 2.252
8850.000 2.274
8855.000 2.204
8860.000 2.416
8865.000 2.390
8870.000 2.331
8875.000 2.341
8880.000 2.383
8885.000 2.405
8890.000 2.575
8895.000 2.378
8900.000 2.466
8905.000 2.584
8910.000 2.611
8915.000 2.641
8920.000 2.502
8925.000 2.647
8930.000 2.634
8935.000 2.838
8940.000 2.857
8945.000 2.828
8950.000 2.867
8955.000 2.880
8960.000 3.054
8965.000 3.012
8970.000 3.041
8975.000 3.023
8980.000 3.146
8985.000 3.058
8990.000 3.282
8995.000 3.319
9000.000 3.390
9005.000 3.417
9010.000 3.458
9015.000 3.703
9020.000 3.560
9025.000 3.650
9030.000 3.722
9035.000 3.932
9040.000 3.929
9045.000 4.103
9050.000 4.107
9055.000 4.332
9060.000 4.535
9065.000 4.552
9070.000 4.775
9075.000 4.871
9080.000 5.083
9085.000 5.329
9090.000 5.360
9095.000 5.723
9100.000 5.773
9105.000 6.135
9110.000 6.445
9115.000 6.681
9120.000 7.069
9125.000 7.326
9130.000 7.859
9135.000 8.563
9140.000 8.799
9145.000 9.638
9150.000 10.049
9155.000 10.929
9160.000 12.063
9165.000 12.774
9170.000 14.256
9175.000 15.184
9180.000 17.167
9185.000 19.588
9190.000 20.853
9195.000 23.811
9200.000 25.023
9205.000 26.540
9210.000 27.546
9215.000 27.107
9220.000 24.583
9225.000 23.122
9230.000 19.804
9235.000 17.283
9240.000 16.085
9245.000 13.964
9250.000 13.233
9255.000 11.772
9260.000 10.633
9265.000 10.076
9270.000 9.154
9275.000 8.763
9280.000 8.056
9285.000 7.458
9290.000 7.246
9295.000 6.728
9300.000 6.527
9305.000 6.053
9310.000 5.720
9315.000 5.532
9320.000 5.132
9325.000 5.153
9330.000 4.867
9335.000 4.672
9340.000 4.527
9345.000 4.346
9350.000 4.189
9355.000 4.034
9360.000 3.933
9365.000 3.813
9370.000 3.724
9375.000 3.630
9380.000 3.547
9385.000 3.399
9390.000 3.428
9395.000 3.237
9400.000 3.179
9405.000 3.072
9410.000 3.051
9415.000 2.962
9420.000 2.866
9425.000 2.963
9430.000 2.831
9435.000 2.773
9440.000 2.635
9445.000 2.580
9450.000 2.678
9455.000 2.559
9460.000 2.467
9465.000 2.528
9470.000 2.384
9475.000 2.413
9480.000 2.330
9485.000 2.382
9490.000 2.305
9495.000 2.319
9500.000 2.329
9505.000 2.176
9510.000 2.162
9515.000 2.153
9520.000 2.094
9525.000 2.081
9530.000 2.037
9535.000 2.147
9540.000 2.051
9545.000 2.017
9550.000 2.005
9555.000 1.993
9560.000 1.890
9565.000 1.996
9570.000 1.834
9575.000 1.920
9580.000 1.777
9585.000 1.731
9590.000 1.821
9595.000 1.813
9600.000 1.872
9605.000 1.801
9610.000 1.783
9615.000 1.753
9620.000 1.759
9625.000 1.779
9630.000 1.703
9635.000 1.753
9640.000 1.727
9645.000 1.689
9650.000 1.714
9655.000 1.672
9660.000 1.773
9665.000 1.686
9670.000 1.712
9675.000 1.665
9680.000 1.727
9685.000 1.673
9690.000 1.666
9695.000 1.759
9700.000 1.717
9705.000 1.660
9710.000 1.653
9715.000 1.732
9720.000 1.661
9725.000 1.694
9730.000 1.623
9735.000 1.644
9740.000 1.603
9745.000 1.579
9750.000 1.581
9755.000 1.585
9760.000 1.567
9765.000 1.638
9770.000 1.535
9775.000 1.532
9780.000 1.576
9785.000 1.526
9790.000 1.560
9795.000 1.504
9800.000 1.522
9805.000 1.435
9810.000 1.429
9815.000 1.482
9820.000 1.468
9825.000 1.465
9830.000 1.427
9835.000 1.409
9840.000 1.459
9845.000 1.488
9850.000 1.457
9855.000 1.440
9860.000 1.537
9865.000 1.605
9870.000 1.577
9875.000 1.686
9880.000 1.638
9885.000 1.594
9890.000 1.668
9895.000 1.682
9900.000 1.576
9905.000 1.616
9910.000 1.593
9915.000 1.658
9920.000 1.640
9925.000 1.661
9930.000 1.648
9935.000 1.711
9940.000 1.696
9945.000 1.697
9950.000 1.722
9955.000 1.773
9960.000 1.719
9965.000 1.764
9970.000 1.723
9975.000 1.679
9980.000 1.806
9985.000 1.701
9990.000 1.840
9995.000 1.750
10000.000 1.833
10005.000 1.801
10010.000 1.811
10015.000 1.920
10020.000 1.919
10025.000 1.841
10030.000 1.891
10035.000 1.866
10040.000 1.902
10045.000 2.064
10050.000 1.910
10055.000 2.014
10060.000 1.938
10065.000 1.944
10070.000 2.061
10075.000 2.074
10080.000 2.016
10085.000 2.146
10090.000 2.155
10095.000 2.198
10100.000 2.188
10105.000 2.175
10110.000 2.209
10115.000 2.431
10120.000 2.311
10125.000 2.465
10130.000 2.540
10135.000 2.517
10140.000 2.580
10145.000 2.509
10150.000 2.672
10155.000 2.682
10160.000 2.744
10165.000 2.728
10170.000 2.860
10175.000 2.958
10180.000 2.956
10185.000 3.030
10190.000 3.113
10195.000 3.122
10200.000 3.270
10205.000 3.325
10210.000 3.334
10215.000 3.561
10220.000 3.677
10225.000 3.798
10230.000 3.998
10235.000 4.096
10240.000 4.160
10245.000 4.155
10250.000 4.529
10255.000 4.749
10260.000 4.986
10265.000 5.065
10270.000 5.290
10275.000 5.700
10280.000 6.067
10285.000 6.269
10290.000 6.787
10295.000 6.995
10300.000 7.508
10305.000 8.326
10310.000 8.751
10315.000 9.616
10320.000 10.266
10325.000 11.541
10330.000 13.006
10335.000 13.800
10340.000 15.668
10345.000 16.731
10350.000 18.807
10355.000 20.674
10360.000 21.321
10365.000 21.476
10370.000 21.040
10375.000 19.150
10380.000 16.951
10385.000 15.859
10390.000 13.676
10395.000 12.662
10400.000 11.234
10405.000 9.916
10410.000 9.393
10415.000 8.481
10420.000 8.113
10425.000 7.370
10430.000 6.780
10435.000 6.274
10440.000 5.962
10445.000 5.795
10450.000 5.407
10455.000 4.783
10460.000 4.790
10465.000 4.660
10470.000 4.517
10475.000 4.351
10480.000 4.069
10485.000 4.020
10490.000 3.775
10495.000 3.752
10500.000 3.542
10505.000 3.409
10510.000 3.381
10515.000 3.241
10520.000 3.111
10525.000 3.115
10530.000 2.967
10535.000 2.903
10540.000 2.762
10545.000 2.726
10550.000 2.588
10555.000 2.509
10560.000 2.493
10565.000 2.424
10570.000 2.353
10575.000 2.448
10580.000 2.301
10585.000 2.298
10590.000 2.306
10595.000 2.130
10600.000 2.133
10605.000 2.104
10610.000 2.147
10615.000 2.050
10620.000 2.020
10625.000 1.926
10630.000 1.967
10635.000 1.830
10640.000 1.769
10645.000 1.899
10650.000 1.852
10655.000 1.737
10660.000 1.799
10665.000 1.815
10670.000 1.781
10675.000 1.671
10680.000 1.706
10685.000 1.724
10690.000 1.687
10695.000 1.657
10700.000 1.621
10705.000 1.504
10710.000 1.569
10715.000 1.517
10720.000 1.577
10725.000 1.502
10730.000 1.643
10735.000 1.532
10740.000 1.459
10745.000 1.512
10750.000 1.418
10755.000 1.436
10760.000 1.465
10765.000 1.362
10770.000 1.508
10775.000 1.356
10780.000 1.442
10785.000 1.364
10790.000 1.426
10795.000 1.349
10800.000 1.362
10805.000 1.350
10810.000 1.319
10815.000 1.281
10820.000 1.311
10825.000 1.124
10830.000 1.306
10835.000 1.289
10840.000 1.355
10845.000 1.270
10850.000 1.152
10855.000 1.289
10860.000 1.162
10865.000 1.201
10870.000 1.297
10875.000 1.232
10880.000 1.217
10885.000 1.282
10890.000 1.309
10895.000 1.243
10900.000 1.232
10905.000 1.265
10910.000 1.232
10915.000 1.225
10920.000 1.251
10925.000 1.190
10930.000 1.276
10935.000 1.246
10940.000 1.287
10945.000 1.179
10950.000 1.236
10955.000 1.242
10960.000 1.219
10965.000 1.272
10970.000 1.228
10975.000 1.253
10980.000 1.251
10985.000 1.195
10990.000 1.182
10995.000 1.252
11000.000 1.302
11005.000 1.227
11010.000 1.218
11015.000 1.299
11020.000 1.293
11025.000 1.191
11030.000 1.304
11035.000 1.207
11040.000 1.246
11045.000 1.218
11050.000 1.156
11055.000 1.175
11060.000 1.244
11065.000 1.268
11070.000 1.317
11075.000 1.271
11080.000 1.268
11085.000 1.327
11090.000 1.279
11095.000 1.316
11100.000 1.344
11105.000 1.169
11110.000 1.345
11115.000 1.351
11120.000 1.431
11125.000 1.097
11130.000 1.418
11135.000 1.448
11140.000 1.345
11145.000 1.395
11150.000 1.423
11155.000 1.431
11160.000 1.397
11165.000 1.412
11170.000 1.539
11175.000 1.484
11180.000 1.568
11185.000 1.346
11190.000 1.556
11195.000 1.557
11200.000 1.575
11205.000 1.488
11210.000 1.613
11215.000 1.660
11220.000 1.591
11225.000 1.667
11230.000 1.626
11235.000 1.467
11240.000 1.771
11245.000 1.703
11250.000 1.765
11255.000 1.845
11260.000 1.915
11265.000 1.397
11270.000 1.666
11275.000 1.990
11280.000 1.977
11285.000 2.015
11290.000 1.990
11295.000 2.081
11300.000 2.050
11305.000 2.105
11310.000 2.259
11315.000 2.261
11320.000 2.332
11325.000 2.184
11330.000 2.401
11335.000 2.174
11340.000 2.412
11345.000 2.295
11350.000 2.598
11355.000 2.598
11360.000 2.890
11365.000 2.702
11370.000 2.214
11375.000 3.157
11380.000 3.172
11385.000 3.302
11390.000 3.270
11395.000 3.528
11400.000 3.816
11405.000 3.802
11410.000 4.070
11415.000 4.173
11420.000 4.541
11425.000 4.461
11430.000 4.033
11435.000 5.372
11440.000 5.585
11445.000 6.080
11450.000 6.677
11455.000 6.318
11460.000 7.700
11465.000 8.150
11470.000 9.010
11475.000 10.215
11480.000 10.809
11485.000 12.155
11490.000 12.785
11495.000 14.137
11500.000 15.144
11505.000 15.330
11510.000 14.913
11515.000 14.235
11520.000 13.014
11525.000 11.020
11530.000 10.053
11535.000 9.479
11540.000 8.974
11545.000 8.074
11550.000 7.126
11555.000 6.822
11560.000 5.912
11565.000 5.595
11570.000 5.380
11575.000 4.831
11580.000 4.776
11585.000 4.462
11590.000 4.275
11595.000 3.960
11600.000 3.796
11605.000 3.514
11610.000 3.320
11615.000 3.366
11620.000 3.210
11625.000 3.021
11630.000 2.492
11635.000 2.823
11640.000 2.745
11645.000 2.661
11650.000 2.617
11655.000 2.472
11660.000 2.424
11665.000 2.377
11670.000 2.252
11675.000 2.279
11680.000 2.135
11685.000 2.111
11690.000 2.033
11695.000 1.955
11700.000 1.929
11705.000 1.836
11710.000 1.772
11715.000 1.844
11720.000 1.745
11725.000 1.801
11730.000 1.829
11735.000 1.660
11740.000 1.617
11745.000 1.604
11750.000 1.582
11755.000 1.590
11760.000 1.532
11765.000 1.463
11770.000 1.421
11775.000 1.448
11780.000 1.424
11785.000 1.414
11790.000 1.433
11795.000 1.384
11800.000 1.383
11805.000 1.401
11810.000 1.386
11815.000 1.351
11820.000 1.320
11825.000 1.160
11830.000 1.212
11835.000 1.194
11840.000 1.200
11845.000 1.242
11850.000 1.224
11855.000 1.178
11860.000 1.139
11865.000 1.127
11870.000 1.127
11875.000 1.116
11880.000 1.142
11885.000 1.094
11890.000 1.084
11895.000 1.169
11900.000 1.052
11905.000 1.074
11910.000 1.041
11915.000 1.181
11920.000 1.070
11925.000 1.089
11930.000 1.074
11935.000 1.008
11940.000 0.955
11945.000 1.016
11950.000 1.014
11955.000 1.048
11960.000 1.039
11965.000 0.981
11970.000 0.947
11975.000 0.975
11980.000 0.911
11985.000 1.037
11990.000 1.004
11995.000 0.930
12000.000 0.989
12005.000 0.956
12010.000 0.953
12015.000 0.971
12020.000 0.966
12025.000 0.947
12030.000 0.956
12035.000 0.935
12040.000 0.876
12045.000 0.943
12050.000 0.924
12055.000 0.893
12060.000 1.002
12065.000 1.024
12070.000 0.879
12075.000 0.963
12080.000 0.899
12085.000 0.852
12090.000 1.019
12095.000 1.007
12100.000 0.936
12105.000 1.007
12110.000 0.954
12115.000 0.878
12120.000 0.954
12125.000 0.948
12130.000 0.904
12135.000 0.949
12140.000 0.971
12145.000 0.998
12150.000 0.982
12155.000 0.900
12160.000 0.991
12165.000 0.979
12170.000 1.011
12175.000 1.050
12180.000 0.995
12185.000 0.934
12190.000 0.966
12195.000 0.891
12200.000 0.955
12205.000 1.029
12210.000 0.886
12215.000 0.938
12220.000 0.872
12225.000 1.005
12230.000 0.967
12235.000 0.992
12240.000 1.001
12245.000 1.014
12250.000 0.949
12255.000 0.969
12260.000 1.088
12265.000 0.919
12270.000 0.964
12275.000 1.025
12280.000 0.996
12285.000 1.070
12290.000 1.017
12295.000 1.090
12300.000 1.135
12305.000 1.130
12310.000 1.130
12315.000 1.129
12320.000 1.159
12325.000 1.102
12330.000 1.101
12335.000 1.214
12340.000 1.187
12345.000 1.239
12350.000 1.239
12355.000 1.224
12360.000 1.218
12365.000 1.232
12370.000 1.240
12375.000 1.222
12380.000 1.285
12385.000 1.316
12390.000 1.296
12395.000 1.357
12400.000 1.347
12405.000 1.357
12410.000 1.364
12415.000 1.481
12420.000 1.511
12425.000 1.473
12430.000 1.574
12435.000 1.487
12440.000 1.555
12445.000 1.649
12450.000 1.613
12455.000 1.796
12460.000 1.757
12465.000 1.747
12470.000 1.817
12475.000 1.809
12480.000 1.871
12485.000 1.981
12490.000 2.026
12495.000 2.072
12500.000 2.133
12505.000 2.177
12510.000 2.163
12515.000 2.309
12520.000 2.485
12525.000 2.484
12530.000 2.568
12535.000 2.744
12540.000 2.776
12545.000 2.980
12550.000 3.029
12555.000 3.219
12560.000 3.370
12565.000 3.484
12570.000 3.751
12575.000 3.884
12580.000 4.103
12585.000 4.265
12590.000 4.656
12595.000 5.035
12600.000 5.220
12605.000 5.783
12610.000 6.059
12615.000 6.745
12620.000 7.356
12625.000 7.748
12630.000 8.572
12635.000 8.997
12640.000 9.816
12645.000 10.430
12650.000 10.608
12655.000 10.725
12660.000 10.541
12665.000 9.910
12670.000 9.220
12675.000 8.746
12680.000 7.938
12685.000 7.415
12690.000 6.735
12695.000 6.383
12700.000 5.807
12705.000 5.316
12710.000 5.061
12715.000 4.555
12720.000 4.572
12725.000 4.117
12730.000 3.764
12735.000 3.653
12740.000 3.459
12745.000 3.369
12750.000 3.212
12755.000 3.082
12760.000 2.992
12765.000 2.793
12770.000 2.735
12775.000 2.616
12780.000 2.566
12785.000 2.424
12790.000 2.265
12795.000 2.295
12800.000 2.230
12805.000 2.003
12810.000 2.013
12815.000 1.907
12820.000 1.972
12825.000 1.910
12830.000 1.933
12835.000 1.842
12840.000 1.750
12845.000 1.730
12850.000 1.772
12855.000 1.697
12860.000 1.597
12865.000 1.568
12870.000 1.601
12875.000 1.579
12880.000 1.574
12885.000 1.414
12890.000 1.418
12895.000 1.414
12900.000 1.401
12905.000 1.394
12910.000 1.380
12915.000 1.355
12920.000 1.291
12925.000 1.318
12930.000 1.251
12935.000 1.235
12940.000 1.263
12945.000 1.187
12950.000 1.062
12955.000 1.165
12960.000 1.169
12965.000 1.225
12970.000 1.226
12975.000 1.168
12980.000 1.138
12985.000 1.077
12990.000 1.057
12995.000 1.113
13000.000 1.063
13005.000 1.030
13010.000 1.152
13015.000 1.087
13020.000 1.065
13025.000 1.086
13030.000 1.109
13035.000 0.992
13040.000 1.044
13045.000 1.007
13050.000 1.020
13055.000 0.976
13060.000 1.025
13065.000 0.999
13070.000 1.063
13075.000 0.964
13080.000 0.972
13085.000 0.962
13090.000 0.893
13095.000 0.979
13100.000 0.883
13105.000 0.966
13110.000 0.919
13115.000 0.910
13120.000 0.926
13125.000 0.901
13130.000 0.923
13135.000 0.896
13140.000 0.867
13145.000 0.841
13150.000 0.888
13155.000 0.903
13160.000 0.893
13165.000 0.822
13170.000 0.883
13175.000 0.899
13180.000 0.855
13185.000 0.975
13190.000 0.905
13195.000 0.903
13200.000 0.927
13205.000 0.948
13210.000 0.854
13215.000 0.874
13220.000 0.886
13225.000 0.881
13230.000 0.765
13235.000 0.903
13240.000 0.932
13245.000 0.845
13250.000 0.891
13255.000 0.842
13260.000 0.849
13265.000 0.881
13270.000 0.888
13275.000 0.896
13280.000 0.888
13285.000 0.859
13290.000 0.923
13295.000 0.886
13300.000 0.955
13305.000 0.931
13310.000 0.947
13315.000 0.865
13320.000 0.942
13325.000 0.932
13330.000 0.942
13335.000 0.902
13340.000 0.884
13345.000 0.968
13350.000 0.901
13355.000 0.961
13360.000 0.907
13365.000 0.873
13370.000 0.950
13375.000 0.894
13380.000 0.981
13385.000 1.011
13390.000 0.976
13395.000 1.038
13400.000 1.005
13405.000 1.065
13410.000 0.984
13415.000 0.991
13420.000 1.011
13425.000 1.121
13430.000 0.995
13435.000 0.969
13440.000 1.076
13445.000 1.022
13450.000 1.068
13455.000 1.011
13460.000 1.058
13465.000 1.078
13470.000 1.178
13475.000 1.111
13480.000 1.137
13485.000 1.169
13490.000 1.174
13495.000 1.153
13500.000 1.204
13505.000 1.267
13510.000 1.209
13515.000 1.276
13520.000 1.234
13525.000 1.246
13530.000 1.307
13535.000 1.400
13540.000 1.361
13545.000 1.345
13550.000 1.441
13555.000 1.440
13560.000 1.400
13565.000 1.479
13570.000 1.449
13575.000 1.486
13580.000 1.582
13585.000 1.624
13590.000 1.665
13595.000 1.536
13600.000 1.647
13605.000 1.744
13610.000 1.722
13615.000 1.829
13620.000 1.885
13625.000 1.885
13630.000 1.860
13635.000 1.962
13640.000 2.093
13645.000 2.125
13650.000 2.275
13655.000 2.187
13660.000 2.321
13665.000 2.405
13670.000 2.429
13675.000 2.591
13680.000 2.608
13685.000 2.660
13690.000 2.817
13695.000 2.919
13700.000 3.121
13705.000 3.191
13710.000 3.419
13715.000 3.594
13720.000 3.678
13725.000 3.948
13730.000 4.109
13735.000 4.369
13740.000 4.610
13745.000 4.849
13750.000 5.160
13755.000 5.385
13760.000 5.753
13765.000 6.182
13770.000 6.309
13775.000 6.724
13780.000 6.894
13785.000 7.081
13790.000 7.258
13795.000 7.225
13800.000 7.042
13805.000 7.043
13810.000 6.697
13815.000 6.228
13820.000 6.047
13825.000 5.613
13830.000 5.480
13835.000 5.095
13840.000 4.645
13845.000 4.596
13850.000 4.256
13855.000 4.134
13860.000 3.779
13865.000 3.641
13870.000 3.509
13875.000 3.277
13880.000 3.202
13885.000 3.015
13890.000 2.923
13895.000 2.813
13900.000 2.701
13905.000 2.610
13910.000 2.501
13915.000 2.331
13920.000 2.303
13925.000 2.195
13930.000 2.156
13935.000 2.101
13940.000 2.117
13945.000 2.021
13950.000 1.870
13955.000 1.790
13960.000 1.854
13965.000 1.716
13970.000 1.787
13975.000 1.696
13980.000 1.637
13985.000 1.610
13990.000 1.584
13995.000 1.604
14000.000 1.491
14005.000 1.526
14010.000 1.437
14015.000 1.407
14020.000 1.417
14025.000 1.358
14030.000 1.317
14035.000 1.298
14040.000 1.290
14045.000 1.258
14050.000 1.235
14055.000 1.209
14060.000 1.211
14065.000 1.146
14070.000 1.161
14075.000 1.214
14080.000 1.170
14085.000 1.174
14090.000 1.134
14095.000 1.114
14100.000 1.136
14105.000 1.031
14110.000 1.033
14115.000 1.040
14120.000 0.996
14125.000 0.986
14130.000 1.030
14135.000 1.037
14140.000 1.003
14145.000 1.018
14150.000 0.963
14155.000 0.957
14160.000 0.928
14165.000 0.872
14170.000 0.906
14175.000 0.880
14180.000 0.971
14185.000 0.927
14190.000 0.933
14195.000 0.894
14200.000 0.927
14205.000 0.926
14210.000 0.905
14215.000 0.815
14220.000 0.960
14225.000 0.914
14230.000 0.901
14235.000 0.843
14240.000 0.855
14245.000 0.817
14250.000 0.853
14255.000 0.880
14260.000 0.862
14265.000 0.879
14270.000 0.811
14275.000 0.778
14280.000 0.896
14285.000 0.800
14290.000 0.845
14295.000 0.791
14300.000 0.836
14305.000 0.818
14310.000 0.802
14315.000 0.811
14320.000 0.881
14325.000 0.734
14330.000 0.839
14335.000 0.803
14340.000 0.856
14345.000 0.811
14350.000 0.812
14355.000 0.758
14360.000 0.817
14365.000 0.875
14370.000 0.727
14375.000 0.753
14380.000 0.738
14385.000 0.793
14390.000 0.753
14395.000 0.837
14400.000 0.885
14405.000 0.821
14410.000 0.772
14415.000 0.779
14420.000 0.785
14425.000 0.866
14430.000 0.837
14435.000 0.836
14440.000 0.776
14445.000 0.855
14450.000 0.817
14455.000 0.781
14460.000 0.792
14465.000 0.846
14470.000 0.845
14475.000 0.745
14480.000 0.867
14485.000 0.936
14490.000 0.839
14495.000 0.804
14500.000 0.861
14505.000 0.839
14510.000 0.842
14515.000 0.839
14520.000 0.836
14525.000 0.884
14530.000 0.844
14535.000 0.750
14540.000 0.832
14545.000 0.869
14550.000 0.844
14555.000 0.907
14560.000 0.885
14565.000 0.919
14570.000 0.860
14575.000 0.925
14580.000 0.868
14585.000 0.904
14590.000 0.886
14595.000 0.971
14600.000 0.951
14605.000 0.915
14610.000 0.915
14615.000 0.962
14620.000 0.940
14625.000 0.960
14630.000 1.012
14635.000 0.936
14640.000 0.970
14645.000 0.990
14650.000 1.033
14655.000 0.997
14660.000 1.047
14665.000 1.052
14670.000 1.110
14675.000 1.071
14680.000 1.083
14685.000 1.072
14690.000 1.102
14695.000 1.106
14700.000 1.165
14705.000 1.174
14710.000 1.122
14715.000 1.202
14720.000 1.187
14725.000 1.184
14730.000 1.174
14735.000 1.232
14740.000 1.256
14745.000 1.217
14750.000 1.243
14755.000 1.282
14760.000 1.385
14765.000 1.335
14770.000 1.505
14775.000 1.355
14780.000 1.448
14785.000 1.435
14790.000 1.389
14795.000 1.477
14800.000 1.501
14805.000 1.579
14810.000 1.692
14815.000 1.610
14820.000 1.667
14825.000 1.729
14830.000 1.785
14835.000 1.804
14840.000 1.851
14845.000 1.914
14850.000 2.008
14855.000 1.998
14860.000 2.086
14865.000 2.155
14870.000 2.196
14875.000 2.302
14880.000 2.416
14885.000 2.536
14890.000 2.519
14895.000 2.686
14900.000 2.786
14905.000 2.912
14910.000 3.067
14915.000 3.155
14920.000 3.262
14925.000 3.374
14930.000 3.612
14935.000 3.689
14940.000 3.739
14945.000 4.066
14950.000 4.052
14955.000 4.234
14960.000 4.296
14965.000 4.352
14970.000 4.377
14975.000 4.275
14980.000 4.289
14985.000 4.086
14990.000 4.083
14995.000 3.887
15000.000 3.905
15005.000 3.670
15010.000 3.452
15015.000 3.396
15020.000 3.207
15025.000 3.171
15030.000 2.968
15035.000 2.849
15040.000 2.757
15045.000 2.640
15050.000 2.468
15055.000 2.368
15060.000 2.307
15065.000 2.251
15070.000 2.048
15075.000 2.038
15080.000 2.041
15085.000 1.918
15090.000 1.880
15095.000 1.818
15100.000 1.794
15105.000 1.687
15110.000 1.669
15115.000 1.612
15120.000 1.577
15125.000 1.527
15130.000 1.520
15135.000 1.519
15140.000 1.546
15145.000 1.304
15150.000 1.308
15155.000 1.366
15160.000 1.285
15165.000 1.298
15170.000 1.220
15175.000 1.223
15180.000 1.183
15185.000 1.158
15190.000 1.157
15195.000 1.123
15200.000 1.128
15205.000 1.079
15210.000 1.083
15215.000 1.114
15220.000 1.053
15225.000 1.069
15230.000 1.035
15235.000 1.045
15240.000 0.937
15245.000 1.029
15250.000 0.925
15255.000 0.950
15260.000 0.909
15265.000 0.891
15270.000 0.931
15275.000 0.893
15280.000 0.895
15285.000 0.962
15290.000 0.842
15295.000 0.819
15300.000 0.883
15305.000 0.802
15310.000 0.857
15315.000 0.867
15320.000 0.843
15325.000 0.832
15330.000 0.840
15335.000 0.639
15340.000 0.810
15345.000 0.856
15350.000 0.818
15355.000 0.797
15360.000 0.805
15365.000 0.817
15370.000 0.795
15375.000 0.781
15380.000 0.782
15385.000 0.796
15390.000 0.703
15395.000 0.875
15400.000 0.738
15405.000 0.755
15410.000 0.713
15415.000 0.837
15420.000 0.707
15425.000 0.723
15430.000 0.789
15435.000 0.728
15440.000 0.772
15445.000 0.790
15450.000 0.731
15455.000 0.695
15460.000 0.735
15465.000 0.710
15470.000 0.731
15475.000 0.728
15480.000 0.690
15485.000 0.736
15490.000 0.767
15495.000 0.712
15500.000 0.799
15505.000 0.709
15510.000 0.768
15515.000 0.720
15520.000 0.740
15525.000 0.743
15530.000 0.745
15535.000 0.771
15540.000 0.822
15545.000 0.831
15550.000 0.740
15555.000 0.702
15560.000 0.798
15570.000 0.797
15580.000 0.774
15585.000 0.759
15590.000 0.786
15595.000 0.765
15600.000 0.774
15605.000 0.793
15610.000 0.797
15615.000 0.771
15620.000 0.759
15625.000 0.826
15630.000 0.795
15635.000 0.813
15640.000 0.806
15645.000 0.824
15650.000 0.769
15655.000 0.819
15660.000 0.767
15665.000 0.805
15670.000 0.806
15675.000 0.817
15680.000 0.882
15685.000 0.884
15690.000 0.908
15695.000 0.902
15700.000 0.907
15705.000 0.933
15710.000 0.820
15715.000 0.866
15720.000 0.941
15725.000 0.899
15730.000 0.966
15735.000 0.904
15740.000 0.938
15745.000 0.975
15750.000 0.965
15755.000 1.034
15760.000 1.023
15765.000 0.994
15770.000 1.072
15775.000 1.034
15780.000 1.077
15785.000 1.090
15790.000 1.076
15795.000 1.120
15800.000 1.153
15805.000 1.137
15810.000 1.158
15815.000 1.153
15820.000 1.278
15825.000 1.165
15830.000 1.289
15835.000 1.310
15840.000 1.299
15845.000 1.321
15850.000 1.325
15855.000 1.319
15860.000 1.451
15865.000 1.453
15870.000 1.487
15875.000 1.483
15880.000 1.518
15885.000 1.563
15890.000 1.628
15895.000 1.624
15900.000 1.694
15905.000 1.730
15910.000 1.654
15915.000 1.832
15920.000 1.932
15925.000 1.925
15930.000 2.001
15935.000 2.080
15940.000 2.095
15945.000 2.166
15950.000 2.212
15955.000 2.297
15960.000 2.430
15965.000 2.462
15970.000 2.478
15975.000 2.633
15980.000 2.700
15985.000 2.837
15990.000 2.877
15995.000 2.981
16000.000 3.128
16005.000 3.374
16010.000 3.385
16015.000 3.520
16020.000 3.672
16025.000 3.858
16030.000 4.051
16035.000 4.134
16040.000 4.292
16045.000 4.473
16050.000 4.614
16055.000 4.840
16060.000 4.911
16065.000 5.176
16070.000 5.153
16075.000 5.316
16080.000 5.343
16085.000 5.445
16090.000 5.348
16095.000 5.408
16100.000 5.375
16105.000 5.278
16110.000 5.252
16115.000 5.062
16120.000 5.000
16125.000 4.854
16130.000 4.652
16135.000 4.662
16140.000 4.482
16145.000 4.356
16150.000 4.218
16155.000 4.093
16160.000 3.952
16165.000 3.827
16170.000 3.784
16175.000 3.657
16180.000 3.556
16185.000 3.504
16190.000 3.385
16195.000 3.357
16200.000 3.241
16205.000 3.188
16210.000 3.151
16215.000 3.000
16220.000 2.953
16225.000 2.919
16230.000 2.880
16235.000 2.918
16240.000 2.800
16245.000 2.816
16250.000 2.777
16255.000 2.782
16260.000 2.673
16265.000 2.682
16270.000 2.748
16275.000 2.675
16280.000 2.634
16285.000 2.599
16290.000 2.622
16295.000 2.616
16300.000 2.582
16305.000 2.523
16310.000 2.519
16315.000 2.565
16320.000 2.474
16325.000 2.430
16330.000 2.470
16335.000 2.468
16340.000 2.468
16345.000 2.463
16350.000 2.400
16355.000 2.331
16360.000 2.296
16365.000 2.220
16370.000 2.184
16375.000 2.148
16380.000 2.192
16385.000 2.049
16390.000 1.942
16395.000 1.867
16400.000 1.837
16405.000 1.673
16410.000 1.702
16415.000 1.621
16420.000 1.520
16425.000 1.373
16430.000 1.284
16435.000 1.338
16440.000 1.182
16445.000 1.120
16450.000 0.998
16455.000 0.968
16460.000 0.907
16465.000 0.808
16470.000 0.748
16475.000 0.733
16480.000 0.655
16485.000 0.608
16490.000 0.533
16495.000 0.470
16500.000 0.399
16505.000 0.479
16510.000 0.302
16515.000 0.318
16520.000 0.312
16525.000 0.411
16530.000 0.473
16535.000 0.638
16540.000 0.722
16545.000 0.894
16550.000 1.125
16555.000 1.296
16560.000 1.629
16565.000 1.960
16570.000 2.125
16575.000 2.547
16580.000 2.830
16585.000 3.337
16590.000 3.647
16595.000 3.811
16600.000 4.104
16605.000 4.268
16610.000 4.466
16615.000 4.674
16620.000 4.808
16625.000 5.040
16630.000 5.151
16635.000 5.520
16640.000 5.880
16645.000 6.154
16650.000 6.774
16655.000 7.023
16660.000 7.643
16665.000 8.194
16670.000 8.487
16675.000 8.751
16680.000 8.701
16685.000 8.420
16690.000 7.877
16695.000 7.629
16700.000 7.001
16705.000 6.652
16710.000 6.201
16715.000 5.683
16720.000 5.534
16725.000 5.157
16730.000 5.029
16735.000 4.820
16740.000 4.698
16745.000 4.649
16750.000 4.467
16755.000 4.481
16760.000 4.456
16765.000 4.418
16770.000 4.516
16775.000 4.522
16780.000 4.584
16785.000 4.809
16790.000 4.871
16795.000 5.040
16800.000 5.228
16805.000 5.448
16810.000 5.734
16815.000 6.087
16820.000 6.396
16825.000 6.826
16830.000 7.201
16835.000 7.812
16840.000 8.488
16845.000 8.811
16850.000 9.557
16855.000 9.966
16860.000 10.381
16865.000 10.611
16870.000 10.565
16875.000 10.155
16880.000 9.859
16885.000 9.153
16890.000 8.365
16895.000 8.102
16900.000 7.315
16905.000 7.067
16910.000 6.460
16915.000 6.049
16920.000 5.804
16925.000 5.414
16930.000 5.258
16935.000 5.000
16940.000 4.749
16945.000 4.584
16950.000 4.416
16955.000 4.405
16960.000 4.280
16965.000 4.146
16970.000 4.082
16975.000 4.034
16980.000 3.920
16985.000 3.858
16990.000 3.888
16995.000 3.805
17000.000 3.828
17005.000 3.848
17010.000 3.854
17015.000 3.891
17020.000 3.955
17025.000 4.057
17030.000 4.076
17035.000 4.117
17040.000 4.371
17045.000 4.372
17050.000 4.564
17055.000 4.752
17060.000 4.984
17065.000 5.153
17070.000 5.487
17075.000 5.902
17080.000 6.105
17085.000 6.577
17090.000 6.860
17095.000 7.499
17100.000 8.057
17105.000 8.406
17110.000 8.994
17115.000 9.217
17120.000 9.524
17125.000 9.566
17130.000 9.539
17135.000 9.186
17140.000 8.839
17145.000 8.246
17150.000 7.631
17155.000 7.379
17160.000 6.865
17165.000 6.571
17170.000 6.129
17175.000 5.726
17180.000 5.509
17185.000 5.223
17190.000 5.213
17195.000 4.968
17200.000 4.753
17205.000 4.752
17210.000 4.656
17215.000 4.577
17220.000 4.504
17225.000 4.446
17230.000 4.475
17235.000 4.499
17240.000 4.411
17245.000 4.500
17250.000 4.509
17255.000 4.481
17260.000 4.362
17265.000 4.271
17270.000 4.072
17275.000 3.728
17280.000 3.480
17285.000 3.050
17290.000 2.788
17295.000 2.378
17300.000 2.001
17305.000 1.825
17310.000 1.639
17315.000 1.568
17320.000 1.374
17325.000 1.314
17330.000 1.294
17335.000 1.358
17340.000 1.364
17345.000 1.472
17350.000 1.488
17355.000 1.594
17360.000 1.706
17365.000 1.718
17370.000 2.001
17380.000 2.046
17385.000 2.232
17390.000 2.463
17395.000 2.505
17400.000 2.767
17405.000 2.842
17410.000 3.143
17415.000 3.435
17420.000 3.599
17425.000 3.930
17430.000 4.104
17435.000 4.567
17440.000 5.133
17445.000 5.407
17450.000 5.946
17455.000 6.327
17460.000 7.011
17465.000 7.657
17470.000 7.982
17475.000 8.453
17480.000 8.647
17485.000 8.745
17490.000 8.545
17495.000 8.315
17500.000 7.902
17505.000 7.562
17510.000 7.128
17515.000 6.603
17520.000 6.297
17525.000 5.895
17530.000 5.794
17535.000 5.392
17540.000 5.020
17545.000 4.850
17550.000 4.681
17555.000 4.551
17560.000 4.381
17565.000 4.184
17570.000 4.045
17575.000 3.932
17580.000 3.859
17585.000 3.751
17590.000 3.669
17595.000 3.583
17600.000 3.561
17605.000 3.536
17610.000 3.433
17615.000 3.406
17620.000 3.322
17625.000 3.335
17630.000 3.350
17635.000 3.233
17640.000 3.282
17645.000 3.252
17650.000 3.277
17655.000 3.154
17660.000 3.209
17665.000 3.232
17670.000 3.203
17675.000 3.271
17680.000 3.271
17685.000 3.359
17690.000 3.396
17695.000 3.378
17700.000 3.409
17705.000 3.457
17710.000 3.486
17715.000 3.556
17720.000 3.574
17725.000 3.644
17730.000 3.698
17735.000 3.825
17740.000 3.873
17745.000 3.975
17750.000 4.086
17755.000 4.205
17760.000 4.325
17765.000 4.516
17770.000 4.615
17775.000 4.758
17780.000 4.880
17785.000 5.125
17790.000 5.451
17795.000 5.515
17800.000 5.877
17805.000 6.106
17810.000 6.437
17820.000 7.238
17825.000 7.415
17830.000 7.945
17835.000 8.235
17840.000 8.763
17845.000 9.196
17850.000 9.458
17855.000 9.922
17860.000 10.069
17865.000 10.293
17870.000 10.330
17875.000 10.105
17880.000 9.769
17885.000 9.551
17890.000 8.949
17895.000 8.645
17900.000 8.169
17905.000 7.563
17910.000 7.257
17915.000 6.799
17920.000 6.544
17925.000 6.066
17930.000 5.674
17935.000 5.433
17940.000 5.166
17945.000 4.944
17950.000 4.808
17955.000 4.558
17960.000 4.348
17965.000 4.141
17970.000 3.994
17975.000 3.757
17980.000 3.685
17985.000 3.657
17990.000 3.457
17995.000 3.305
18000.000 3.286
18005.000 3.153
18010.000 3.145
18015.000 3.178
18020.000 3.078
18025.000 3.035
18030.000 2.825
18035.000 2.806
18040.000 2.818
18045.000 2.582
18050.000 2.754
18055.000 2.652
18060.000 2.479
18065.000 2.689
18070.000 2.467
18075.000 2.482
18080.000 2.554
18085.000 2.471
18090.000 2.407
18095.000 2.477
18100.000 2.450
18105.000 2.355
18110.000 2.483
18115.000 2.477
18120.000 2.478
18125.000 2.391
18130.000 2.533
18135.000 2.408
18140.000 2.495
18145.000 2.613
18150.000 2.541
18155.000 2.514
18160.000 2.566
18165.000 2.508
18170.000 2.707
18175.000 2.644
18180.000 2.767
18185.000 2.807
18190.000 2.896
18195.000 2.833
18200.000 2.933
18205.000 2.982
18210.000 3.119
18215.000 3.169
18220.000 3.326
18225.000 3.374
18230.000 3.515
18235.000 3.605
18240.000 3.917
18245.000 3.904
18250.000 4.135
18255.000 4.263
18260.000 4.457
18265.000 4.782
18270.000 5.029
18275.000 5.330
18280.000 5.536
18285.000 5.941
18290.000 6.329
18295.000 6.592
18300.000 6.980
18305.000 7.185
18310.000 7.529
18315.000 7.729
18320.000 7.740
18325.000 7.698
18330.000 7.625
18335.000 7.316
18340.000 6.914
18345.000 6.559
18350.000 6.194
18355.000 5.981
18360.000 5.491
18365.000 5.090
18370.000 4.812
18375.000 4.580
18380.000 4.357
18385.000 4.123
18390.000 3.774
18395.000 3.703
18400.000 3.424
18405.000 3.331
18410.000 3.066
18415.000 2.888
18420.000 2.749
18425.000 2.448
18430.000 2.374
18435.000 2.202
18440.000 2.060
18445.000 1.883
18450.000 1.861
18455.000 1.851
18460.000 1.759
18465.000 1.677
18470.000 1.667
18475.000 1.692
18480.000 1.676
18485.000 1.597
18490.000 1.606
18495.000 1.564
18500.000 1.606
18505.000 1.574
18510.000 1.595
18515.000 1.602
18520.000 1.562
18525.000 1.537
18530.000 1.476
18535.000 1.510
18540.000 1.500
18545.000 1.509
18550.000 1.448
18555.000 1.510
18560.000 1.467
18565.000 1.602
18570.000 1.484
18575.000 1.516
18580.000 1.482
18585.000 1.456
18590.000 1.532
18595.000 1.526
18600.000 1.472
18605.000 1.504
18610.000 1.456
18615.000 1.602
18620.000 1.533
18625.000 1.561
18630.000 1.516
18635.000 1.604
18640.000 1.547
18645.000 1.643
18650.000 1.594
18655.000 1.637
18660.000 1.704
18665.000 1.742
18670.000 1.785
18675.000 1.797
18680.000 1.870
18685.000 1.873
18690.000 1.941
18695.000 1.887
18700.000 1.974
18705.000 2.021
18710.000 2.076
18715.000 2.115
18720.000 2.194
18725.000 2.256
18730.000 2.270
18735.000 2.391
18740.000 2.453
18745.000 2.467
18750.000 2.671
18755.000 2.712
18760.000 2.817
18765.000 2.978
18770.000 3.043
18775.000 3.198
18780.000 3.334
18785.000 3.397
18790.000 3.593
18795.000 3.819
18800.000 4.108
18805.000 4.205
18810.000 4.465
18815.000 4.604
18820.000 4.957
18825.000 5.229
18830.000 5.421
18835.000 5.693
18840.000 5.849
18845.000 6.122
18850.000 6.399
18855.000 6.374
18860.000 6.468
18865.000 6.538
18870.000 6.403
18875.000 6.214
18880.000 6.099
18885.000 5.924
18890.000 5.654
18895.000 5.441
18900.000 5.167
18905.000 4.977
18910.000 4.730
18915.000 4.597
18920.000 4.321
18925.000 4.146
18930.000 4.012
18935.000 3.767
18940.000 3.708
18945.000 3.545
18950.000 3.347
18955.000 3.385
18960.000 3.183
18965.000 3.108
18970.000 3.024
18975.000 2.874
18980.000 2.846
18985.000 2.727
18990.000 2.712
18995.000 2.654
19000.000 2.619
19005.000 2.559
19010.000 2.452
19015.000 2.476
19020.000 2.410
19025.000 2.418
19030.000 2.385
19035.000 2.303
19040.000 2.234
19045.000 2.305
19050.000 2.222
19055.000 2.225
19060.000 2.178
19065.000 2.237
19070.000 2.131
19075.000 2.143
19080.000 2.137
19085.000 2.134
19090.000 2.140
19095.000 2.142
19100.000 2.128
19105.000 2.102
19110.000 2.081
19115.000 2.058
19120.000 2.059
19125.000 2.059
19130.000 2.093
19135.000 2.077
19140.000 2.133
19145.000 2.064
19150.000 2.116
19155.000 2.112
19160.000 2.093
19165.000 2.117
19170.000 2.219
19175.000 2.188
19180.000 2.157
19185.000 2.218
19190.000 2.252
19195.000 2.201
19200.000 2.274
19205.000 2.298
19210.000 2.323
19215.000 2.397
19220.000 2.318
19225.000 2.420
19230.000 2.442
19235.000 2.447
19240.000 2.497
19245.000 2.567
19250.000 2.618
19255.000 2.598
19260.000 2.724
19265.000 2.797
19270.000 2.817
19275.000 2.901
19280.000 2.946
19285.000 3.057
19290.000 3.099
19295.000 3.224
19300.000 3.326
19305.000 3.397
19310.000 3.509
19315.000 3.525
19320.000 3.647
19325.000 3.867
19330.000 3.922
19335.000 4.072
19340.000 4.161
19345.000 4.321
19350.000 4.522
19355.000 4.646
19360.000 4.875
19365.000 4.930
19370.000 5.125
19375.000 5.218
19380.000 5.409
19385.000 5.532
19390.000 5.630
19395.000 5.814
19400.000 5.854
19405.000 5.886
19410.000 5.861
19415.000 5.888
19420.000 5.816
19425.000 5.779
19430.000 5.691
19435.000 5.489
19440.000 5.359
19445.000 5.225
19450.000 5.086
19455.000 4.970
19460.000 4.726
19465.000 4.560
19470.000 4.436
19475.000 4.316
19480.000 4.133
19485.000 4.009
19490.000 3.924
19495.000 3.675
19500.000 3.639
19505.000 3.577
19510.000 3.379
19515.000 3.292
19520.000 3.245
19525.000 3.163
19530.000 3.008
19535.000 2.934
19540.000 2.887
19545.000 2.816
19550.000 2.744
19555.000 2.642
19560.000 2.634
19565.000 2.528
19570.000 2.475
19575.000 2.424
19580.000 2.383
19585.000 2.332
19590.000 2.287
19595.000 2.216
19600.000 2.154
19605.000 2.076
19610.000 2.033
19615.000 2.008
19620.000 1.947
19625.000 1.973
19630.000 1.995
19635.000 1.898
19640.000 1.869
19645.000 1.895
19650.000 1.925
19655.000 1.827
19660.000 1.769
19665.000 1.788
19670.000 1.843
19675.000 1.776
19680.000 1.762
19685.000 1.813
19690.000 1.731
19695.000 1.765
19700.000 1.710
19705.000 1.762
19710.000 1.729
19715.000 1.736
19720.000 1.691
19725.000 1.704
19730.000 1.747
19735.000 1.670
19740.000 1.760
19745.000 1.737
19750.000 1.657
19755.000 1.706
19760.000 1.682
19765.000 1.672
19770.000 1.728
19775.000 1.781
19780.000 1.735
19785.000 1.687
19790.000 1.669
19795.000 1.736
19800.000 1.698
19805.000 1.734
19810.000 1.759
19815.000 1.737
19820.000 1.764
19825.000 1.787
19830.000 1.778
19835.000 1.786
19840.000 1.749
19845.000 1.784
19850.000 1.785
19855.000 1.905
19860.000 1.952
19865.000 1.905
19870.000 1.881
19875.000 1.900
19880.000 2.015
19885.000 2.028
19890.000 1.995
19895.000 2.066
19900.000 2.054
19905.000 2.080
19910.000 2.151
19915.000 2.204
19920.000 2.235
19925.000 2.268
19930.000 2.318
19935.000 2.329
19940.000 2.433
19945.000 2.467
19950.000 2.495
19955.000 2.547
19960.000 2.604
19965.000 2.696
19970.000 2.801
19975.000 2.853
19980.000 2.917
19985.000 2.981
19990.000 3.055
19995.000 3.126
20000.000 3.224
