5.000 0.117
10.000 0.134
15.000 0.168
20.000 0.078
25.000 0.198
30.000 0.105
35.000 0.101
40.000 0.343
45.000 0.256
50.000 0.183
55.000 0.351
60.000 0.230
65.000 0.146
70.000 0.218
75.000 0.345
80.000 0.384
85.000 0.462
90.000 0.386
95.000 0.529
100.000 0.442
105.000 0.456
110.000 0.452
115.000 0.478
120.000 0.422
125.000 0.692
130.000 0.494
135.000 0.621
140.000 0.585
145.000 0.651
150.000 0.700
155.000 0.672
160.000 0.698
165.000 0.845
170.000 0.936
175.000 0.843
180.000 0.970
185.000 0.999
190.000 1.126
195.000 1.112
200.000 1.304
205.000 1.541
210.000 1.467
215.000 1.557
220.000 1.687
225.000 1.802
230.000 2.081
235.000 2.308
240.000 2.752
245.000 2.832
250.000 3.119
255.000 3.544
260.000 4.240
265.000 4.789
270.000 5.763
275.000 6.331
280.000 7.782
285.000 9.453
290.000 10.088
295.000 11.637
300.000 12.192
305.000 12.919
310.000 12.488
315.000 12.060
320.000 11.443
325.000 11.030
330.000 10.169
335.000 9.880
340.000 9.346
345.000 8.915
350.000 8.969
355.000 8.788
360.000 8.594
365.000 8.590
370.000 8.420
375.000 8.350
380.000 8.584
385.000 8.644
390.000 8.753
395.000 8.992
400.000 8.973
405.000 9.152
410.000 9.344
415.000 9.602
420.000 9.888
425.000 10.004
430.000 10.268
435.000 10.264
440.000 10.387
445.000 9.984
450.000 10.199
455.000 10.258
460.000 9.975
465.000 9.773
470.000 9.553
475.000 9.577
480.000 9.148
485.000 9.033
490.000 9.009
495.000 9.521
500.000 8.439
505.000 8.937
510.000 8.733
515.000 8.503
520.000 8.741
525.000 8.709
530.000 8.802
535.000 9.343
540.000 9.565
545.000 10.144
550.000 10.539
555.000 11.460
560.000 12.287
565.000 13.500
570.000 15.027
575.000 16.235
580.000 18.526
585.000 20.007
590.000 20.556
595.000 19.107
600.000 17.604
605.000 14.124
610.000 11.326
615.000 10.239
620.000 8.423
625.000 7.639
630.000 6.524
635.000 6.185
640.000 5.240
645.000 4.671
650.000 4.446
655.000 4.002
660.000 3.831
665.000 3.498
670.000 3.228
675.000 3.065
680.000 2.904
685.000 2.616
690.000 2.476
695.000 2.425
700.000 2.406
705.000 2.307
710.000 2.257
715.000 2.164
720.000 2.117
725.000 2.059
730.000 2.012
735.000 1.965
740.000 1.935
745.000 1.939
750.000 1.918
755.000 1.877
760.000 1.843
765.000 1.864
770.000 1.848
775.000 1.862
780.000 1.817
785.000 1.889
790.000 1.925
795.000 1.913
800.000 1.982
805.000 2.064
810.000 2.058
815.000 2.187
820.000 2.409
825.000 2.438
830.000 2.562
835.000 2.628
840.000 2.938
845.000 3.283
850.000 3.518
855.000 4.041
860.000 4.441
865.000 5.143
870.000 5.822
875.000 5.931
880.000 5.481
885.000 5.019
890.000 3.817
895.000 2.981
900.000 2.637
905.000 2.171
910.000 1.934
915.000 1.623
920.000 1.396
925.000 1.316
930.000 1.166
935.000 1.142
940.000 0.985
945.000 0.952
950.000 0.894
955.000 0.817
960.000 0.799
965.000 0.751
970.000 0.735
975.000 0.690
980.000 0.703
985.000 0.676
990.000 0.654
995.000 0.665
1000.000 0.661
1005.000 0.663
1010.000 0.684
1015.000 0.665
1020.000 0.650
1025.000 0.680
1030.000 0.688
1035.000 0.696
1040.000 0.695
1045.000 0.723
1050.000 0.742
1055.000 0.789
1060.000 0.790
1065.000 0.839
1070.000 0.846
1075.000 0.882
1080.000 0.958
1085.000 0.986
1090.000 1.060
1095.000 1.102
1100.000 1.196
1105.000 1.290
1110.000 1.366
1115.000 1.542
1120.000 1.606
1125.000 1.862
1130.000 2.156
1135.000 2.337
1140.000 2.887
1145.000 3.231
1150.000 4.029
1155.000 4.960
1160.000 5.341
1165.000 5.446
1170.000 5.133
1175.000 4.167
1180.000 3.486
1185.000 3.214
1190.000 2.826
1195.000 2.660
1200.000 2.481
1205.000 2.308
1210.000 2.233
1215.000 2.029
1220.000 2.081
1225.000 2.059
1230.000 1.915
1235.000 1.883
1240.000 1.838
1245.000 1.828
1250.000 1.794
1255.000 1.758
1260.000 1.753
1265.000 1.704
1270.000 1.800
1275.000 1.781
1280.000 1.744
1285.000 1.743
1290.000 1.761
1295.000 1.751
1300.000 1.763
1305.000 1.809
1310.000 1.837
1315.000 1.882
1320.000 1.894
1325.000 1.947
1330.000 2.016
1335.000 2.060
1340.000 2.136
1345.000 2.191
1350.000 2.307
1355.000 2.414
1360.000 2.490
1365.000 2.665
1370.000 2.727
1375.000 2.930
1380.000 3.194
1385.000 3.370
1390.000 3.682
1395.000 3.878
1400.000 4.294
1405.000 4.968
1410.000 5.317
1415.000 6.250
1420.000 6.797
1425.000 8.228
1430.000 10.148
1435.000 11.263
1440.000 13.766
1445.000 14.782
1450.000 15.448
1455.000 13.323
1460.000 11.917
1465.000 9.444
1470.000 8.526
1475.000 7.115
1480.000 6.122
1485.000 5.751
1490.000 5.102
1495.000 4.859
1500.000 4.437
1505.000 4.117
1510.000 3.961
1515.000 3.756
1520.000 3.568
1525.000 3.470
1530.000 3.378
1535.000 3.293
1540.000 3.189
1545.000 3.136
1550.000 3.088
1555.000 3.035
1560.000 3.011
1565.000 2.994
1570.000 2.984
1575.000 3.004
1580.000 3.002
1585.000 3.027
1590.000 3.081
1595.000 3.103
1600.000 3.164
1605.000 3.202
1610.000 3.294
1615.000 3.419
1620.000 3.491
1625.000 3.634
1630.000 3.689
1635.000 3.892
1640.000 4.110
1645.000 4.235
1650.000 4.520
1655.000 4.683
1660.000 5.058
1665.000 5.511
1670.000 5.765
1675.000 6.378
1680.000 6.731
1685.000 7.561
1690.000 8.629
1695.000 9.261
1700.000 10.828
1705.000 11.821
1710.000 14.181
1715.000 17.227
1720.000 18.994
1725.000 22.559
1730.000 23.990
1735.000 24.830
1740.000 22.358
1745.000 20.507
1750.000 16.999
1755.000 15.583
1760.000 13.287
1765.000 11.609
1770.000 10.949
1775.000 9.864
1780.000 9.406
1785.000 8.665
1790.000 8.086
1795.000 7.831
1800.000 7.387
1805.000 7.232
1810.000 6.914
1815.000 6.660
1820.000 6.563
1825.000 6.375
1830.000 6.324
1835.000 6.213
1840.000 6.134
1845.000 6.095
1850.000 6.063
1855.000 6.055
1860.000 6.049
1865.000 6.091
1870.000 6.088
1875.000 6.158
1880.000 6.208
1885.000 6.293
1890.000 6.413
1895.000 6.483
1900.000 6.637
1905.000 6.731
1910.000 6.939
1915.000 7.184
1920.000 7.311
1925.000 7.607
1930.000 7.790
1935.000 8.155
1940.000 8.594
1945.000 8.852
1950.000 9.402
1955.000 9.711
1960.000 10.438
1965.000 11.301
1970.000 11.766
1975.000 12.897
1980.000 13.550
1985.000 15.080
1990.000 16.947
1995.000 18.045
2000.000 20.580
2005.000 22.022
2010.000 25.135
2015.000 28.182
2020.000 29.416
2025.000 30.501
2030.000 30.116
2035.000 27.670
2040.000 24.124
2045.000 22.326
2050.000 19.154
2055.000 17.787
2060.000 15.498
2065.000 13.680
2070.000 12.914
2075.000 11.610
2080.000 11.054
2085.000 10.082
2090.000 9.286
2095.000 8.945
2100.000 8.328
2105.000 8.063
2110.000 7.568
2115.000 7.362
2120.000 6.988
2125.000 6.676
2130.000 6.547
2135.000 6.302
2140.000 6.201
2145.000 6.015
2150.000 5.864
2155.000 5.793
2160.000 5.686
2165.000 5.636
2170.000 5.576
2175.000 5.537
2180.000 5.521
2185.000 5.519
2190.000 5.553
2195.000 5.557
2200.000 5.632
2205.000 5.668
2210.000 5.789
2215.000 5.861
2220.000 6.012
2225.000 6.218
2230.000 6.343
2235.000 6.616
2240.000 6.779
2245.000 7.177
2250.000 7.646
2255.000 7.941
2260.000 8.595
2265.000 8.977
2270.000 9.897
2275.000 11.095
2280.000 11.793
2285.000 13.539
2290.000 14.611
2295.000 17.228
2300.000 20.506
2305.000 22.342
2310.000 25.757
2315.000 26.862
2320.000 26.540
2325.000 22.879
2330.000 20.632
2335.000 16.757
2340.000 15.210
2345.000 12.757
2350.000 10.953
2355.000 10.233
2360.000 9.026
2365.000 8.525
2370.000 7.710
2375.000 7.036
2380.000 6.752
2385.000 6.276
2390.000 6.054
2395.000 5.688
2400.000 5.389
2405.000 5.245
2410.000 4.986
2415.000 4.890
2420.000 4.711
2425.000 4.560
2430.000 4.497
2435.000 4.373
2440.000 4.341
2445.000 4.261
2450.000 4.205
2455.000 4.187
2460.000 4.153
2465.000 4.146
2470.000 4.146
2475.000 4.156
2480.000 4.173
2485.000 4.219
2490.000 4.254
2495.000 4.329
2500.000 4.427
2505.000 4.489
2510.000 4.634
2515.000 4.713
2520.000 4.912
2525.000 5.156
2530.000 5.291
2535.000 5.629
2540.000 5.815
2545.000 6.254
2550.000 6.815
2555.000 7.163
2560.000 7.985
2565.000 8.488
2570.000 9.710
2575.000 11.383
2580.000 12.442
2585.000 15.090
2590.000 16.737
2595.000 20.380
2600.000 23.131
2605.000 23.259
2610.000 20.141
2615.000 17.660
2620.000 13.532
2625.000 10.765
2630.000 9.716
2635.000 8.134
2640.000 7.503
2645.000 6.506
2650.000 5.757
2655.000 5.442
2660.000 4.919
2665.000 4.681
2670.000 4.300
2675.000 3.980
2680.000 3.848
2685.000 3.617
2690.000 3.507
2695.000 3.323
2700.000 3.177
2705.000 3.101
2710.000 2.994
2715.000 2.944
2720.000 2.867
2725.000 2.820
2730.000 2.760
2735.000 2.710
2740.000 2.712
2745.000 2.688
2750.000 2.691
2755.000 2.679
2760.000 2.682
2765.000 2.706
2770.000 2.744
2775.000 2.751
2780.000 2.813
2785.000 2.926
2790.000 2.959
2795.000 3.043
2800.000 3.127
2805.000 3.554
2810.000 3.443
2815.000 3.558
2820.000 3.794
2825.000 3.933
2830.000 4.267
2835.000 4.696
2840.000 4.935
2845.000 5.532
2850.000 5.897
2855.000 6.808
2860.000 8.038
2865.000 8.814
2870.000 10.831
2875.000 12.094
2880.000 15.158
2885.000 18.189
2890.000 19.017
2895.000 17.689
2900.000 15.734
2905.000 11.942
2910.000 9.417
2915.000 8.511
2920.000 7.103
2925.000 6.582
2930.000 5.732
2935.000 5.099
2940.000 4.829
2945.000 4.400
2950.000 4.210
2955.000 3.899
2960.000 3.632
2965.000 3.523
2970.000 3.326
2975.000 3.236
2980.000 3.097
2985.000 2.979
2990.000 2.922
2995.000 2.825
3000.000 2.789
3005.000 2.720
3010.000 2.672
3015.000 2.648
3020.000 2.609
3025.000 2.595
3030.000 2.585
3035.000 2.585
3040.000 2.576
3045.000 2.585
3050.000 2.596
3055.000 2.619
3060.000 2.668
3065.000 2.687
3070.000 2.748
3075.000 2.778
3080.000 2.869
3085.000 2.975
3090.000 3.034
3095.000 3.167
3100.000 3.248
3105.000 3.441
3110.000 3.684
3115.000 3.811
3120.000 4.132
3125.000 4.326
3130.000 4.778
3135.000 5.385
3140.000 5.743
3145.000 6.667
3150.000 7.242
3155.000 8.735
3160.000 10.774
3165.000 12.021
3170.000 14.642
3175.000 15.677
3180.000 15.544
3185.000 12.347
3190.000 10.643
3195.000 8.163
3200.000 7.272
3205.000 5.957
3210.000 5.023
3215.000 4.654
3220.000 4.072
3225.000 3.834
3230.000 3.426
3235.000 3.112
3240.000 2.974
3245.000 2.749
3250.000 2.613
3255.000 2.479
3260.000 2.327
3265.000 2.274
3270.000 2.162
3275.000 2.121
3280.000 2.036
3285.000 1.959
3290.000 1.939
3295.000 1.884
3300.000 1.880
3305.000 1.833
3310.000 1.831
3315.000 1.812
3320.000 1.805
3325.000 1.807
3330.000 1.814
3335.000 1.819
3340.000 1.852
3345.000 1.882
3350.000 1.911
3355.000 1.952
3360.000 1.982
3365.000 2.058
3370.000 2.143
3375.000 2.192
3380.000 2.313
3385.000 2.379
3390.000 2.529
3395.000 2.724
3400.000 2.830
3405.000 3.098
3410.000 3.245
3415.000 3.617
3420.000 4.091
3425.000 4.383
3430.000 5.111
3435.000 5.568
3440.000 6.722
3445.000 8.368
3450.000 9.418
3455.000 11.924
3460.000 13.219
3465.000 14.734
3470.000 13.067
3475.000 11.386
3480.000 8.604
3485.000 7.625
3490.000 6.196
3495.000 5.231
3500.000 4.851
3505.000 4.246
3510.000 4.007
3515.000 3.614
3520.000 3.295
3525.000 3.165
3530.000 2.952
3535.000 2.848
3540.000 2.679
3545.000 2.540
3550.000 2.474
3555.000 2.366
3560.000 2.327
3565.000 2.248
3570.000 2.180
3575.000 2.148
3580.000 2.106
3585.000 2.084
3590.000 2.052
3595.000 2.020
3600.000 2.018
3605.000 2.009
3610.000 2.007
3615.000 2.003
3620.000 2.004
3625.000 2.024
3630.000 2.045
3635.000 2.052
3640.000 2.098
3645.000 2.116
3650.000 2.176
3655.000 2.236
3660.000 2.275
3665.000 2.362
3670.000 2.467
3675.000 2.534
3680.000 2.677
3685.000 2.762
3690.000 2.958
3695.000 3.200
3700.000 3.348
3705.000 3.699
3710.000 3.914
3715.000 4.435
3720.000 5.142
3725.000 5.587
3730.000 6.727
3735.000 7.463
3740.000 9.275
3745.000 11.302
3750.000 12.061
3755.000 11.880
3760.000 10.758
3765.000 8.002
3770.000 6.107
3775.000 5.427
3780.000 4.426
3785.000 4.051
3790.000 3.451
3795.000 3.004
3800.000 2.830
3805.000 2.535
3810.000 2.401
3815.000 2.195
3820.000 2.015
3825.000 1.945
3830.000 1.812
3835.000 1.761
3840.000 1.664
3845.000 1.579
3850.000 1.545
3855.000 1.486
3860.000 1.460
3865.000 1.417
3870.000 1.382
3875.000 1.368
3880.000 1.344
3885.000 1.332
3890.000 1.323
3895.000 1.320
3900.000 1.324
3905.000 1.332
3910.000 1.337
3915.000 1.359
3920.000 1.367
3925.000 1.398
3930.000 1.448
3935.000 1.459
3940.000 1.511
3945.000 1.547
3950.000 1.615
3955.000 1.699
3960.000 1.755
3965.000 1.866
3970.000 1.947
3975.000 2.100
3980.000 2.296
3985.000 2.407
3990.000 2.686
3995.000 2.858
4000.000 3.273
4005.000 3.823
4010.000 4.166
4015.000 5.059
4020.000 5.623
4025.000 7.086
4030.000 8.896
4035.000 9.781
4040.000 10.551
4045.000 10.076
4050.000 7.856
4055.000 5.972
4060.000 5.301
4065.000 4.323
4070.000 3.958
4075.000 3.388
4080.000 2.963
4085.000 2.795
4090.000 2.524
4095.000 2.402
4100.000 2.211
4105.000 2.065
4110.000 1.991
4115.000 1.876
4120.000 1.833
4125.000 1.750
4130.000 1.690
4135.000 1.658
4140.000 1.613
4145.000 1.593
4150.000 1.558
4155.000 1.534
4160.000 1.520
4165.000 1.517
4170.000 1.502
4175.000 1.502
4180.000 1.502
4185.000 1.500
4190.000 1.526
4195.000 1.530
4200.000 1.554
4205.000 1.566
4210.000 1.596
4215.000 1.640
4220.000 1.663
4225.000 1.716
4230.000 1.749
4235.000 1.823
4240.000 1.906
4245.000 1.965
4250.000 2.080
4255.000 2.148
4260.000 2.303
4265.000 2.495
4270.000 2.616
4275.000 2.872
4280.000 3.039
4285.000 3.430
4290.000 3.935
4295.000 4.254
4300.000 5.073
4305.000 5.597
4310.000 6.945
4315.000 8.736
4320.000 9.718
4325.000 11.223
4330.000 11.305
4335.000 9.578
4340.000 7.227
4345.000 6.356
4350.000 5.095
4355.000 4.642
4360.000 3.945
4365.000 3.441
4370.000 3.242
4375.000 2.907
4380.000 2.777
4385.000 2.557
4390.000 2.370
4395.000 2.298
4400.000 2.183
4405.000 2.125
4410.000 2.030
4415.000 1.957
4420.000 1.935
4425.000 1.895
4430.000 1.867
4435.000 1.844
4440.000 1.825
4445.000 1.821
4450.000 1.819
4455.000 1.829
4460.000 1.842
4465.000 1.860
4470.000 1.870
4475.000 1.919
4480.000 1.941
4485.000 1.995
4490.000 2.067
4495.000 2.107
4500.000 2.188
4505.000 2.238
4510.000 2.348
4515.000 2.483
4520.000 2.552
4525.000 2.723
4530.000 2.819
4535.000 3.029
4540.000 3.293
4545.000 3.440
4550.000 3.773
4555.000 3.971
4560.000 4.431
4565.000 5.006
4570.000 5.359
4575.000 6.212
4580.000 6.728
4585.000 8.042
4590.000 9.834
4595.000 10.984
4600.000 13.840
4605.000 15.513
4610.000 18.725
4615.000 19.698
4620.000 18.639
4625.000 14.739
4630.000 12.960
4635.000 10.334
4640.000 8.561
4645.000 7.885
4650.000 6.832
4655.000 6.402
4660.000 5.719
4665.000 5.185
4670.000 4.955
4675.000 4.567
4680.000 4.405
4685.000 4.119
4690.000 3.882
4695.000 3.782
4700.000 3.594
4705.000 3.512
4710.000 3.379
4715.000 3.266
4720.000 3.209
4725.000 3.125
4730.000 3.087
4735.000 3.014
4740.000 2.965
4745.000 2.942
4750.000 2.907
4755.000 2.896
4760.000 2.882
4765.000 2.878
4770.000 2.879
4775.000 2.893
4780.000 2.902
4785.000 2.940
4790.000 2.963
4795.000 3.016
4800.000 3.088
4805.000 3.130
4810.000 3.237
4815.000 3.298
4820.000 3.439
4825.000 3.607
4830.000 3.707
4835.000 3.936
4840.000 4.072
4845.000 4.397
4850.000 4.815
4855.000 5.047
4860.000 5.643
4865.000 6.001
4870.000 6.913
4875.000 8.166
4880.000 8.963
4885.000 11.018
4890.000 12.299
4895.000 15.192
4900.000 17.368
4905.000 17.358
4910.000 14.452
4915.000 12.439
4920.000 9.369
4925.000 7.407
4930.000 6.695
4935.000 5.596
4940.000 5.171
4945.000 4.485
4950.000 3.968
4955.000 3.761
4960.000 3.395
4965.000 3.244
4970.000 2.988
4975.000 2.767
4980.000 2.678
4985.000 2.517
4990.000 2.449
4995.000 2.324
5000.000 2.224
5005.000 2.183
5010.000 2.102
5015.000 2.059
5020.000 2.021
5025.000 1.980
5030.000 1.957
5035.000 1.932
5040.000 1.925
5045.000 1.918
5050.000 1.909
5055.000 1.912
5060.000 1.920
5065.000 1.936
5070.000 1.966
5075.000 1.993
5080.000 2.023
5085.000 2.076
5090.000 2.118
5095.000 2.194
5100.000 2.295
5105.000 2.345
5110.000 2.482
5115.000 2.562
5120.000 2.732
5125.000 2.950
5130.000 3.073
5135.000 3.384
5140.000 3.559
5145.000 3.986
5150.000 4.550
5155.000 4.897
5160.000 5.784
5165.000 6.340
5170.000 7.779
5175.000 9.733
5180.000 10.889
5185.000 13.090
5190.000 13.723
5195.000 12.820
5200.000 9.920
5205.000 8.661
5210.000 6.830
5215.000 6.165
5220.000 5.154
5225.000 4.428
5230.000 4.150
5235.000 3.679
5240.000 3.491
5245.000 3.166
5250.000 2.906
5255.000 2.806
5260.000 2.612
5265.000 2.531
5270.000 2.392
5275.000 2.271
5280.000 2.222
5285.000 2.130
5290.000 2.100
5295.000 2.029
5300.000 1.966
5305.000 1.952
5310.000 1.910
5315.000 1.891
5320.000 1.865
5325.000 1.846
5330.000 1.844
5335.000 1.833
5340.000 1.836
5345.000 1.840
5350.000 1.857
5355.000 1.864
5360.000 1.890
5365.000 1.902
5370.000 1.946
5375.000 1.997
5380.000 2.034
5385.000 2.101
5390.000 2.153
5395.000 2.238
5400.000 2.307
5405.000 2.433
5410.000 2.591
5415.000 2.682
5420.000 2.908
5425.000 3.040
5430.000 3.351
5435.000 3.763
5440.000 4.010
5445.000 4.629
5450.000 5.024
5455.000 6.018
5460.000 7.388
5465.000 8.221
5470.000 10.022
5475.000 10.774
5480.000 11.028
5485.000 9.106
5490.000 7.910
5495.000 6.074
5500.000 5.409
5505.000 4.427
5510.000 3.737
5515.000 3.458
5520.000 3.023
5525.000 2.853
5530.000 2.550
5535.000 2.315
5540.000 2.225
5545.000 2.050
5550.000 1.980
5555.000 1.857
5560.000 1.752
5565.000 1.702
5570.000 1.630
5575.000 1.594
5580.000 1.541
5585.000 1.492
5590.000 1.477
5595.000 1.444
5600.000 1.423
5605.000 1.408
5610.000 1.398
5615.000 1.389
5620.000 1.384
5625.000 1.389
5630.000 1.396
5635.000 1.407
5640.000 1.418
5645.000 1.438
5650.000 1.459
5655.000 1.490
5660.000 1.541
5665.000 1.560
5670.000 1.633
5675.000 1.664
5680.000 1.753
5685.000 1.853
5690.000 1.908
5695.000 2.049
5700.000 2.130
5705.000 2.315
5710.000 2.545
5715.000 2.683
5720.000 3.006
5725.000 3.209
5730.000 3.716
5735.000 4.384
5740.000 4.800
5745.000 5.886
5750.000 6.564
5755.000 8.195
5760.000 9.806
5765.000 10.257
5770.000 9.618
5775.000 8.610
5780.000 6.609
5785.000 5.230
5790.000 4.733
5795.000 3.971
5800.000 3.663
5805.000 3.198
5810.000 2.854
5815.000 2.709
5820.000 2.461
5825.000 2.359
5830.000 2.185
5835.000 2.041
5840.000 1.979
5845.000 1.866
5850.000 1.819
5855.000 1.737
5860.000 1.670
5865.000 1.647
5870.000 1.590
5875.000 1.574
5880.000 1.535
5885.000 1.500
5890.000 1.489
5895.000 1.469
5900.000 1.463
5905.000 1.452
5910.000 1.440
5915.000 1.451
5920.000 1.446
5925.000 1.458
5930.000 1.473
5935.000 1.492
5940.000 1.505
5945.000 1.531
5950.000 1.560
5955.000 1.608
5960.000 1.658
5965.000 1.697
5970.000 1.763
5975.000 1.824
5980.000 1.920
5985.000 1.983
5990.000 2.120
5995.000 2.293
6000.000 2.395
6005.000 2.643
6010.000 2.792
6015.000 3.145
6020.000 3.631
6025.000 3.926
6030.000 4.687
6035.000 5.171
6040.000 6.359
6045.000 7.731
6050.000 8.321
6055.000 8.635
6060.000 8.147
6065.000 6.423
6070.000 4.958
6075.000 4.424
6080.000 3.626
6085.000 3.313
6090.000 2.830
6095.000 2.485
6100.000 2.334
6105.000 2.096
6110.000 2.001
6115.000 1.834
6120.000 1.701
6125.000 1.637
6130.000 1.535
6135.000 1.497
6140.000 1.422
6145.000 1.354
6150.000 1.331
6155.000 1.284
6160.000 1.264
6165.000 1.233
6170.000 1.208
6175.000 1.194
6180.000 1.184
6185.000 1.174
6190.000 1.171
6195.000 1.164
6200.000 1.174
6205.000 1.173
6210.000 1.186
6215.000 1.192
6220.000 1.223
6225.000 1.227
6230.000 1.259
6235.000 1.275
6240.000 1.325
6245.000 1.372
6250.000 1.407
6255.000 1.482
6260.000 1.524
6265.000 1.610
6270.000 1.740
6275.000 1.807
6280.000 1.955
6285.000 2.048
6290.000 2.273
6295.000 2.553
6300.000 2.715
6305.000 3.126
6310.000 3.382
6315.000 4.036
6320.000 4.932
6325.000 5.480
6330.000 6.773
6335.000 7.435
6340.000 8.287
6345.000 7.704
6350.000 6.928
6355.000 5.385
6360.000 4.790
6365.000 3.899
6370.000 3.286
6375.000 3.044
6380.000 2.658
6385.000 2.504
6390.000 2.244
6395.000 2.042
6400.000 1.957
6405.000 1.820
6410.000 1.750
6415.000 1.647
6420.000 1.554
6425.000 1.520
6430.000 1.452
6435.000 1.420
6440.000 1.366
6445.000 1.326
6450.000 1.309
6455.000 1.280
6460.000 1.260
6465.000 1.239
6470.000 1.226
6475.000 1.218
6480.000 1.211
6485.000 1.206
6490.000 1.206
6495.000 1.215
6500.000 1.211
6505.000 1.227
6510.000 1.234
6515.000 1.255
6520.000 1.279
6525.000 1.302
6530.000 1.334
6535.000 1.362
6540.000 1.411
6545.000 1.478
6550.000 1.514
6555.000 1.603
6560.000 1.649
6565.000 1.773
6570.000 1.844
6575.000 2.008
6580.000 2.217
6585.000 2.359
6590.000 2.660
6595.000 2.849
6600.000 3.334
6605.000 3.991
6610.000 4.397
6615.000 5.388
6620.000 5.953
6625.000 6.949
6630.000 7.052
6635.000 6.597
6640.000 5.192
6645.000 4.565
6650.000 3.630
6655.000 2.988
6660.000 2.753
6665.000 2.366
6670.000 2.209
6675.000 1.964
6680.000 1.774
6685.000 1.690
6690.000 1.557
6695.000 1.496
6700.000 1.396
6705.000 1.318
6710.000 1.280
6715.000 1.219
6720.000 1.193
6725.000 1.147
6730.000 1.113
6735.000 1.094
6740.000 1.071
6745.000 1.062
6750.000 1.042
6755.000 1.025
6760.000 1.019
6765.000 1.019
6770.000 1.014
6775.000 1.022
6780.000 1.030
6785.000 1.032
6790.000 1.043
6795.000 1.061
6800.000 1.077
6805.000 1.107
6810.000 1.120
6815.000 1.160
6820.000 1.184
6825.000 1.233
6830.000 1.295
6835.000 1.334
6840.000 1.415
6845.000 1.466
6850.000 1.575
6855.000 1.709
6860.000 1.782
6865.000 1.986
6870.000 2.102
6875.000 2.383
6880.000 2.754
6885.000 2.972
6890.000 3.536
6895.000 3.889
6900.000 4.753
6905.000 5.781
6910.000 6.246
6915.000 6.701
6920.000 6.502
6925.000 5.421
6930.000 4.281
6935.000 3.835
6940.000 3.151
6945.000 2.895
6950.000 2.486
6955.000 2.185
6960.000 2.060
6965.000 1.853
6970.000 1.772
6975.000 1.616
6980.000 1.502
6985.000 1.451
6990.000 1.363
6995.000 1.326
7000.000 1.258
7005.000 1.206
7010.000 1.185
7015.000 1.141
7020.000 1.113
7025.000 1.083
7030.000 1.054
7035.000 1.048
7040.000 1.034
7045.000 1.021
7050.000 1.009
7055.000 1.006
7060.000 0.996
7065.000 1.005
7070.000 1.006
7075.000 1.007
7080.000 1.022
7085.000 1.027
7090.000 1.040
7095.000 1.050
7100.000 1.083
7105.000 1.108
7110.000 1.129
7115.000 1.174
7120.000 1.201
7125.000 1.260
7130.000 1.329
7135.000 1.378
7140.000 1.481
7145.000 1.526
7150.000 1.666
7155.000 1.846
7160.000 1.949
7165.000 2.223
7170.000 2.380
7175.000 2.778
7180.000 3.022
7185.000 3.649
7190.000 4.462
7195.000 4.902
7200.000 5.671
7205.000 5.820
7210.000 5.370
7215.000 4.286
7220.000 3.791
7225.000 3.044
7230.000 2.755
7235.000 2.331
7240.000 2.017
7245.000 1.892
7250.000 1.679
7255.000 1.600
7260.000 1.454
7265.000 1.344
7270.000 1.295
7275.000 1.208
7280.000 1.169
7285.000 1.113
7290.000 1.061
7295.000 1.043
7300.000 1.005
7305.000 0.994
7310.000 0.961
7315.000 0.939
7320.000 0.930
7325.000 0.921
7330.000 0.910
7335.000 0.905
7340.000 0.898
7345.000 0.899
7350.000 0.900
7355.000 0.906
7360.000 0.914
7365.000 0.927
7370.000 0.924
7375.000 0.946
7380.000 0.965
7385.000 0.988
7390.000 1.024
7395.000 1.040
7400.000 1.081
7405.000 1.108
7410.000 1.167
7415.000 1.244
7420.000 1.282
7425.000 1.373
7430.000 1.427
7435.000 1.554
7440.000 1.714
7445.000 1.810
7450.000 2.039
7455.000 2.177
7460.000 2.542
7465.000 2.750
7470.000 3.301
7475.000 4.010
7480.000 4.420
7485.000 5.247
7490.000 5.563
7495.000 5.572
7500.000 4.735
7505.000 4.219
7510.000 3.369
7515.000 3.040
7520.000 2.533
7525.000 2.173
7530.000 2.026
7535.000 1.790
7540.000 1.692
7545.000 1.537
7550.000 1.406
7555.000 1.346
7560.000 1.252
7565.000 1.211
7570.000 1.143
7575.000 1.088
7580.000 1.064
7585.000 1.017
7590.000 0.992
7595.000 0.965
7600.000 0.934
7605.000 0.916
7610.000 0.904
7615.000 0.890
7620.000 0.882
7625.000 0.863
7630.000 0.865
7635.000 0.862
7640.000 0.862
7645.000 0.859
7650.000 0.862
7655.000 0.865
7660.000 0.882
7665.000 0.882
7670.000 0.898
7675.000 0.928
7680.000 0.924
7685.000 0.967
7690.000 0.983
7695.000 1.023
7700.000 1.076
7705.000 1.110
7710.000 1.174
7715.000 1.218
7720.000 1.315
7725.000 1.435
7730.000 1.507
7735.000 1.675
7740.000 1.781
7745.000 2.033
7750.000 2.377
7755.000 2.589
7760.000 3.145
7765.000 3.474
7770.000 4.180
7775.000 4.741
7780.000 4.825
7785.000 4.400
7790.000 3.982
7795.000 3.176
7800.000 2.588
7805.000 2.354
7810.000 2.003
7815.000 1.860
7820.000 1.641
7825.000 1.468
7830.000 1.400
7835.000 1.283
7840.000 1.234
7845.000 1.151
7850.000 1.080
7855.000 1.047
7860.000 0.995
7865.000 0.977
7870.000 0.934
7875.000 0.910
7880.000 0.891
7885.000 0.870
7890.000 0.857
7895.000 0.846
7900.000 0.830
7905.000 0.833
7910.000 0.829
7915.000 0.821
7920.000 0.823
7925.000 0.834
7930.000 0.839
7935.000 0.844
7940.000 0.853
7945.000 0.870
7950.000 0.890
7955.000 0.896
7960.000 0.916
7965.000 0.928
7970.000 0.954
7975.000 0.970
7980.000 0.992
7985.000 1.011
7990.000 1.043
7995.000 1.104
8000.000 1.189
8005.000 1.231
8010.000 1.323
8015.000 1.380
8020.000 1.508
8025.000 1.697
8030.000 1.806
8035.000 2.085
8040.000 2.263
8045.000 2.696
8050.000 3.252
8055.000 3.613
8060.000 4.263
8065.000 4.499
8070.000 4.465
8075.000 4.180
8080.000 3.370
8085.000 2.730
8090.000 2.503
8095.000 2.163
8100.000 2.026
8105.000 1.753
8110.000 1.533
8115.000 1.436
8120.000 1.290
8125.000 1.220
8130.000 1.127
8135.000 1.043
8140.000 1.013
8145.000 0.978
8150.000 0.956
8155.000 0.923
8160.000 0.872
8165.000 0.860
8170.000 0.824
8175.000 0.815
8180.000 0.781
8185.000 0.761
8190.000 0.750
8195.000 0.731
8200.000 0.730
8205.000 0.718
8210.000 0.714
8215.000 0.713
8220.000 0.716
8225.000 0.717
8230.000 0.722
8235.000 0.723
8240.000 0.733
8245.000 0.741
8250.000 0.742
8255.000 0.771
8260.000 0.800
8265.000 0.804
8270.000 0.843
8275.000 0.851
8280.000 0.903
8285.000 0.966
8290.000 0.990
8295.000 1.067
8300.000 1.119
8305.000 1.226
8310.000 1.361
8315.000 1.438
8320.000 1.645
8325.000 1.777
8330.000 2.083
8335.000 2.497
8340.000 2.734
8345.000 3.254
8350.000 3.482
8355.000 3.638
8360.000 3.248
8365.000 2.978
8370.000 2.533
8375.000 2.375
8380.000 2.105
8385.000 1.826
8390.000 1.703
8395.000 1.495
8400.000 1.406
8405.000 1.264
8410.000 1.156
8415.000 1.113
8420.000 1.027
8425.000 0.992
8430.000 0.938
8435.000 0.902
8440.000 0.867
8445.000 0.829
8450.000 0.811
8455.000 0.788
8460.000 0.774
8465.000 0.773
8470.000 0.772
8475.000 0.767
8480.000 0.761
8485.000 0.752
8490.000 0.754
8495.000 0.751
8500.000 0.751
8505.000 0.752
8510.000 0.759
8515.000 0.760
8520.000 0.769
8525.000 0.779
8530.000 0.799
8535.000 0.821
8540.000 0.834
8545.000 0.869
8550.000 0.883
8555.000 0.914
8560.000 0.957
8565.000 0.973
8570.000 1.018
8575.000 1.038
8580.000 1.102
8585.000 1.187
8590.000 1.244
8595.000 1.368
8600.000 1.437
8605.000 1.623
8610.000 1.852
8615.000 1.998
8620.000 2.343
8625.000 2.558
8630.000 3.069
8635.000 3.599
8640.000 3.812
8645.000 3.893
8650.000 3.679
8655.000 3.037
8660.000 2.725
8665.000 2.203
8670.000 1.849
8675.000 1.718
8680.000 1.514
8685.000 1.428
8690.000 1.276
8695.000 1.137
8700.000 1.081
8705.000 0.987
8710.000 0.943
8715.000 0.872
8720.000 0.819
8725.000 0.797
8730.000 0.750
8735.000 0.739
8740.000 0.702
8745.000 0.670
8750.000 0.661
8755.000 0.640
8760.000 0.635
8765.000 0.616
8770.000 0.606
8775.000 0.603
8780.000 0.589
8785.000 0.590
8790.000 0.581
8795.000 0.583
8800.000 0.590
8805.000 0.587
8810.000 0.598
8815.000 0.597
8820.000 0.617
8825.000 0.616
8830.000 0.632
8835.000 0.641
8840.000 0.660
8845.000 0.692
8850.000 0.706
8855.000 0.744
8860.000 0.771
8865.000 0.813
8870.000 0.879
8875.000 0.913
8880.000 1.008
8885.000 1.065
8890.000 1.190
8895.000 1.366
8900.000 1.465
8905.000 1.715
8910.000 1.867
8915.000 2.237
8920.000 2.664
8925.000 2.876
8930.000 3.211
8935.000 3.250
8940.000 2.962
8945.000 2.418
8950.000 2.185
8955.000 1.824
8960.000 1.677
8965.000 1.451
8970.000 1.285
8975.000 1.213
8980.000 1.104
8985.000 1.048
8990.000 0.978
8995.000 0.920
9000.000 0.880
9005.000 0.841
9010.000 0.818
9015.000 0.781
9020.000 0.754
9025.000 0.747
9030.000 0.723
9035.000 0.719
9040.000 0.697
9045.000 0.695
9050.000 0.680
9055.000 0.677
9060.000 0.670
9065.000 0.669
9070.000 0.669
9075.000 0.673
9080.000 0.671
9085.000 0.676
9090.000 0.680
9095.000 0.704
9100.000 0.692
9105.000 0.707
9110.000 0.721
9115.000 0.738
9120.000 0.765
9125.000 0.774
9130.000 0.803
9135.000 0.821
9140.000 0.864
9145.000 0.915
9150.000 0.942
9155.000 1.003
9160.000 1.045
9165.000 1.134
9170.000 1.258
9175.000 1.321
9180.000 1.485
9185.000 1.585
9190.000 1.828
9195.000 2.143
9200.000 2.328
9205.000 2.732
9210.000 2.942
9215.000 3.210
9220.000 3.116
9225.000 2.917
9230.000 2.396
9235.000 2.162
9240.000 1.771
9245.000 1.608
9250.000 1.357
9255.000 1.184
9260.000 1.105
9265.000 0.980
9270.000 0.937
9275.000 0.845
9280.000 0.779
9285.000 0.748
9290.000 0.699
9295.000 0.674
9300.000 0.639
9305.000 0.611
9310.000 0.588
9315.000 0.565
9320.000 0.556
9325.000 0.533
9330.000 0.513
9335.000 0.507
9340.000 0.503
9345.000 0.500
9350.000 0.489
9355.000 0.478
9360.000 0.480
9365.000 0.476
9370.000 0.469
9375.000 0.474
9380.000 0.472
9385.000 0.476
9390.000 0.484
9395.000 0.492
9400.000 0.500
9405.000 0.509
9410.000 0.518
9415.000 0.536
9420.000 0.550
9425.000 0.582
9430.000 0.605
9435.000 0.623
9440.000 0.668
9445.000 0.692
9450.000 0.751
9455.000 0.828
9460.000 0.879
9465.000 0.986
9470.000 1.046
9475.000 1.212
9480.000 1.427
9485.000 1.549
9490.000 1.869
9495.000 2.037
9500.000 2.378
9505.000 2.603
9510.000 2.605
9515.000 2.383
9520.000 2.206
9525.000 1.836
9530.000 1.554
9535.000 1.438
9540.000 1.251
9545.000 1.177
9550.000 1.053
9555.000 0.968
9560.000 0.930
9565.000 0.869
9570.000 0.840
9575.000 0.793
9580.000 0.757
9585.000 0.732
9590.000 0.711
9595.000 0.696
9600.000 0.678
9605.000 0.659
9610.000 0.657
9615.000 0.639
9620.000 0.632
9625.000 0.630
9630.000 0.627
9635.000 0.627
9640.000 0.623
9645.000 0.627
9650.000 0.622
9655.000 0.629
9660.000 0.630
9665.000 0.624
9670.000 0.635
9675.000 0.646
9680.000 0.655
9685.000 0.668
9690.000 0.687
9695.000 0.691
9700.000 0.724
9705.000 0.749
9710.000 0.765
9715.000 0.802
9720.000 0.822
9725.000 0.866
9730.000 0.936
9735.000 0.966
9740.000 1.045
9745.000 1.094
9750.000 1.206
9755.000 1.345
9760.000 1.434
9765.000 1.631
9770.000 1.754
9775.000 2.046
9780.000 2.388
9785.000 2.561
9790.000 2.813
9795.000 2.843
9800.000 2.627
9805.000 2.167
9810.000 1.943
9815.000 1.575
9820.000 1.428
9825.000 1.232
9830.000 1.103
9835.000 1.053
9840.000 0.953
9845.000 0.907
9850.000 0.827
9855.000 0.791
9860.000 0.721
9865.000 0.677
9870.000 0.649
9875.000 0.606
9880.000 0.585
9885.000 0.555
9890.000 0.531
9895.000 0.512
9900.000 0.492
9905.000 0.486
9910.000 0.476
9915.000 0.458
9920.000 0.454
9925.000 0.447
9930.000 0.443
9935.000 0.437
9940.000 0.421
9945.000 0.434
9950.000 0.430
9955.000 0.426
9960.000 0.431
9965.000 0.440
9970.000 0.446
9975.000 0.452
9980.000 0.457
9985.000 0.480
9990.000 0.494
9995.000 0.509
10000.000 0.521
10005.000 0.530
10010.000 0.561
10015.000 0.597
10020.000 0.626
10025.000 0.676
10030.000 0.712
10035.000 0.780
10040.000 0.877
10045.000 0.942
10050.000 1.083
10055.000 1.170
10060.000 1.380
10065.000 1.656
10070.000 1.808
10075.000 2.122
10080.000 2.259
10085.000 2.366
10090.000 2.204
10095.000 2.048
10100.000 1.729
10105.000 1.593
10110.000 1.368
10115.000 1.210
10120.000 1.134
10125.000 1.020
10130.000 0.980
10135.000 0.893
10140.000 0.841
10145.000 0.813
10150.000 0.771
10155.000 0.753
10160.000 0.724
10165.000 0.702
10170.000 0.682
10175.000 0.655
10180.000 0.642
10185.000 0.622
10190.000 0.604
10195.000 0.603
10200.000 0.593
10205.000 0.584
10210.000 0.582
10215.000 0.579
10220.000 0.575
10225.000 0.573
10230.000 0.580
10235.000 0.579
10240.000 0.587
10245.000 0.590
10250.000 0.594
10255.000 0.597
10260.000 0.613
10265.000 0.621
10270.000 0.634
10275.000 0.646
10280.000 0.663
10285.000 0.683
10290.000 0.708
10295.000 0.733
10300.000 0.766
10305.000 0.794
10310.000 0.842
10315.000 0.902
10320.000 0.936
10325.000 1.021
10330.000 1.077
10335.000 1.195
10340.000 1.350
10345.000 1.444
10350.000 1.673
10355.000 1.806
10360.000 2.113
10365.000 2.387
10370.000 2.472
10375.000 2.417
10380.000 2.282
10385.000 1.888
10390.000 1.533
10395.000 1.386
10400.000 1.155
10405.000 1.062
10410.000 0.915
10415.000 0.797
10420.000 0.752
10425.000 0.675
10430.000 0.640
10435.000 0.578
10440.000 0.553
10445.000 0.513
10450.000 0.478
10455.000 0.466
10460.000 0.433
10465.000 0.424
10470.000 0.403
10475.000 0.387
10480.000 0.376
10485.000 0.362
10490.000 0.360
10495.000 0.350
10500.000 0.341
10505.000 0.337
10510.000 0.335
10515.000 0.331
10520.000 0.327
10525.000 0.324
10530.000 0.324
10535.000 0.331
10540.000 0.336
10545.000 0.351
10550.000 0.357
10555.000 0.358
10560.000 0.372
10565.000 0.379
10570.000 0.392
10575.000 0.410
10580.000 0.416
10585.000 0.446
10590.000 0.458
10595.000 0.493
10600.000 0.536
10605.000 0.559
10610.000 0.621
10615.000 0.656
10620.000 0.753
10625.000 0.871
10630.000 0.940
10635.000 1.121
10640.000 1.228
10645.000 1.483
10650.000 1.758
10655.000 1.881
10660.000 2.021
10665.000 2.001
10670.000 1.796
10675.000 1.527
10680.000 1.412
10685.000 1.210
10690.000 1.133
10695.000 1.007
10700.000 0.907
10705.000 0.867
10710.000 0.794
10715.000 0.773
10720.000 0.717
10725.000 0.685
10730.000 0.664
10735.000 0.638
10740.000 0.625
10745.000 0.604
10750.000 0.601
10755.000 0.582
10760.000 0.570
10765.000 0.562
10770.000 0.555
10775.000 0.552
10780.000 0.547
10785.000 0.540
10790.000 0.539
10795.000 0.540
10800.000 0.537
10805.000 0.535
10810.000 0.542
10815.000 0.546
10820.000 0.549
10825.000 0.549
10830.000 0.558
10835.000 0.571
10840.000 0.573
10845.000 0.584
10850.000 0.599
10855.000 0.618
10860.000 0.643
10865.000 0.651
10870.000 0.678
10875.000 0.693
10880.000 0.731
10885.000 0.786
10890.000 0.806
10895.000 0.872
10900.000 0.907
10905.000 1.002
10910.000 1.106
10915.000 1.186
10920.000 1.341
10925.000 1.433
10930.000 1.663
10935.000 1.904
10940.000 2.011
10945.000 2.135
10950.000 2.122
10955.000 1.904
10960.000 1.578
10965.000 1.425
10970.000 1.166
10975.000 1.069
10980.000 0.897
10985.000 0.774
10990.000 0.722
10995.000 0.638
11000.000 0.603
11005.000 0.541
11010.000 0.496
11015.000 0.471
11020.000 0.438
11025.000 0.423
11030.000 0.388
11035.000 0.364
11040.000 0.360
11045.000 0.338
11050.000 0.333
11055.000 0.324
11060.000 0.306
11065.000 0.304
11070.000 0.291
11075.000 0.295
11080.000 0.284
11085.000 0.281
11090.000 0.279
11095.000 0.279
11100.000 0.268
11105.000 0.272
11110.000 0.277
11115.000 0.277
11120.000 0.279
11125.000 0.289
11130.000 0.293
11135.000 0.301
11140.000 0.305
11145.000 0.322
11150.000 0.325
11155.000 0.345
11160.000 0.363
11165.000 0.375
11170.000 0.410
11175.000 0.431
11180.000 0.476
11185.000 0.526
11190.000 0.564
11195.000 0.649
11200.000 0.697
11205.000 0.816
11210.000 0.983
11215.000 1.074
11220.000 1.307
11225.000 1.423
11230.000 1.709
11235.000 1.728
11240.000 1.701
11245.000 1.528
11250.000 1.422
11255.000 1.216
11260.000 1.056
11265.000 0.998
11270.000 0.891
11275.000 0.852
11280.000 0.774
11285.000 0.720
11290.000 0.700
11295.000 0.660
11300.000 0.637
11305.000 0.612
11310.000 0.586
11315.000 0.575
11320.000 0.558
11325.000 0.548
11330.000 0.536
11335.000 0.529
11340.000 0.525
11345.000 0.508
11350.000 0.505
11355.000 0.501
11360.000 0.501
11365.000 0.497
11370.000 0.496
11375.000 0.498
11380.000 0.500
11385.000 0.500
11390.000 0.498
11395.000 0.505
11400.000 0.508
11405.000 0.518
11410.000 0.522
11415.000 0.535
11420.000 0.544
11425.000 0.556
11430.000 0.579
11435.000 0.580
11440.000 0.601
11445.000 0.628
11450.000 0.646
11455.000 0.682
11460.000 0.699
11465.000 0.750
11470.000 0.806
11475.000 0.846
11480.000 0.932
11485.000 0.975
11490.000 1.087
11495.000 1.239
11500.000 1.323
11505.000 1.513
11510.000 1.609
11515.000 1.765
11520.000 1.790
11525.000 1.740
11530.000 1.506
11535.000 1.375
11540.000 1.130
11545.000 0.936
11550.000 0.857
11555.000 0.723
11560.000 0.677
11565.000 0.589
11570.000 0.519
11575.000 0.498
11580.000 0.441
11585.000 0.421
11590.000 0.386
11595.000 0.356
11600.000 0.344
11605.000 0.325
11610.000 0.311
11615.000 0.295
11620.000 0.276
11625.000 0.268
11630.000 0.263
11640.000 0.243
11645.000 0.243
11655.000 0.229
11660.000 0.228
11665.000 0.226
11670.000 0.226
11675.000 0.227
11680.000 0.222
11685.000 0.221
11690.000 0.224
11695.000 0.229
11700.000 0.230
11705.000 0.236
11710.000 0.237
11715.000 0.249
11720.000 0.255
11725.000 0.261
11730.000 0.276
11735.000 0.286
11740.000 0.306
11745.000 0.331
11750.000 0.345
11755.000 0.382
11760.000 0.405
11765.000 0.460
11770.000 0.529
11775.000 0.573
11780.000 0.677
11785.000 0.740
11790.000 0.893
11795.000 1.075
11800.000 1.182
11805.000 1.368
11810.000 1.432
11815.000 1.460
11820.000 1.340
11825.000 1.252
11830.000 1.100
11835.000 1.017
11840.000 0.902
11845.000 0.817
11850.000 0.770
11855.000 0.708
11860.000 0.681
11865.000 0.638
11870.000 0.623
11875.000 0.589
11880.000 0.559
11885.000 0.547
11890.000 0.532
11895.000 0.523
11900.000 0.517
11905.000 0.498
11910.000 0.491
11915.000 0.485
11920.000 0.479
11925.000 0.481
11930.000 0.469
11935.000 0.468
11940.000 0.467
11945.000 0.468
11950.000 0.470
11955.000 0.465
11960.000 0.469
11965.000 0.474
11970.000 0.480
11975.000 0.477
11980.000 0.483
11985.000 0.485
11990.000 0.489
11995.000 0.496
12000.000 0.515
12005.000 0.528
12010.000 0.540
12015.000 0.554
12020.000 0.565
12025.000 0.601
12030.000 0.623
12035.000 0.646
12040.000 0.685
12045.000 0.710
12050.000 0.775
12055.000 0.845
12060.000 0.887
12065.000 0.984
12070.000 1.048
12075.000 1.186
12080.000 1.343
12085.000 1.422
12090.000 1.553
12095.000 1.580
12100.000 1.515
12105.000 1.319
12110.000 1.202
12115.000 0.991
12120.000 0.895
12125.000 0.750
12130.000 0.630
12135.000 0.593
12140.000 0.513
12145.000 0.476
12150.000 0.419
12155.000 0.380
12160.000 0.363
12165.000 0.336
12170.000 0.324
12175.000 0.300
12180.000 0.289
12185.000 0.269
12190.000 0.259
12195.000 0.251
12200.000 0.235
12205.000 0.230
12210.000 0.227
12215.000 0.216
12220.000 0.211
12225.000 0.202
12230.000 0.199
12235.000 0.202
12240.000 0.195
12245.000 0.196
12250.000 0.190
12255.000 0.192
12260.000 0.193
12265.000 0.192
12275.000 0.194
12280.000 0.199
12285.000 0.200
12290.000 0.208
12295.000 0.222
12300.000 0.222
12305.000 0.236
12310.000 0.241
12315.000 0.266
12320.000 0.289
12325.000 0.301
12330.000 0.336
12335.000 0.357
12340.000 0.411
12345.000 0.470
12350.000 0.513
12355.000 0.605
12360.000 0.662
12365.000 0.797
12370.000 0.956
12375.000 1.031
12380.000 1.164
12385.000 1.198
12390.000 1.185
12395.000 1.097
12400.000 1.049
12405.000 0.943
12410.000 0.893
12415.000 0.807
12420.000 0.733
12425.000 0.705
12430.000 0.650
12435.000 0.627
12440.000 0.589
12445.000 0.558
12450.000 0.547
12455.000 0.525
12460.000 0.516
12465.000 0.501
12470.000 0.485
12475.000 0.479
12480.000 0.466
12485.000 0.467
12490.000 0.449
12495.000 0.444
12500.000 0.448
12505.000 0.443
12510.000 0.444
12515.000 0.437
12520.000 0.439
12525.000 0.439
12530.000 0.439
12535.000 0.443
12540.000 0.443
12545.000 0.447
12550.000 0.456
12555.000 0.462
12560.000 0.461
12565.000 0.473
12570.000 0.485
12575.000 0.487
12580.000 0.500
12585.000 0.510
12590.000 0.536
12595.000 0.552
12600.000 0.564
12605.000 0.590
12610.000 0.602
12615.000 0.627
12620.000 0.661
12625.000 0.673
12630.000 0.719
12635.000 0.753
12640.000 0.828
12645.000 0.922
12650.000 0.970
12655.000 1.093
12660.000 1.160
12665.000 1.281
12670.000 1.351
12675.000 1.343
12680.000 1.242
12685.000 1.163
12690.000 0.974
12695.000 0.814
12700.000 0.737
12705.000 0.618
12710.000 0.568
12715.000 0.494
12720.000 0.461
12725.000 0.402
12730.000 0.361
12735.000 0.342
12740.000 0.310
12745.000 0.295
12750.000 0.270
12755.000 0.253
12760.000 0.246
12765.000 0.232
12770.000 0.220
12775.000 0.206
12780.000 0.196
12785.000 0.193
12795.000 0.185
12800.000 0.178
12805.000 0.179
12810.000 0.176
12815.000 0.165
12820.000 0.166
12825.000 0.161
12830.000 0.161
12835.000 0.160
12840.000 0.153
12845.000 0.155
12850.000 0.153
12855.000 0.160
12860.000 0.161
12865.000 0.169
12870.000 0.171
12875.000 0.185
12880.000 0.191
12890.000 0.215
12895.000 0.240
12900.000 0.250
12905.000 0.286
12910.000 0.303
12915.000 0.346
12920.000 0.400
12925.000 0.435
12935.000 0.582
12940.000 0.646
12945.000 0.774
12950.000 0.918
12955.000 0.980
12960.000 1.081
12965.000 1.097
12970.000 1.069
12975.000 0.978
12980.000 0.924
12985.000 0.832
12990.000 0.785
12995.000 0.719
13000.000 0.659
13005.000 0.631
13010.000 0.600
13015.000 0.577
13020.000 0.545
13025.000 0.519
13030.000 0.509
13035.000 0.491
13040.000 0.489
13045.000 0.474
13050.000 0.460
13055.000 0.454
13060.000 0.443
13065.000 0.438
13070.000 0.433
13075.000 0.428
13080.000 0.421
13085.000 0.428
13090.000 0.425
13095.000 0.418
13100.000 0.423
13105.000 0.423
13110.000 0.425
13115.000 0.427
13120.000 0.428
13125.000 0.434
13130.000 0.433
13135.000 0.445
13140.000 0.445
13145.000 0.455
13150.000 0.462
13160.000 0.486
13165.000 0.503
13170.000 0.506
13175.000 0.528
13180.000 0.554
13185.000 0.571
13190.000 0.610
13195.000 0.624
13200.000 0.671
13205.000 0.729
13210.000 0.754
13215.000 0.835
13220.000 0.868
13225.000 0.967
13230.000 1.073
13235.000 1.119
13240.000 1.200
13245.000 1.219
13250.000 1.185
13255.000 1.068
13260.000 0.997
13265.000 0.842
13270.000 0.773
13275.000 0.649
13280.000 0.556
13285.000 0.512
13290.000 0.451
13295.000 0.415
13300.000 0.365
13305.000 0.337
13310.000 0.312
13315.000 0.280
13320.000 0.269
13330.000 0.236
13335.000 0.216
13340.000 0.211
13345.000 0.198
13350.000 0.181
13355.000 0.180
13360.000 0.170
13365.000 0.169
13370.000 0.160
13375.000 0.160
13380.000 0.157
13385.000 0.150
13390.000 0.152
13395.000 0.148
13400.000 0.141
13405.000 0.148
13410.000 0.143
13415.000 0.144
13420.000 0.146
13425.000 0.146
13430.000 0.148
13435.000 0.153
13440.000 0.158
13445.000 0.163
13450.000 0.169
13455.000 0.181
13460.000 0.194
13465.000 0.202
13470.000 0.230
13475.000 0.239
13480.000 0.270
13485.000 0.312
13490.000 0.326
13495.000 0.377
13500.000 0.405
13505.000 0.480
13510.000 0.558
13515.000 0.605
13520.000 0.702
13525.000 0.744
13530.000 0.825
13535.000 0.895
13540.000 0.915
13545.000 0.931
13550.000 0.914
13555.000 0.863
13560.000 0.793
13565.000 0.762
13570.000 0.699
13575.000 0.671
13580.000 0.624
13585.000 0.582
13590.000 0.568
13595.000 0.541
13600.000 0.525
13605.000 0.507
13610.000 0.481
13615.000 0.477
13620.000 0.465
13625.000 0.456
13630.000 0.449
13635.000 0.441
13640.000 0.438
13645.000 0.432
13650.000 0.431
13655.000 0.423
13660.000 0.423
13665.000 0.419
13670.000 0.422
13675.000 0.422
13680.000 0.427
13685.000 0.424
13690.000 0.424
13695.000 0.429
13700.000 0.431
13705.000 0.436
13710.000 0.441
13715.000 0.450
13720.000 0.454
13725.000 0.461
13730.000 0.473
13735.000 0.490
13740.000 0.495
13745.000 0.513
13750.000 0.525
13755.000 0.546
13760.000 0.580
13765.000 0.594
13770.000 0.637
13775.000 0.662
13780.000 0.709
13785.000 0.771
13790.000 0.803
13795.000 0.878
13800.000 0.920
13805.000 1.003
13810.000 1.068
13815.000 1.099
13820.000 1.094
13825.000 1.068
13830.000 0.970
13835.000 0.844
13840.000 0.778
13845.000 0.659
13850.000 0.610
13855.000 0.518
13860.000 0.450
13865.000 0.417
13870.000 0.363
13875.000 0.344
13880.000 0.308
13885.000 0.272
13890.000 0.261
13895.000 0.235
13900.000 0.220
13905.000 0.205
13910.000 0.192
13915.000 0.183
13920.000 0.171
13925.000 0.167
13930.000 0.157
13935.000 0.149
13940.000 0.148
13945.000 0.139
13950.000 0.137
13955.000 0.130
13960.000 0.124
13965.000 0.123
13970.000 0.119
13975.000 0.120
13980.000 0.108
13985.000 0.112
13990.000 0.108
13995.000 0.108
14000.000 0.107
14005.000 0.107
14010.000 0.107
14015.000 0.118
14020.000 0.127
14025.000 0.130
14030.000 0.140
14035.000 0.148
14040.000 0.165
14045.000 0.188
14050.000 0.204
14055.000 0.229
14060.000 0.239
14065.000 0.285
14070.000 0.328
14075.000 0.359
14080.000 0.422
14085.000 0.462
14090.000 0.547
14095.000 0.651
14100.000 0.704
14105.000 0.808
14110.000 0.860
14115.000 0.910
14120.000 0.917
14125.000 0.901
14130.000 0.845
14135.000 0.815
14140.000 0.758
14145.000 0.694
14150.000 0.667
14155.000 0.623
14160.000 0.601
14165.000 0.569
14170.000 0.541
14175.000 0.527
14180.000 0.502
14185.000 0.494
14190.000 0.482
14195.000 0.468
14200.000 0.463
14205.000 0.451
14210.000 0.445
14215.000 0.436
14225.000 0.431
14230.000 0.426
14235.000 0.419
14240.000 0.421
14245.000 0.421
14250.000 0.421
14255.000 0.419
14260.000 0.415
14265.000 0.419
14270.000 0.418
14275.000 0.431
14280.000 0.431
14285.000 0.433
14290.000 0.442
14295.000 0.446
14300.000 0.449
14305.000 0.455
14310.000 0.469
14315.000 0.476
14320.000 0.493
14325.000 0.503
14330.000 0.521
14335.000 0.546
14340.000 0.562
14345.000 0.590
14350.000 0.607
14355.000 0.634
14360.000 0.686
14365.000 0.714
14370.000 0.757
14375.000 0.788
14380.000 0.852
14385.000 0.897
14390.000 0.920
14395.000 0.933
14400.000 0.932
14405.000 0.886
14410.000 0.805
14415.000 0.754
14420.000 0.659
14425.000 0.609
14430.000 0.526
14435.000 0.451
14440.000 0.419
14445.000 0.357
14450.000 0.338
14455.000 0.295
14460.000 0.260
14465.000 0.243
14470.000 0.221
14475.000 0.209
14480.000 0.187
14485.000 0.167
14490.000 0.160
14495.000 0.147
14500.000 0.135
14505.000 0.129
14510.000 0.119
14515.000 0.115
14520.000 0.108
14525.000 0.104
14530.000 0.101
14535.000 0.095
14540.000 0.094
14545.000 0.094
14550.000 0.091
14555.000 0.088
14560.000 0.091
14565.000 0.088
14570.000 0.095
14575.000 0.093
14580.000 0.098
14585.000 0.105
14590.000 0.106
14595.000 0.118
14600.000 0.122
14605.000 0.134
14610.000 0.140
14615.000 0.163
14620.000 0.180
14625.000 0.189
14630.000 0.217
14635.000 0.225
14640.000 0.261
14645.000 0.301
14650.000 0.330
14655.000 0.383
14660.000 0.408
14665.000 0.479
14670.000 0.551
14675.000 0.589
14680.000 0.666
14685.000 0.699
14690.000 0.753
14695.000 0.778
14700.000 0.781
14705.000 0.753
14710.000 0.736
14715.000 0.694
14720.000 0.646
14725.000 0.631
14730.000 0.589
14735.000 0.571
14740.000 0.540
14745.000 0.512
14750.000 0.500
14755.000 0.478
14760.000 0.472
14765.000 0.452
14770.000 0.438
14775.000 0.435
14780.000 0.423
14785.000 0.418
14790.000 0.408
14795.000 0.401
14800.000 0.398
14805.000 0.391
14810.000 0.388
14815.000 0.378
14820.000 0.382
14825.000 0.380
14830.000 0.374
14835.000 0.375
14840.000 0.379
14845.000 0.381
14850.000 0.375
14855.000 0.378
14860.000 0.378
14865.000 0.384
14870.000 0.388
14875.000 0.390
14880.000 0.397
14885.000 0.397
14890.000 0.408
14895.000 0.416
14900.000 0.415
14905.000 0.432
14910.000 0.441
14915.000 0.450
14920.000 0.476
14925.000 0.484
14930.000 0.509
14935.000 0.517
14940.000 0.548
14945.000 0.579
14950.000 0.598
14955.000 0.636
14960.000 0.656
14965.000 0.695
14970.000 0.719
14975.000 0.721
14980.000 0.708
14985.000 0.690
14990.000 0.629
14995.000 0.553
15000.000 0.512
15005.000 0.436
15010.000 0.399
15015.000 0.335
15020.000 0.284
15025.000 0.265
15030.000 0.227
15035.000 0.208
15040.000 0.180
15045.000 0.154
15050.000 0.141
15055.000 0.124
15060.000 0.120
15065.000 0.101
15070.000 0.089
15075.000 0.082
15080.000 0.075
15085.000 0.071
15090.000 0.065
15095.000 0.057
15100.000 0.052
15105.000 0.049
15110.000 0.045
15115.000 0.044
15120.000 0.040
15125.000 0.041
15130.000 0.042
15135.000 0.039
15140.000 0.040
15145.000 0.043
15150.000 0.047
15155.000 0.052
15160.000 0.054
15165.000 0.059
15170.000 0.058
15175.000 0.071
15180.000 0.084
15185.000 0.088
15190.000 0.104
15195.000 0.107
15200.000 0.122
15205.000 0.143
15210.000 0.158
15215.000 0.187
15220.000 0.201
15225.000 0.241
15230.000 0.282
15235.000 0.306
15240.000 0.366
15245.000 0.403
15250.000 0.476
15255.000 0.560
15260.000 0.596
15265.000 0.672
15270.000 0.698
15275.000 0.726
15280.000 0.710
15285.000 0.697
15290.000 0.660
15295.000 0.640
15300.000 0.594
15305.000 0.558
15310.000 0.542
15315.000 0.504
15320.000 0.494
15325.000 0.470
15330.000 0.453
15335.000 0.441
15340.000 0.427
15345.000 0.417
15350.000 0.409
15355.000 0.397
15360.000 0.395
15365.000 0.383
15370.000 0.379
15375.000 0.374
15380.000 0.371
15385.000 0.367
15390.000 0.365
15395.000 0.364
15400.000 0.360
15405.000 0.367
15410.000 0.363
15415.000 0.364
15420.000 0.365
15425.000 0.366
15430.000 0.368
15435.000 0.371
15440.000 0.379
15445.000 0.377
15450.000 0.384
15455.000 0.391
15460.000 0.400
15465.000 0.404
15470.000 0.410
15475.000 0.423
15480.000 0.439
15485.000 0.445
15490.000 0.461
15495.000 0.475
15500.000 0.501
15505.000 0.527
15510.000 0.543
15515.000 0.574
15520.000 0.598
15525.000 0.641
15530.000 0.685
15535.000 0.717
15540.000 0.766
15545.000 0.780
15550.000 0.801
15555.000 0.787
15560.000 0.762
15565.000 0.691
15570.000 0.644
15575.000 0.557
15580.000 0.472
15585.000 0.434
15590.000 0.373
15595.000 0.342
15600.000 0.292
15605.000 0.257
15610.000 0.239
15615.000 0.205
15620.000 0.201
15625.000 0.175
15630.000 0.151
15635.000 0.149
15640.000 0.137
15645.000 0.128
15650.000 0.117
15655.000 0.111
15660.000 0.105
15665.000 0.097
15670.000 0.099
15675.000 0.091
15680.000 0.090
15685.000 0.090
15690.000 0.084
15695.000 0.086
15700.000 0.088
15705.000 0.089
15710.000 0.088
15715.000 0.090
15720.000 0.096
15725.000 0.104
15730.000 0.105
15735.000 0.107
15740.000 0.124
15745.000 0.128
15750.000 0.143
15755.000 0.153
15760.000 0.168
15765.000 0.184
15770.000 0.197
15775.000 0.221
15780.000 0.236
15785.000 0.272
15790.000 0.306
15795.000 0.332
15800.000 0.386
15805.000 0.419
15810.000 0.483
15815.000 0.569
15820.000 0.605
15825.000 0.705
15830.000 0.752
15835.000 0.841
15840.000 0.898
15845.000 0.912
15850.000 0.902
15855.000 0.882
15860.000 0.836
15865.000 0.779
15870.000 0.753
15875.000 0.695
15880.000 0.673
15885.000 0.636
15890.000 0.597
15895.000 0.584
15900.000 0.551
15905.000 0.541
15910.000 0.519
15915.000 0.503
15920.000 0.493
15925.000 0.480
15930.000 0.480
15935.000 0.466
15940.000 0.459
15945.000 0.459
15950.000 0.451
15955.000 0.453
15960.000 0.451
15965.000 0.451
15970.000 0.445
15975.000 0.440
15980.000 0.444
15985.000 0.443
15990.000 0.445
15995.000 0.450
16000.000 0.453
16005.000 0.455
16010.000 0.459
16015.000 0.469
16020.000 0.473
16025.000 0.483
16030.000 0.495
16035.000 0.501
16040.000 0.517
16045.000 0.524
16050.000 0.546
16055.000 0.558
16060.000 0.583
16065.000 0.606
16070.000 0.628
16075.000 0.662
16080.000 0.685
16085.000 0.726
16090.000 0.773
16095.000 0.799
16100.000 0.846
16105.000 0.869
16110.000 0.911
16115.000 0.926
16120.000 0.932
16125.000 0.914
16130.000 0.892
16135.000 0.841
16140.000 0.769
16145.000 0.729
16150.000 0.660
16155.000 0.627
16160.000 0.575
16165.000 0.528
16170.000 0.501
16175.000 0.465
16180.000 0.446
16185.000 0.421
16190.000 0.399
16195.000 0.391
16200.000 0.372
16205.000 0.364
16210.000 0.344
16215.000 0.331
16220.000 0.333
16225.000 0.325
16230.000 0.327
16235.000 0.325
16240.000 0.336
16245.000 0.331
16250.000 0.333
16255.000 0.342
16260.000 0.342
16265.000 0.354
16270.000 0.358
16275.000 0.371
16280.000 0.376
16285.000 0.393
16290.000 0.399
16295.000 0.404
16300.000 0.420
16305.000 0.426
16310.000 0.439
16315.000 0.444
16320.000 0.460
16325.000 0.476
16330.000 0.485
16335.000 0.500
16340.000 0.507
16345.000 0.526
16350.000 0.541
16355.000 0.546
16360.000 0.564
16365.000 0.570
16370.000 0.590
16375.000 0.615
16380.000 0.624
16385.000 0.652
16390.000 0.664
16395.000 0.692
16400.000 0.726
16405.000 0.745
16410.000 0.784
16415.000 0.801
16420.000 0.842
16425.000 0.864
16430.000 0.869
16435.000 0.858
16440.000 0.828
16445.000 0.761
16450.000 0.664
16455.000 0.607
16460.000 0.501
16465.000 0.450
16470.000 0.362
16475.000 0.284
16480.000 0.258
16485.000 0.200
16490.000 0.179
16495.000 0.144
16500.000 0.104
16505.000 0.098
16510.000 0.072
16515.000 0.063
16520.000 0.056
16525.000 0.053
16530.000 0.061
16535.000 0.071
16540.000 0.077
16545.000 0.091
16550.000 0.112
16555.000 0.116
16560.000 0.118
16565.000 0.108
16570.000 0.060
16575.000 0.144
16580.000 0.261
16585.000 0.462
16590.000 0.527
16595.000 0.614
16600.000 0.612
16605.000 0.612
16610.000 0.723
16615.000 0.814
16620.000 0.918
16625.000 0.980
16630.000 1.023
16635.000 1.097
16640.000 1.088
16645.000 0.961
16650.000 0.816
16655.000 0.793
16660.000 0.831
16665.000 0.888
16670.000 1.000
16675.000 1.030
16680.000 1.024
16685.000 1.048
16690.000 1.082
16695.000 1.166
16700.000 1.216
16705.000 1.207
16710.000 1.105
16715.000 1.036
16720.000 0.931
16725.000 0.888
16730.000 0.895
16735.000 0.980
16740.000 1.057
16745.000 1.240
16750.000 1.381
16755.000 1.379
16760.000 1.262
16765.000 1.197
16770.000 1.139
16775.000 1.171
16780.000 1.216
16785.000 1.351
16790.000 1.419
16795.000 1.471
16800.000 1.318
16805.000 1.196
16810.000 1.016
16815.000 0.960
16820.000 0.934
16825.000 0.994
16830.000 1.054
16835.000 1.236
16840.000 1.342
16845.000 1.496
16850.000 1.457
16855.000 1.362
16860.000 1.184
16865.000 1.122
16870.000 1.069
16875.000 1.084
16880.000 1.114
16885.000 1.223
16890.000 1.303
16895.000 1.488
16900.000 1.559
16905.000 1.563
16910.000 1.363
16915.000 1.246
16920.000 1.084
16925.000 1.042
16930.000 1.016
16935.000 1.068
16940.000 1.121
16945.000 1.267
16950.000 1.353
16955.000 1.509
16960.000 1.559
16965.000 1.533
16970.000 1.398
16975.000 1.326
16980.000 1.207
16985.000 1.131
16990.000 1.108
16995.000 1.094
17000.000 1.101
17005.000 1.146
17010.000 1.238
17015.000 1.299
17020.000 1.426
17025.000 1.474
17030.000 1.500
17035.000 1.341
17040.000 1.220
17045.000 0.994
17050.000 0.911
17055.000 0.805
17060.000 0.759
17065.000 0.763
17070.000 0.802
17075.000 0.850
17080.000 0.982
17085.000 1.190
17090.000 1.298
17095.000 1.498
17100.000 1.534
17105.000 1.458
17110.000 1.291
17115.000 1.228
17120.000 1.145
17125.000 1.122
17130.000 1.110
17135.000 1.146
17140.000 1.181
17145.000 1.284
17150.000 1.351
17155.000 1.520
17160.000 1.684
17165.000 1.740
17170.000 1.703
17175.000 1.603
17180.000 1.310
17185.000 1.064
17190.000 0.957
17195.000 0.827
17200.000 0.784
17205.000 0.726
17210.000 0.710
17215.000 0.707
17220.000 0.737
17225.000 0.769
17230.000 0.868
17235.000 0.938
17240.000 1.115
17245.000 1.319
17250.000 1.399
17255.000 1.458
17260.000 1.353
17265.000 1.285
17270.000 1.167
17275.000 1.117
17280.000 1.038
17285.000 0.958
17290.000 0.914
17295.000 0.833
17300.000 0.810
17305.000 0.799
17310.000 0.842
17315.000 0.898
17320.000 1.026
17325.000 1.112
17330.000 1.297
17335.000 1.419
17340.000 1.414
17345.000 1.278
17350.000 1.179
17355.000 1.009
17360.000 0.898
17365.000 0.855
17370.000 0.809
17375.000 0.799
17380.000 0.805
17385.000 0.844
17390.000 0.878
17395.000 0.974
17400.000 1.038
17405.000 1.201
17410.000 1.401
17415.000 1.494
17420.000 1.609
17425.000 1.599
17430.000 1.453
17435.000 1.254
17440.000 1.170
17445.000 1.042
17450.000 0.990
17455.000 0.929
17460.000 0.901
17465.000 0.899
17470.000 0.909
17475.000 0.924
17480.000 0.980
17485.000 1.068
17490.000 1.133
17495.000 1.277
17500.000 1.358
17505.000 1.529
17510.000 1.596
17515.000 1.631
17520.000 1.500
17525.000 1.393
17530.000 1.195
17535.000 1.116
17540.000 0.997
17545.000 0.928
17550.000 0.906
17555.000 0.877
17560.000 0.876
17565.000 0.852
17570.000 0.814
17575.000 0.787
17580.000 0.723
17585.000 0.695
17590.000 0.683
17595.000 0.749
17600.000 0.808
17605.000 0.992
17610.000 1.097
17615.000 1.286
17620.000 1.346
17625.000 1.314
17630.000 1.207
17635.000 1.154
17640.000 1.066
17645.000 1.019
17650.000 1.005
17655.000 0.992
17660.000 1.002
17665.000 1.016
17670.000 1.068
17675.000 1.105
17680.000 1.192
17685.000 1.257
17690.000 1.397
17695.000 1.567
17700.000 1.655
17705.000 1.786
17710.000 1.809
17715.000 1.706
17720.000 1.472
17725.000 1.346
17730.000 1.129
17735.000 1.038
17740.000 0.898
17745.000 0.802
17750.000 0.770
17755.000 0.721
17760.000 0.706
17765.000 0.698
17770.000 0.706
17775.000 0.724
17780.000 0.778
17785.000 0.826
17790.000 0.941
17795.000 1.012
17800.000 1.192
17805.000 1.397
17810.000 1.489
17815.000 1.594
17820.000 1.586
17825.000 1.472
17830.000 1.323
17835.000 1.262
17840.000 1.162
17845.000 1.124
17850.000 1.051
17855.000 0.982
17860.000 0.939
17865.000 0.853
17870.000 0.809
17875.000 0.744
17880.000 0.718
17885.000 0.720
17890.000 0.763
17895.000 0.803
17900.000 0.901
17905.000 1.048
17910.000 1.138
17915.000 1.317
17920.000 1.401
17925.000 1.497
17930.000 1.426
17935.000 1.334
17940.000 1.139
17945.000 1.059
17950.000 0.921
17955.000 0.824
17960.000 0.791
17965.000 0.739
17970.000 0.729
17975.000 0.714
17980.000 0.715
17985.000 0.719
17990.000 0.747
17995.000 0.773
18000.000 0.841
18005.000 0.930
18010.000 0.996
18015.000 1.146
18020.000 1.235
18025.000 1.442
18030.000 1.639
18035.000 1.718
18040.000 1.738
18045.000 1.685
18050.000 1.491
18055.000 1.289
18060.000 1.208
18065.000 1.080
18070.000 1.028
18075.000 0.940
18080.000 0.889
18085.000 0.870
18090.000 0.849
18095.000 0.843
18100.000 0.839
18105.000 0.861
18110.000 0.878
18115.000 0.925
18120.000 0.953
18125.000 1.025
18130.000 1.105
18135.000 1.151
18140.000 1.200
18145.000 1.195
18150.000 1.165
18155.000 1.119
18160.000 1.063
18165.000 0.968
18170.000 0.917
18175.000 0.778
18180.000 0.665
18185.000 0.627
18190.000 0.549
18195.000 0.515
18200.000 0.479
18205.000 0.454
18210.000 0.449
18215.000 0.453
18220.000 0.457
18225.000 0.472
18230.000 0.507
18235.000 0.540
18240.000 0.606
18245.000 0.660
18250.000 0.771
18255.000 0.932
18260.000 1.025
18265.000 1.233
18270.000 1.331
18275.000 1.462
18280.000 1.449
18285.000 1.392
18290.000 1.250
18295.000 1.189
18300.000 1.072
18305.000 0.991
18310.000 0.966
18315.000 0.922
18320.000 0.910
18325.000 0.900
18330.000 0.898
18335.000 0.905
18340.000 0.936
18345.000 0.949
18350.000 1.001
18355.000 1.073
18360.000 1.120
18365.000 1.221
18370.000 1.287
18375.000 1.431
18380.000 1.512
18385.000 1.639
18390.000 1.690
18395.000 1.666
18400.000 1.532
18405.000 1.436
18410.000 1.235
18415.000 1.054
18420.000 0.975
18425.000 0.852
18430.000 0.803
18435.000 0.724
18440.000 0.662
18445.000 0.643
18450.000 0.614
18455.000 0.607
18460.000 0.598
18465.000 0.602
18470.000 0.613
18475.000 0.637
18480.000 0.654
18485.000 0.694
18490.000 0.762
18495.000 0.806
18500.000 0.910
18505.000 0.968
18510.000 1.115
18515.000 1.258
18520.000 1.325
18525.000 1.392
18530.000 1.388
18535.000 1.291
18540.000 1.148
18545.000 1.080
18550.000 0.959
18555.000 0.911
18560.000 0.831
18565.000 0.773
18570.000 0.752
18575.000 0.719
18580.000 0.711
18585.000 0.698
18590.000 0.696
18595.000 0.702
18600.000 0.719
18605.000 0.732
18610.000 0.763
18615.000 0.817
18620.000 0.850
18625.000 0.928
18630.000 0.978
18635.000 1.095
18640.000 1.215
18645.000 1.272
18650.000 1.339
18655.000 1.336
18660.000 1.258
18665.000 1.105
18670.000 1.028
18675.000 0.894
18680.000 0.839
18685.000 0.751
18690.000 0.693
18695.000 0.670
18700.000 0.637
18705.000 0.632
18710.000 0.605
18715.000 0.579
18720.000 0.564
18725.000 0.519
18730.000 0.487
18735.000 0.433
18740.000 0.390
18745.000 0.377
18750.000 0.387
18755.000 0.400
18760.000 0.464
18765.000 0.562
18770.000 0.620
18775.000 0.763
18780.000 0.846
18785.000 1.005
18790.000 1.118
18795.000 1.153
18800.000 1.133
18805.000 1.103
18810.000 1.017
18815.000 0.936
18820.000 0.905
18825.000 0.845
18830.000 0.824
18835.000 0.788
18840.000 0.773
18845.000 0.767
18850.000 0.757
18855.000 0.762
18860.000 0.768
18865.000 0.790
18870.000 0.801
18875.000 0.838
18880.000 0.858
18885.000 0.916
18890.000 0.984
18895.000 1.025
18900.000 1.115
18905.000 1.163
18910.000 1.256
18915.000 1.327
18920.000 1.336
18925.000 1.303
18930.000 1.246
18935.000 1.109
18940.000 0.955
18945.000 0.887
18950.000 0.765
18955.000 0.713
18960.000 0.627
18965.000 0.558
18970.000 0.535
18975.000 0.484
18980.000 0.466
18985.000 0.437
18990.000 0.429
18995.000 0.414
19000.000 0.405
19005.000 0.415
19010.000 0.422
19015.000 0.433
19020.000 0.464
19025.000 0.501
19030.000 0.524
19035.000 0.578
19040.000 0.611
19045.000 0.690
19050.000 0.776
19055.000 0.833
19060.000 0.943
19065.000 0.995
19070.000 1.069
19075.000 1.077
19080.000 1.054
19085.000 0.973
19090.000 0.921
19095.000 0.832
19100.000 0.751
19105.000 0.723
19110.000 0.671
19115.000 0.646
19120.000 0.621
19125.000 0.594
19130.000 0.585
19135.000 0.575
19140.000 0.570
19145.000 0.576
19150.000 0.586
19155.000 0.591
19160.000 0.616
19165.000 0.629
19170.000 0.666
19175.000 0.710
19180.000 0.739
19185.000 0.805
19190.000 0.846
19195.000 0.931
19200.000 1.022
19205.000 1.057
19210.000 1.099
19215.000 1.094
19220.000 1.038
19225.000 0.936
19230.000 0.884
19235.000 0.785
19240.000 0.738
19245.000 0.664
19250.000 0.613
19255.000 0.591
19260.000 0.566
19265.000 0.555
19270.000 0.537
19275.000 0.535
19280.000 0.528
19285.000 0.524
19290.000 0.524
19295.000 0.494
19300.000 0.463
19305.000 0.441
19310.000 0.402
19315.000 0.377
19320.000 0.353
19325.000 0.365
19330.000 0.381
19335.000 0.438
19340.000 0.481
19345.000 0.580
19350.000 0.700
19355.000 0.762
19360.000 0.876
19365.000 0.923
19370.000 0.959
19375.000 0.938
19380.000 0.907
19385.000 0.848
19390.000 0.814
19395.000 0.762
19400.000 0.720
19405.000 0.703
19410.000 0.675
19415.000 0.663
19420.000 0.647
19425.000 0.640
19430.000 0.641
19435.000 0.641
19440.000 0.645
19445.000 0.655
19450.000 0.679
19455.000 0.691
19460.000 0.714
19465.000 0.736
19470.000 0.778
19475.000 0.832
19480.000 0.862
19485.000 0.931
19490.000 0.975
19495.000 1.036
19500.000 1.084
19505.000 1.095
19510.000 1.079
19515.000 1.046
19520.000 0.954
19525.000 0.843
19530.000 0.786
19535.000 0.689
19540.000 0.651
19545.000 0.572
19550.000 0.520
19555.000 0.495
19560.000 0.459
19565.000 0.440
19570.000 0.408
19575.000 0.395
19580.000 0.385
19585.000 0.375
19590.000 0.378
19595.000 0.388
19600.000 0.395
19605.000 0.411
19610.000 0.426
19615.000 0.438
19620.000 0.464
19625.000 0.480
19630.000 0.518
19635.000 0.569
19640.000 0.603
19645.000 0.665
19650.000 0.708
19655.000 0.781
19660.000 0.849
19665.000 0.876
19670.000 0.889
19675.000 0.879
19680.000 0.833
19685.000 0.772
19690.000 0.735
19695.000 0.672
19700.000 0.640
19705.000 0.596
19710.000 0.555
19715.000 0.539
19720.000 0.513
19725.000 0.503
19730.000 0.488
19735.000 0.474
19740.000 0.472
19745.000 0.474
19750.000 0.469
19755.000 0.476
19760.000 0.484
19765.000 0.494
19770.000 0.511
19775.000 0.522
19780.000 0.548
19785.000 0.587
19790.000 0.599
19795.000 0.632
19800.000 0.656
19805.000 0.692
19810.000 0.721
19815.000 0.727
19820.000 0.733
19825.000 0.725
19830.000 0.695
19835.000 0.635
19840.000 0.615
19845.000 0.552
19850.000 0.523
19855.000 0.472
19860.000 0.420
19865.000 0.396
19870.000 0.350
19875.000 0.323
19880.000 0.271
19885.000 0.221
19890.000 0.199
19895.000 0.162
19900.000 0.155
19905.000 0.138
19910.000 0.137
19915.000 0.143
19920.000 0.155
19925.000 0.164
19930.000 0.191
19935.000 0.217
19940.000 0.237
19945.000 0.279
19950.000 0.304
19955.000 0.363
19960.000 0.432
19965.000 0.469
19970.000 0.550
19975.000 0.591
19980.000 0.672
19985.000 0.723
19990.000 0.732
19995.000 0.727
20000.000 0.715
