# Cursors in Graph
f in Hz	A in dBV
180.175781	-14.604257
294.433594	-13.801034
399.902344	-15.254168
499.511719	-15.200787
704.589844	-14.471336

# Spectral Data
f in Hz	A in dBV
0.000000	-14.753298
1.464844	-13.996279
2.929687	-13.381101
4.394531	-12.882027
5.859375	-12.431011
7.324219	-12.106439
8.789062	-11.908959
10.253906	-11.822720
11.718750	-11.838874
13.183594	-11.885553
14.648437	-11.995522
16.113281	-12.149307
17.578125	-12.313075
19.042969	-12.438423
20.507812	-12.579133
21.972656	-12.674721
23.437500	-12.813546
24.902344	-12.894101
26.367187	-12.951914
27.832031	-13.000902
29.296875	-13.028729
30.761719	-13.090149
32.226562	-13.129958
33.691406	-13.185345
35.156250	-13.234843
36.621094	-13.305507
38.085937	-13.378138
39.550781	-13.398267
41.015625	-13.421141
42.480469	-13.448131
43.945312	-13.482935
45.410156	-13.544503
46.875000	-13.568751
48.339844	-13.565903
49.804687	-13.486591
51.269531	-13.237809
52.734375	-12.851216
54.199219	-12.576459
55.664062	-12.468218
57.128906	-12.519585
58.593750	-12.720363
60.058594	-13.037326
61.523437	-13.334388
62.988281	-13.515841
64.453125	-13.562432
65.917969	-13.514333
67.382812	-13.490843
68.847656	-13.476454
70.312500	-13.430966
71.777344	-13.397524
73.242187	-13.401141
74.707031	-13.390553
76.171875	-13.373086
77.636719	-13.341439
79.101562	-13.342311
80.566406	-13.334596
82.031250	-13.361785
83.496094	-13.384783
84.960937	-13.423160
86.425781	-13.462095
87.890625	-13.500598
89.355469	-13.523354
90.820312	-13.543830
92.285156	-13.564426
93.750000	-13.591114
95.214844	-13.620519
96.679687	-13.649967
98.144531	-13.673309
99.609375	-13.666982
101.074219	-13.680435
102.539062	-13.698534
104.003906	-13.731672
105.468750	-13.722955
106.933594	-13.740081
108.398437	-13.752827
109.863281	-13.806700
111.328125	-13.853203
112.792969	-13.905863
114.257812	-13.895443
115.722656	-13.868721
117.187500	-13.834986
118.652344	-13.794146
120.117187	-13.781923
121.582031	-13.759361
123.046875	-13.756068
124.511719	-13.713001
125.976562	-13.653949
127.441406	-13.610925
128.906250	-13.573868
130.371094	-13.547759
131.835937	-13.474952
133.300781	-13.419198
134.765625	-13.354040
136.230469	-13.237340
137.695312	-13.057070
139.160156	-12.858074
140.625000	-12.676753
142.089844	-12.558281
143.554687	-12.532661
145.019531	-12.592208
146.484375	-12.732085
147.949219	-12.911487
149.414062	-13.114899
150.878906	-13.301119
152.343750	-13.310670
153.808594	-13.203009
155.273437	-13.123497
156.738281	-13.165414
158.203125	-13.350766
159.667969	-13.674178
161.132812	-14.006990
162.597656	-14.226868
164.062500	-14.328043
165.527344	-14.391164
166.992187	-14.437596
168.457031	-14.463024
169.921875	-14.472306
171.386719	-14.482385
172.851562	-14.501521
174.316406	-14.546653
175.781250	-14.574998
177.246094	-14.608031
178.710937	-14.631566
180.175781	-14.604257
181.640625	-14.613562
183.105469	-14.659952
184.570312	-14.697429
186.035156	-14.730554
187.500000	-14.741642
188.964844	-14.763687
190.429687	-14.727289
191.894531	-14.714040
193.359375	-14.669547
194.824219	-14.668339
196.289062	-14.650266
197.753906	-14.625657
199.218750	-14.603094
200.683594	-14.572018
202.148437	-14.545204
203.613281	-14.541689
205.078125	-14.548845
206.542969	-14.572461
208.007812	-14.554992
209.472656	-14.539047
210.937500	-14.540131
212.402344	-14.529526
213.867187	-14.493820
215.332031	-14.476066
216.796875	-14.456691
218.261719	-14.409089
219.726562	-14.340123
221.191406	-14.318946
222.656250	-14.301923
224.121094	-14.238535
225.585937	-14.213694
227.050781	-14.178521
228.515625	-14.153322
229.980469	-14.134538
231.445312	-14.108515
232.910156	-14.067130
234.375000	-14.066191
235.839844	-14.058060
237.304687	-14.077674
238.769531	-14.081667
240.234375	-14.038186
241.699219	-14.012912
243.164062	-14.003679
244.628906	-13.976413
246.093750	-13.974251
247.558594	-13.949600
249.023437	-13.919710
250.488281	-13.865488
251.953125	-13.794860
253.417969	-13.668241
254.882812	-13.574441
256.347656	-13.521395
257.812500	-13.522305
259.277344	-13.523168
260.742187	-13.530818
262.207031	-13.494081
263.671875	-13.458364
265.136719	-13.391118
266.601562	-13.336932
268.066406	-13.308760
269.531250	-13.249975
270.996094	-13.201601
272.460937	-13.176203
273.925781	-13.107334
275.390625	-12.996997
276.855469	-12.918904
278.320312	-12.807224
279.785156	-12.739518
281.250000	-12.720228
282.714844	-12.730516
284.179687	-12.774885
285.644531	-12.843359
287.109375	-12.942864
288.574219	-13.086421
290.039062	-13.263871
291.503906	-13.447052
292.968750	-13.623906
294.433594	-13.801034
295.898437	-13.931158
297.363281	-14.037240
298.828125	-14.131632
300.292969	-14.238866
301.757812	-14.324474
303.222656	-14.386271
304.687500	-14.458779
306.152344	-14.520108
307.617187	-14.566632
309.082031	-14.611553
310.546875	-14.639771
312.011719	-14.698044
313.476562	-14.765449
314.941406	-14.797953
316.406250	-14.788078
317.871094	-14.827224
319.335937	-14.877401
320.800781	-14.942427
322.265625	-15.017356
323.730469	-15.097622
325.195312	-15.174170
326.660156	-15.218299
328.125000	-15.302787
329.589844	-15.342773
331.054687	-15.424574
332.519531	-15.487781
333.984375	-15.506908
335.449219	-15.567922
336.914062	-15.610930
338.378906	-15.624595
339.843750	-15.623618
341.308594	-15.659631
342.773437	-15.686240
344.238281	-15.734798
345.703125	-15.782500
347.167969	-15.798038
348.632812	-15.795402
350.097656	-15.543907
351.562500	-15.047342
353.027344	-14.623005
354.492187	-14.378854
355.957031	-14.308720
357.421875	-14.409933
358.886719	-14.691304
360.351562	-15.175760
361.816406	-15.659687
363.281250	-15.852890
364.746094	-15.874913
366.210937	-15.877978
367.675781	-15.877519
369.140625	-15.895385
370.605469	-15.878181
372.070312	-15.857210
373.535156	-15.832332
375.000000	-15.800052
376.464844	-15.761457
377.929687	-15.736407
379.394531	-15.727707
380.859375	-15.721491
382.324219	-15.656437
383.789062	-15.592062
385.253906	-15.529685
386.718750	-15.507067
388.183594	-15.524445
389.648437	-15.504516
391.113281	-15.463497
392.578125	-15.467161
394.042969	-15.442532
395.507812	-15.392001
396.972656	-15.369347
398.437500	-15.327753
399.902344	-15.254168
401.367187	-15.176585
402.832031	-15.094118
404.296875	-15.006040
405.761719	-14.895312
407.226562	-14.776517
408.691406	-14.650762
410.156250	-14.517084
411.621094	-14.379107
413.085937	-14.258623
414.550781	-14.158815
416.015625	-14.034854
417.480469	-13.962318
418.945312	-13.965788
420.410156	-13.983433
421.875000	-14.001818
423.339844	-14.086345
424.804687	-14.211869
426.269531	-14.269684
427.734375	-14.316211
429.199219	-14.419069
430.664062	-14.517588
432.128906	-14.603336
433.593750	-14.646978
435.058594	-14.652726
436.523437	-14.692680
437.988281	-14.701418
439.453125	-14.720707
440.917969	-14.767630
442.382812	-14.841934
443.847656	-14.906421
445.312500	-14.934696
446.777344	-14.984591
448.242187	-14.978453
449.707031	-14.928298
451.171875	-14.781902
452.636719	-14.507887
454.101562	-14.281946
455.566406	-14.189435
457.031250	-14.231955
458.496094	-14.422083
459.960937	-14.699794
461.425781	-14.883235
462.890625	-14.936853
464.355469	-14.959065
465.820312	-14.978180
467.285156	-15.000135
468.750000	-14.973288
470.214844	-14.964290
471.679687	-14.997501
473.144531	-15.017248
474.609375	-15.030892
476.074219	-15.046406
477.539062	-15.031078
479.003906	-15.024901
480.468750	-15.010544
481.933594	-15.008589
483.398437	-15.007126
484.863281	-14.992554
486.328125	-14.991188
487.792969	-15.011599
489.257812	-15.027851
490.722656	-15.045688
492.187500	-15.065855
493.652344	-15.100627
495.117187	-15.129233
496.582031	-15.168878
498.046875	-15.168659
499.511719	-15.200787
500.976562	-15.254865
502.441406	-15.253861
503.906250	-15.231621
505.371094	-15.228548
506.835937	-15.247010
508.300781	-15.240616
509.765625	-15.260497
511.230469	-15.255599
512.695312	-15.246433
514.160156	-15.291596
515.625000	-15.322695
517.089844	-15.323350
518.554687	-15.345110
520.019531	-15.375284
521.484375	-15.401985
522.949219	-15.378019
524.414062	-15.413978
525.878906	-15.429716
527.343750	-15.440292
528.808594	-15.430993
530.273437	-15.395492
531.738281	-15.376189
533.203125	-15.380030
534.667969	-15.357881
536.132812	-15.302180
537.597656	-15.282841
539.062500	-15.267906
540.527344	-15.251230
541.992187	-15.250127
543.457031	-15.231504
544.921875	-15.159492
546.386719	-15.091814
547.851562	-15.058847
549.316406	-14.934847
550.781250	-14.808792
552.246094	-14.692484
553.710937	-14.601884
555.175781	-14.512106
556.640625	-14.496134
558.105469	-14.500373
559.570312	-14.550911
561.035156	-14.589831
562.500000	-14.631339
563.964844	-14.714662
565.429687	-14.795925
566.894531	-14.939563
568.359375	-15.070425
569.824219	-15.164847
571.289062	-15.261528
572.753906	-15.368528
574.218750	-15.440368
575.683594	-15.520135
577.148437	-15.618058
578.613281	-15.736521
580.078125	-15.790642
581.542969	-15.848623
583.007812	-15.866784
584.472656	-15.889072
585.937500	-15.943426
587.402344	-16.001376
588.867187	-16.056177
590.332031	-16.104017
591.796875	-16.148057
593.261719	-16.180356
594.726562	-16.228795
596.191406	-16.261438
597.656250	-16.290081
599.121094	-16.311648
600.585937	-16.326702
602.050781	-16.314569
603.515625	-16.294146
604.980469	-16.276175
606.445312	-16.281420
607.910156	-16.277275
609.375000	-16.282474
610.839844	-16.326915
612.304687	-16.340981
613.769531	-16.348376
615.234375	-16.373028
616.699219	-16.420112
618.164062	-16.455646
619.628906	-16.472402
621.093750	-16.455731
622.558594	-16.425595
624.023437	-16.401634
625.488281	-16.384364
626.953125	-16.383197
628.417969	-16.387673
629.882812	-16.390136
631.347656	-16.386581
632.812500	-16.376828
634.277344	-16.344454
635.742187	-16.318048
637.207031	-16.327364
638.671875	-16.313408
640.136719	-16.300988
641.601562	-16.270296
643.066406	-16.244793
644.531250	-16.240128
645.996094	-16.230858
647.460937	-16.201227
648.925781	-16.132692
650.390625	-15.890311
651.855469	-15.490863
653.320312	-15.117880
654.785156	-14.905217
656.250000	-14.863741
657.714844	-14.987649
659.179687	-15.265937
660.644531	-15.640435
662.109375	-15.859860
663.574219	-15.875933
665.039062	-15.825161
666.503906	-15.753182
667.968750	-15.685741
669.433594	-15.642473
670.898437	-15.610790
672.363281	-15.519779
673.828125	-15.465224
675.292969	-15.394648
676.757812	-15.310564
678.222656	-15.240668
679.687500	-15.174690
681.152344	-15.098533
682.617187	-15.014677
684.082031	-14.917494
685.546875	-14.825131
687.011719	-14.709357
688.476562	-14.606017
689.941406	-14.486777
691.406250	-14.413081
692.871094	-14.347897
694.335937	-14.281638
695.800781	-14.223863
697.265625	-14.229144
698.730469	-14.280894
700.195312	-14.330975
701.660156	-14.347378
703.125000	-14.399469
704.589844	-14.471336
706.054687	-14.526643
707.519531	-14.610751
708.984375	-14.673308
710.449219	-14.743673
711.914062	-14.800395
713.378906	-14.849387
714.843750	-14.918835
716.308594	-14.968003
717.773437	-14.979096
719.238281	-14.973954
720.703125	-14.989781
722.167969	-15.060875
723.632812	-15.126611
725.097656	-15.213721
726.562500	-15.293321
728.027344	-15.344261
729.492187	-15.367259
730.957031	-15.414166
732.421875	-15.451097
733.886719	-15.485212
735.351562	-15.515434
736.816406	-15.543968
738.281250	-15.585198
739.746094	-15.647168
741.210937	-15.671352
742.675781	-15.714945
744.140625	-15.729163
745.605469	-15.770657
747.070312	-15.833169
748.535156	-15.828479
750.000000	-15.636137
751.464844	-15.189303
752.929687	-14.786543
754.394531	-14.539809
755.859375	-14.460605
757.324219	-14.547262
758.789062	-14.804063
760.253906	-15.239626
761.718750	-15.766421
763.183594	-16.089171
764.648437	-16.229877
766.113281	-16.238025
767.578125	-16.233930
769.042969	-16.252238
770.507812	-16.255161
771.972656	-16.247778
773.437500	-16.262360
774.902344	-16.259270
776.367187	-16.252086
777.832031	-16.278733
779.296875	-16.309930
780.761719	-16.321369
782.226562	-16.333188
783.691406	-16.346008
785.156250	-16.360408
786.621094	-16.374474
788.085937	-16.408018
789.550781	-16.438672
791.015625	-16.432228
792.480469	-16.445882
793.945312	-16.429468
795.410156	-16.420818
796.875000	-16.409272
798.339844	-16.389117
799.804687	-16.360558
801.269531	-16.345493
802.734375	-16.324873
804.199219	-16.334879
805.664062	-16.330794
807.128906	-16.304017
808.593750	-16.297458
810.058594	-16.280794
811.523437	-16.263680
812.988281	-16.223573
814.453125	-16.192127
815.917969	-16.191885
817.382812	-16.144703
818.847656	-16.105816
820.312500	-16.012084
821.777344	-15.988201
823.242187	-15.922976
824.707031	-15.812694
826.171875	-15.729526
827.636719	-15.607488
829.101562	-15.502282
830.566406	-15.418231
832.031250	-15.356374
833.496094	-15.325647
834.960937	-15.306860
836.425781	-15.329671
837.890625	-15.341550
839.355469	-15.387063
840.820312	-15.449644
842.285156	-15.522457
843.750000	-15.602034
845.214844	-15.670154
846.679687	-15.729931
848.144531	-15.808148
849.609375	-15.827509
851.074219	-15.716419
852.539062	-15.431830
854.003906	-15.185333
855.468750	-15.054962
856.933594	-15.090681
858.398437	-15.293072
859.863281	-15.664542
861.328125	-16.062703
862.792969	-16.306215
864.257812	-16.423382
865.722656	-16.457886
867.187500	-16.501259
868.652344	-16.506824
870.117187	-16.510924
871.582031	-16.516504
873.046875	-16.551240
874.511719	-16.560915
875.976562	-16.549957
877.441406	-16.572299
878.906250	-16.553107
880.371094	-16.545565
881.835937	-16.532389
883.300781	-16.567414
884.765625	-16.596607
886.230469	-16.587399
887.695312	-16.594884
889.160156	-16.582567
890.625000	-16.576329
892.089844	-16.606810
893.554687	-16.641231
895.019531	-16.655779
896.484375	-16.652077
897.949219	-16.616894
899.414062	-16.595103
900.878906	-16.571129
902.343750	-16.539531
903.808594	-16.480590
905.273437	-16.449694
906.738281	-16.424001
908.203125	-16.400481
909.667969	-16.434371
911.132812	-16.423725
912.597656	-16.402588
914.062500	-16.381189
915.527344	-16.401079
916.992187	-16.440933
918.457031	-16.462277
919.921875	-16.408802
921.386719	-16.356150
922.851562	-16.307192
924.316406	-16.238816
925.781250	-16.208215
927.246094	-16.177240
928.710937	-16.150076
930.175781	-16.104156
931.640625	-16.072584
933.105469	-16.035656
934.570312	-16.006836
936.035156	-15.981408
937.500000	-15.948937
938.964844	-15.904010
940.429687	-15.866931
941.894531	-15.830382
943.359375	-15.824798
944.824219	-15.842489
946.289062	-15.817882
947.753906	-15.754837
949.218750	-15.685063
950.683594	-15.612062
952.148437	-15.474602
953.613281	-15.327194
955.078125	-15.204462
956.542969	-15.152449
958.007812	-15.169856
959.472656	-15.205531
960.937500	-15.243317
962.402344	-15.184337
963.867187	-15.125811
965.332031	-15.106174
966.796875	-15.071859
968.261719	-15.051509
969.726562	-14.986756
971.191406	-14.898348
972.656250	-14.803499
974.121094	-14.789742
975.585937	-14.778761
977.050781	-14.772524
978.515625	-14.816606
979.980469	-14.875444
981.445312	-14.946562
982.910156	-14.993862
984.375000	-15.073616
985.839844	-15.200098
987.304687	-15.275407
988.769531	-15.386569
990.234375	-15.519569
991.699219	-15.638209
993.164062	-15.715922
994.628906	-15.794970
996.093750	-15.871274
997.558594	-15.954402

