# Cursors in Graph
f in Hz	A in dBV
180.175781	-14.311875
294.433594	-14.116071
399.902344	-14.021503
499.511719	-14.802840
704.589844	-14.989271

# Spectral Data
f in Hz	A in dBV
0.000000	-14.366581
1.464844	-13.618728
2.929687	-13.003193
4.394531	-12.505718
5.859375	-12.112033
7.324219	-11.821078
8.789062	-11.647310
10.253906	-11.567810
11.718750	-11.586154
13.183594	-11.664953
14.648437	-11.775651
16.113281	-11.919756
17.578125	-12.071591
19.042969	-12.226175
20.507812	-12.368175
21.972656	-12.495395
23.437500	-12.598305
24.902344	-12.633424
26.367187	-12.658188
27.832031	-12.710416
29.296875	-12.767125
30.761719	-12.819319
32.226562	-12.878095
33.691406	-12.940444
35.156250	-13.004323
36.621094	-13.065438
38.085937	-13.114166
39.550781	-13.153723
41.015625	-13.200399
42.480469	-13.239363
43.945312	-13.266943
45.410156	-13.276033
46.875000	-13.280980
48.339844	-13.262205
49.804687	-13.122295
51.269531	-12.800386
52.734375	-12.407997
54.199219	-12.142184
55.664062	-12.038127
57.128906	-12.093558
58.593750	-12.302740
60.058594	-12.671901
61.523437	-13.058980
62.988281	-13.225101
64.453125	-13.231897
65.917969	-13.198975
67.382812	-13.149292
68.847656	-13.099981
70.312500	-13.062864
71.777344	-13.031518
73.242187	-13.032078
74.707031	-13.026009
76.171875	-13.012623
77.636719	-12.999905
79.101562	-12.995779
80.566406	-13.034495
82.031250	-13.088540
83.496094	-13.144419
84.960937	-13.191239
86.425781	-13.213833
87.890625	-13.250135
89.355469	-13.300541
90.820312	-13.335678
92.285156	-13.359102
93.750000	-13.372869
95.214844	-13.388614
96.679687	-13.390589
98.144531	-13.394901
99.609375	-13.408170
101.074219	-13.421012
102.539062	-13.421555
104.003906	-13.420425
105.468750	-13.428759
106.933594	-13.462080
108.398437	-13.498282
109.863281	-13.557694
111.328125	-13.545967
112.792969	-13.531440
114.257812	-13.491670
115.722656	-13.473534
117.187500	-13.468704
118.652344	-13.438812
120.117187	-13.393233
121.582031	-13.346575
123.046875	-13.288487
124.511719	-13.238136
125.976562	-13.196302
127.441406	-13.099213
128.906250	-13.016166
130.371094	-12.904399
131.835937	-12.768318
133.300781	-12.632714
134.765625	-12.482376
136.230469	-12.373302
137.695312	-12.321379
139.160156	-12.337307
140.625000	-12.419077
142.089844	-12.566932
143.554687	-12.768507
145.019531	-12.964641
146.484375	-13.145377
147.949219	-13.289854
149.414062	-13.364368
150.878906	-13.370150
152.343750	-13.125127
153.808594	-12.836298
155.273437	-12.696240
156.738281	-12.705099
158.203125	-12.886190
159.667969	-13.231337
161.132812	-13.692160
162.597656	-14.037250
164.062500	-14.134801
165.527344	-14.177941
166.992187	-14.189226
168.457031	-14.224373
169.921875	-14.255426
171.386719	-14.264193
172.851562	-14.273958
174.316406	-14.288735
175.781250	-14.301619
177.246094	-14.305465
178.710937	-14.321832
180.175781	-14.311875
181.640625	-14.304749
183.105469	-14.309090
184.570312	-14.321863
186.035156	-14.349422
187.500000	-14.370038
188.964844	-14.365759
190.429687	-14.373710
191.894531	-14.366374
193.359375	-14.364279
194.824219	-14.344292
196.289062	-14.319364
197.753906	-14.301372
199.218750	-14.286608
200.683594	-14.265624
202.148437	-14.248162
203.613281	-14.234739
205.078125	-14.229824
206.542969	-14.217433
208.007812	-14.201737
209.472656	-14.203376
210.937500	-14.187250
212.402344	-14.188281
213.867187	-14.152606
215.332031	-14.140865
216.796875	-14.108365
218.261719	-14.070010
219.726562	-14.057797
221.191406	-14.038115
222.656250	-14.000869
224.121094	-13.957777
225.585937	-13.924444
227.050781	-13.890800
228.515625	-13.848406
229.980469	-13.834796
231.445312	-13.770600
232.910156	-13.737513
234.375000	-13.715176
235.839844	-13.684198
237.304687	-13.658016
238.769531	-13.638296
240.234375	-13.639928
241.699219	-13.656816
243.164062	-13.621484
244.628906	-13.581287
246.093750	-13.541077
247.558594	-13.501581
249.023437	-13.435705
250.488281	-13.366697
251.953125	-13.262894
253.417969	-13.155816
254.882812	-13.047204
256.347656	-13.011467
257.812500	-12.997308
259.277344	-12.980587
260.742187	-12.926136
262.207031	-12.870125
263.671875	-12.812139
265.136719	-12.754692
266.601562	-12.702870
268.066406	-12.643725
269.531250	-12.611463
270.996094	-12.615468
272.460937	-12.634854
273.925781	-12.665888
275.390625	-12.713603
276.855469	-12.813314
278.320312	-12.916879
279.785156	-13.032068
281.250000	-13.157079
282.714844	-13.270401
284.179687	-13.392326
285.644531	-13.518262
287.109375	-13.650923
288.574219	-13.756735
290.039062	-13.854573
291.503906	-13.964372
292.968750	-14.044075
294.433594	-14.116071
295.898437	-14.194417
297.363281	-14.255774
298.828125	-14.306156
300.292969	-14.341795
301.757812	-14.379409
303.222656	-14.398432
304.687500	-14.399100
306.152344	-14.418433
307.617187	-14.435156
309.082031	-14.467067
310.546875	-14.468020
312.011719	-14.518136
313.476562	-14.581628
314.941406	-14.652734
316.406250	-14.706792
317.871094	-14.723372
319.335937	-14.749001
320.800781	-14.773920
322.265625	-14.822536
323.730469	-14.847622
325.195312	-14.863730
326.660156	-14.901126
328.125000	-14.942049
329.589844	-14.943233
331.054687	-14.955077
332.519531	-14.963577
333.984375	-14.979106
335.449219	-14.975010
336.914062	-14.985618
338.378906	-14.980341
339.843750	-14.990118
341.308594	-15.001477
342.773437	-15.025098
344.238281	-15.027933
345.703125	-15.035476
347.167969	-15.051035
348.632812	-15.048758
350.097656	-14.950524
351.562500	-14.678676
353.027344	-14.338033
354.492187	-14.103478
355.957031	-14.028021
357.421875	-14.111846
358.886719	-14.349691
360.351562	-14.675523
361.816406	-14.926050
363.281250	-15.020495
364.746094	-15.021285
366.210937	-15.010450
367.675781	-15.009155
369.140625	-14.992514
370.605469	-14.978745
372.070312	-14.991199
373.535156	-14.974637
375.000000	-14.936534
376.464844	-14.926176
377.929687	-14.912380
379.394531	-14.888399
380.859375	-14.864348
382.324219	-14.843598
383.789062	-14.811231
385.253906	-14.754028
386.718750	-14.708508
388.183594	-14.661690
389.648437	-14.606106
391.113281	-14.551111
392.578125	-14.490624
394.042969	-14.414226
395.507812	-14.335238
396.972656	-14.243733
398.437500	-14.117388
399.902344	-14.021503
401.367187	-13.933923
402.832031	-13.856281
404.296875	-13.837616
405.761719	-13.849261
407.226562	-13.914656
408.691406	-14.006032
410.156250	-14.096110
411.621094	-14.191996
413.085937	-14.286340
414.550781	-14.344547
416.015625	-14.410218
417.480469	-14.486374
418.945312	-14.538858
420.410156	-14.607308
421.875000	-14.638075
423.339844	-14.667081
424.804687	-14.674473
426.269531	-14.704865
427.734375	-14.718239
429.199219	-14.747475
430.664062	-14.769995
432.128906	-14.788574
433.593750	-14.775511
435.058594	-14.764603
436.523437	-14.747371
437.988281	-14.721658
439.453125	-14.721980
440.917969	-14.736581
442.382812	-14.757859
443.847656	-14.752800
445.312500	-14.776541
446.777344	-14.800973
448.242187	-14.802438
449.707031	-14.746395
451.171875	-14.488600
452.636719	-14.121242
454.101562	-13.838159
455.566406	-13.716154
457.031250	-13.757441
458.496094	-13.962566
459.960937	-14.277988
461.425781	-14.551446
462.890625	-14.658083
464.355469	-14.699495
465.820312	-14.711232
467.285156	-14.700651
468.750000	-14.698207
470.214844	-14.705146
471.679687	-14.714396
473.144531	-14.723293
474.609375	-14.726946
476.074219	-14.735072
477.539062	-14.723328
479.003906	-14.732522
480.468750	-14.720286
481.933594	-14.717085
483.398437	-14.737496
484.863281	-14.752048
486.328125	-14.764823
487.792969	-14.757497
489.257812	-14.743809
490.722656	-14.734573
492.187500	-14.751994
493.652344	-14.769685
495.117187	-14.790734
496.582031	-14.799232
498.046875	-14.794041
499.511719	-14.802840
500.976562	-14.830792
502.441406	-14.843573
503.906250	-14.867472
505.371094	-14.875292
506.835937	-14.868724
508.300781	-14.843047
509.765625	-14.818033
511.230469	-14.790445
512.695312	-14.782877
514.160156	-14.803623
515.625000	-14.813381
517.089844	-14.800561
518.554687	-14.775825
520.019531	-14.734559
521.484375	-14.717446
522.949219	-14.712923
524.414062	-14.687202
525.878906	-14.654537
527.343750	-14.606856
528.808594	-14.551220
530.273437	-14.484420
531.738281	-14.411706
533.203125	-14.336399
534.667969	-14.263559
536.132812	-14.215772
537.597656	-14.171417
539.062500	-14.173664
540.527344	-14.213750
541.992187	-14.295900
543.457031	-14.390671
544.921875	-14.501269
546.386719	-14.615823
547.851562	-14.699276
549.316406	-14.762700
550.781250	-14.761327
552.246094	-14.574294
553.710937	-14.294866
555.175781	-14.132039
556.640625	-14.126625
558.105469	-14.288911
559.570312	-14.605756
561.035156	-14.950996
562.500000	-15.160224
563.964844	-15.217822
565.429687	-15.233000
566.894531	-15.232628
568.359375	-15.237857
569.824219	-15.232475
571.289062	-15.230047
572.753906	-15.272056
574.218750	-15.297537
575.683594	-15.326881
577.148437	-15.351752
578.613281	-15.366086
580.078125	-15.370947
581.542969	-15.377626
583.007812	-15.358303
584.472656	-15.345478
585.937500	-15.355856
587.402344	-15.358551
588.867187	-15.357102
590.332031	-15.378704
591.796875	-15.383469
593.261719	-15.374448
594.726562	-15.383086
596.191406	-15.395481
597.656250	-15.429161
599.121094	-15.426374
600.585937	-15.411338
602.050781	-15.405139
603.515625	-15.418177
604.980469	-15.394568
606.445312	-15.378652
607.910156	-15.378206
609.375000	-15.392473
610.839844	-15.397823
612.304687	-15.400251
613.769531	-15.408409
615.234375	-15.426110
616.699219	-15.432903
618.164062	-15.430504
619.628906	-15.413675
621.093750	-15.392298
622.558594	-15.384332
624.023437	-15.370256
625.488281	-15.380406
626.953125	-15.381239
628.417969	-15.371515
629.882812	-15.362875
631.347656	-15.350146
632.812500	-15.354950
634.277344	-15.359910
635.742187	-15.335658
637.207031	-15.309119
638.671875	-15.283431
640.136719	-15.277989
641.601562	-15.260563
643.066406	-15.259662
644.531250	-15.253695
645.996094	-15.244639
647.460937	-15.216633
648.925781	-15.177311
650.390625	-15.107461
651.855469	-14.917557
653.320312	-14.696755
654.785156	-14.527428
656.250000	-14.476105
657.714844	-14.536214
659.179687	-14.626819
660.644531	-14.663419
662.109375	-14.593238
663.574219	-14.502803
665.039062	-14.421493
666.503906	-14.344015
667.968750	-14.275350
669.433594	-14.230431
670.898437	-14.226732
672.363281	-14.247715
673.828125	-14.293300
675.292969	-14.342736
676.757812	-14.405043
678.222656	-14.477093
679.687500	-14.521904
681.152344	-14.559348
682.617187	-14.589455
684.082031	-14.625747
685.546875	-14.650765
687.011719	-14.679996
688.476562	-14.700828
689.941406	-14.743299
691.406250	-14.773603
692.871094	-14.768730
694.335937	-14.792622
695.800781	-14.816048
697.265625	-14.862475
698.730469	-14.901246
700.195312	-14.941368
701.660156	-14.962056
703.125000	-14.964845
704.589844	-14.989271
706.054687	-15.000207
707.519531	-14.998385
708.984375	-15.005526
710.449219	-14.998256
711.914062	-14.993770
713.378906	-15.011178
714.843750	-15.027701
716.308594	-15.051697
717.773437	-15.082850
719.238281	-15.097577
720.703125	-15.097304
722.167969	-15.126137
723.632812	-15.159538
725.097656	-15.168863
726.562500	-15.185228
728.027344	-15.217620
729.492187	-15.264423
730.957031	-15.277094
732.421875	-15.281957
733.886719	-15.273582
735.351562	-15.285287
736.816406	-15.285457
738.281250	-15.293004
739.746094	-15.292235
741.210937	-15.309531
742.675781	-15.336568
744.140625	-15.340815
745.605469	-15.348301
747.070312	-15.352111
748.535156	-15.356385
750.000000	-15.165947
751.464844	-14.733970
752.929687	-14.316141
754.394531	-14.053647
755.859375	-13.961941
757.324219	-14.036392
758.789062	-14.273719
760.253906	-14.676247
761.718750	-15.086611
763.183594	-15.319311
764.648437	-15.379769
766.113281	-15.385925
767.578125	-15.373857
769.042969	-15.370961
770.507812	-15.378311
771.972656	-15.386208
773.437500	-15.368511
774.902344	-15.370299
776.367187	-15.377795
777.832031	-15.351804
779.296875	-15.333958
780.761719	-15.349614
782.226562	-15.345808
783.691406	-15.349697
785.156250	-15.329237
786.621094	-15.319675
788.085937	-15.309467
789.550781	-15.294112
791.015625	-15.262498
792.480469	-15.221277
793.945312	-15.197403
795.410156	-15.149470
796.875000	-15.081767
798.339844	-15.034164
799.804687	-14.984158
801.269531	-14.928124
802.734375	-14.893674
804.199219	-14.876449
805.664062	-14.901449
807.128906	-14.940771
808.593750	-14.997177
810.058594	-15.079538
811.523437	-15.147882
812.988281	-15.210482
814.453125	-15.265363
815.917969	-15.300580
817.382812	-15.338028
818.847656	-15.376291
820.312500	-15.388214
821.777344	-15.428388
823.242187	-15.441998
824.707031	-15.449206
826.171875	-15.445618
827.636719	-15.460228
829.101562	-15.471101
830.566406	-15.481638
832.031250	-15.495650
833.496094	-15.501236
834.960937	-15.501794
836.425781	-15.498680
837.890625	-15.499446
839.355469	-15.482411
840.820312	-15.470005
842.285156	-15.493426
843.750000	-15.511873
845.214844	-15.509727
846.679687	-15.484816
848.144531	-15.461977
849.609375	-15.386216
851.074219	-15.028901
852.539062	-14.625204
854.003906	-14.318626
855.468750	-14.176130
856.933594	-14.197717
858.398437	-14.385837
859.863281	-14.737094
861.328125	-15.176675
862.792969	-15.479892
864.257812	-15.551556
865.722656	-15.559082
867.187500	-15.562271
868.652344	-15.542083
870.117187	-15.551426
871.582031	-15.562329
873.046875	-15.568165
874.511719	-15.568592
875.976562	-15.559089
877.441406	-15.569732
878.906250	-15.549233
880.371094	-15.534854
881.835937	-15.519068
883.300781	-15.519158
884.765625	-15.541878
886.230469	-15.561747
887.695312	-15.568635
889.160156	-15.544988
890.625000	-15.535503
892.089844	-15.539674
893.554687	-15.531742
895.019531	-15.536498
896.484375	-15.561755
897.949219	-15.551719
899.414062	-15.544040
900.878906	-15.521384
902.343750	-15.495831
903.808594	-15.457926
905.273437	-15.446194
906.738281	-15.437769
908.203125	-15.419783
909.667969	-15.399228
911.132812	-15.382878
912.597656	-15.371170
914.062500	-15.357671
915.527344	-15.337587
916.992187	-15.318549
918.457031	-15.279940
919.921875	-15.244376
921.386719	-15.204482
922.851562	-15.173921
924.316406	-15.129777
925.781250	-15.036186
927.246094	-14.958301
928.710937	-14.872351
930.175781	-14.824814
931.640625	-14.753035
933.105469	-14.694808
934.570312	-14.638040
936.035156	-14.599875
937.500000	-14.597043
938.964844	-14.614563
940.429687	-14.659068
941.894531	-14.694817
943.359375	-14.748563
944.824219	-14.779282
946.289062	-14.811409
947.753906	-14.872345
949.218750	-14.928449
950.683594	-14.935250
952.148437	-14.854834
953.613281	-14.658482
955.078125	-14.505758
956.542969	-14.489546
958.007812	-14.620257
959.472656	-14.846095
960.937500	-15.049815
962.402344	-15.174600
963.867187	-15.259568
965.332031	-15.312550
966.796875	-15.365422
968.261719	-15.417579
969.726562	-15.428762
971.191406	-15.483933
972.656250	-15.523504
974.121094	-15.544301
975.585937	-15.534746
977.050781	-15.530557
978.515625	-15.520243
979.980469	-15.499182
981.445312	-15.513422
982.910156	-15.535857
984.375000	-15.557353
985.839844	-15.555722
987.304687	-15.557450
988.769531	-15.556720
990.234375	-15.580402
991.699219	-15.602963
993.164062	-15.616026
994.628906	-15.650248
996.093750	-15.678936
997.558594	-15.680589

