time (s)	Red-Voltage	IR-Voltage
0,000000	 0,019004	 0,010397
0,010000	 0,019016	 0,010423
0,020000	 0,018995	 0,010395
0,030000	 0,019056	 0,010425
0,040000	 0,019047	 0,010385
0,050000	 0,019107	 0,010490
0,060000	 0,019035	 0,010549
0,070000	 0,019121	 0,010534
0,080000	 0,019072	 0,010645
0,090000	 0,019187	 0,010583
0,100000	 0,019028	 0,010456
0,110000	 0,019143	 0,010353
0,120000	 0,019090	 0,010295
0,130000	 0,018993	 0,009964
0,140000	 0,018952	 0,010085
0,150000	 0,018937	 0,010031
0,160000	 0,018759	 0,009951
0,170000	 0,018757	 0,009894
0,180000	 0,018834	 0,009891
0,190000	 0,018686	 0,009858
0,200000	 0,018794	 0,009995
0,210000	 0,018755	 0,010051
0,220000	 0,018803	 0,010073
0,230000	 0,018779	 0,010130
0,240000	 0,018915	 0,010109
0,250000	 0,018755	 0,010159
0,260000	 0,018911	 0,010177
0,270000	 0,018910	 0,010241
0,280000	 0,019005	 0,010223
0,290000	 0,018986	 0,010355
0,300000	 0,019027	 0,010286
0,310000	 0,018858	 0,010218
0,320000	 0,018935	 0,010145
0,330000	 0,018930	 0,010141
0,340000	 0,018877	 0,010128
0,350000	 0,018968	 0,010204
0,360000	 0,018905	 0,010252
0,370000	 0,018934	 0,010232
0,380000	 0,018917	 0,010292
0,390000	 0,019006	 0,010266
0,400000	 0,018818	 0,010286
0,410000	 0,018957	 0,010212
0,420000	 0,018941	 0,010299
0,430000	 0,019005	 0,010323
0,440000	 0,019023	 0,010450
0,450000	 0,019024	 0,010456
0,460000	 0,019022	 0,010506
0,470000	 0,019032	 0,010459
0,480000	 0,019087	 0,010463
0,490000	 0,019051	 0,010459
0,500000	 0,019142	 0,010519
0,510000	 0,019046	 0,010625
0,520000	 0,019163	 0,010497
0,530000	 0,019096	 0,010487
0,540000	 0,019107	 0,010299
0,550000	 0,018834	 0,010037
0,560000	 0,018878	 0,009904
0,570000	 0,018817	 0,009941
0,580000	 0,018787	 0,009783
0,590000	 0,018771	 0,009901
0,600000	 0,018664	 0,009959
0,610000	 0,018727	 0,009952
0,620000	 0,018676	 0,009969
0,630000	 0,018762	 0,009946
0,640000	 0,018699	 0,010001
0,650000	 0,018807	 0,010009
0,660000	 0,018760	 0,010130
0,670000	 0,018899	 0,010159
0,680000	 0,018861	 0,010337
0,690000	 0,018952	 0,010326
0,700000	 0,018867	 0,010287
0,710000	 0,018883	 0,010227
0,720000	 0,018952	 0,010205
0,730000	 0,018869	 0,010109
0,740000	 0,018926	 0,010183
0,750000	 0,018863	 0,010219
0,760000	 0,018924	 0,010184
0,770000	 0,018870	 0,010247
0,780000	 0,018982	 0,010173
0,790000	 0,018792	 0,010193
0,800000	 0,018893	 0,010165
0,810000	 0,018882	 0,010225
0,820000	 0,018934	 0,010222
0,830000	 0,018948	 0,010395
0,840000	 0,019010	 0,010385
0,850000	 0,018884	 0,010410
0,860000	 0,018932	 0,010346
0,870000	 0,019013	 0,010384
0,880000	 0,019016	 0,010407
0,890000	 0,019058	 0,010522
0,900000	 0,019005	 0,010556
0,910000	 0,019038	 0,010582
0,920000	 0,019031	 0,010581
0,930000	 0,019135	 0,010538
0,940000	 0,019035	 0,010449
0,950000	 0,019165	 0,010346
0,960000	 0,019025	 0,010279
0,970000	 0,018907	 0,010019
0,980000	 0,018857	 0,010050
0,990000	 0,018900	 0,009952
1,000000	 0,018669	 0,009889
1,010000	 0,018763	 0,009803
1,020000	 0,018697	 0,009863
1,030000	 0,018723	 0,009881
1,040000	 0,018720	 0,009990
1,050000	 0,018722	 0,009985
1,060000	 0,018681	 0,010098
1,070000	 0,018727	 0,010051
1,080000	 0,018800	 0,010077
1,090000	 0,018835	 0,010161
1,100000	 0,018937	 0,010268
1,110000	 0,018891	 0,010321
1,120000	 0,018958	 0,010333
1,130000	 0,018917	 0,010288
1,140000	 0,018978	 0,010229
1,150000	 0,018842	 0,010153
1,160000	 0,018921	 0,010139
1,170000	 0,018788	 0,010216
1,180000	 0,018933	 0,010192
1,190000	 0,018870	 0,010288
1,200000	 0,018926	 0,010243
1,210000	 0,018823	 0,010269
1,220000	 0,018888	 0,010196
1,230000	 0,018895	 0,010231
1,240000	 0,018892	 0,010225
1,250000	 0,018923	 0,010358
1,260000	 0,018906	 0,010425
1,270000	 0,018988	 0,010429
1,280000	 0,018959	 0,010459
1,290000	 0,019066	 0,010459
1,300000	 0,018954	 0,010429
1,310000	 0,019000	 0,010450
1,320000	 0,018939	 0,010560
1,330000	 0,019139	 0,010565
1,340000	 0,019060	 0,010655
1,350000	 0,019171	 0,010610
1,360000	 0,019017	 0,010444
1,370000	 0,019058	 0,010264
1,380000	 0,018941	 0,010168
1,390000	 0,018874	 0,009950
1,400000	 0,018842	 0,010073
1,410000	 0,018890	 0,009999
1,420000	 0,018717	 0,009934
1,430000	 0,018722	 0,009876
1,440000	 0,018729	 0,009926
1,450000	 0,018684	 0,009917
1,460000	 0,018746	 0,010060
1,470000	 0,018764	 0,010101
1,480000	 0,018820	 0,010202
1,490000	 0,018803	 0,010227
1,500000	 0,018915	 0,010180
1,510000	 0,018777	 0,010283
1,520000	 0,018927	 0,010291
1,530000	 0,018929	 0,010364
1,540000	 0,019018	 0,010350
1,550000	 0,018971	 0,010409
1,560000	 0,019045	 0,010314
1,570000	 0,018852	 0,010249
1,580000	 0,018932	 0,010159
1,590000	 0,018904	 0,010204
1,600000	 0,018932	 0,010201
1,610000	 0,018942	 0,010311
1,620000	 0,018938	 0,010303
1,630000	 0,018925	 0,010379
1,640000	 0,018933	 0,010298
1,650000	 0,018989	 0,010289
1,660000	 0,018893	 0,010336
1,670000	 0,018998	 0,010373
1,680000	 0,018922	 0,010458
1,690000	 0,019032	 0,010525
1,700000	 0,018975	 0,010594
1,710000	 0,019058	 0,010548
1,720000	 0,018969	 0,010615
1,730000	 0,019051	 0,010544
1,740000	 0,019058	 0,010581
1,750000	 0,019078	 0,010593
1,760000	 0,019116	 0,010664
1,770000	 0,019028	 0,010665
1,780000	 0,019089	 0,010424
1,790000	 0,018987	 0,010284
1,800000	 0,018968	 0,010131
1,810000	 0,018760	 0,009947
1,820000	 0,018799	 0,009902
1,830000	 0,018677	 0,009975
1,840000	 0,018692	 0,009871
1,850000	 0,018625	 0,009999
1,860000	 0,018631	 0,010014
1,870000	 0,018623	 0,010064
1,880000	 0,018640	 0,010012
1,890000	 0,018686	 0,010055
1,900000	 0,018721	 0,010128
1,910000	 0,018779	 0,010232
1,920000	 0,018718	 0,010346
1,930000	 0,018888	 0,010376
1,940000	 0,018861	 0,010460
1,950000	 0,018997	 0,010444
1,960000	 0,018851	 0,010329
1,970000	 0,018908	 0,010270
1,980000	 0,018826	 0,010339
1,990000	 0,018889	 0,010241
2,000000	 0,018822	 0,010337
2,010000	 0,018829	 0,010296
2,020000	 0,018788	 0,010310
2,030000	 0,018805	 0,010223
2,040000	 0,018842	 0,010233
2,050000	 0,018849	 0,010246
2,060000	 0,018910	 0,010375
2,070000	 0,018862	 0,010432
2,080000	 0,018945	 0,010477
2,090000	 0,018879	 0,010559
2,100000	 0,019012	 0,010473
2,110000	 0,018848	 0,010510
2,120000	 0,018943	 0,010438
2,130000	 0,018971	 0,010510
2,140000	 0,019058	 0,010546
2,150000	 0,019060	 0,010674
2,160000	 0,019035	 0,010672
2,170000	 0,019052	 0,010731
2,180000	 0,019030	 0,010626
2,190000	 0,019118	 0,010459
2,200000	 0,018901	 0,010194
2,210000	 0,018934	 0,010137
2,220000	 0,018787	 0,010096
2,230000	 0,018815	 0,010033
2,240000	 0,018733	 0,010068
2,250000	 0,018806	 0,009990
2,260000	 0,018646	 0,010035
2,270000	 0,018735	 0,009930
2,280000	 0,018726	 0,010003
2,290000	 0,018788	 0,010106
2,300000	 0,018812	 0,010199
2,310000	 0,018749	 0,010243
2,320000	 0,018861	 0,010399
2,330000	 0,018846	 0,010394
2,340000	 0,018965	 0,010373
2,350000	 0,018943	 0,010476
2,360000	 0,019038	 0,010410
2,370000	 0,018915	 0,010471
2,380000	 0,019014	 0,010381
2,390000	 0,018945	 0,010434
2,400000	 0,018946	 0,010379
2,410000	 0,018896	 0,010354
2,420000	 0,018909	 0,010242
2,430000	 0,018933	 0,010302
2,440000	 0,018954	 0,010299
2,450000	 0,018994	 0,010384
2,460000	 0,018906	 0,010443
2,470000	 0,019009	 0,010491
2,480000	 0,018955	 0,010474
2,490000	 0,019068	 0,010485
2,500000	 0,018975	 0,010466
2,510000	 0,019048	 0,010470
2,520000	 0,018989	 0,010598
2,530000	 0,019158	 0,010607
2,540000	 0,019064	 0,010692
2,550000	 0,019165	 0,010674
2,560000	 0,019118	 0,010726
2,570000	 0,019151	 0,010655
2,580000	 0,019151	 0,010708
2,590000	 0,019226	 0,010461
2,600000	 0,019126	 0,010398
2,610000	 0,019031	 0,010261
2,620000	 0,018938	 0,010169
2,630000	 0,018869	 0,010082
2,640000	 0,018908	 0,010017
2,650000	 0,018748	 0,009993
2,660000	 0,018781	 0,010017
2,670000	 0,018716	 0,010076
2,680000	 0,018864	 0,010116
2,690000	 0,018776	 0,010211
2,700000	 0,018914	 0,010180
2,710000	 0,018813	 0,010263
2,720000	 0,018904	 0,010217
2,730000	 0,018901	 0,010300
2,740000	 0,019044	 0,010431
2,750000	 0,019033	 0,010539
2,760000	 0,019068	 0,010467
2,770000	 0,019011	 0,010489
2,780000	 0,019031	 0,010372
2,790000	 0,019093	 0,010316
2,800000	 0,018990	 0,010298
2,810000	 0,019014	 0,010327
2,820000	 0,018936	 0,010369
2,830000	 0,019068	 0,010387
2,840000	 0,018986	 0,010417
2,850000	 0,019080	 0,010340
2,860000	 0,018993	 0,010470
2,870000	 0,019038	 0,010358
2,880000	 0,019061	 0,010375
2,890000	 0,019071	 0,010452
2,900000	 0,019128	 0,010496
2,910000	 0,019067	 0,010546
2,920000	 0,019195	 0,010650
2,930000	 0,019133	 0,010674
2,940000	 0,019230	 0,010629
2,950000	 0,019137	 0,010702
2,960000	 0,019204	 0,010612
2,970000	 0,019139	 0,010699
2,980000	 0,019317	 0,010704
2,990000	 0,019249	 0,010668
3,000000	 0,019230	 0,010496
3,010000	 0,019036	 0,010267
3,020000	 0,019010	 0,010066
3,030000	 0,018958	 0,010031
3,040000	 0,018955	 0,009954
3,050000	 0,018931	 0,009980
3,060000	 0,018806	 0,010000
3,070000	 0,018862	 0,010070
3,080000	 0,018805	 0,010052
3,090000	 0,018891	 0,010042
3,100000	 0,018835	 0,010126
3,110000	 0,018901	 0,010120
3,120000	 0,018849	 0,010265
3,130000	 0,019081	 0,010252
3,140000	 0,018993	 0,010385
3,150000	 0,019037	 0,010387
3,160000	 0,019076	 0,010453
3,170000	 0,019030	 0,010349
3,180000	 0,019071	 0,010316
3,190000	 0,019058	 0,010240
3,200000	 0,019049	 0,010280
3,210000	 0,018927	 0,010323
3,220000	 0,019090	 0,010292
3,230000	 0,018963	 0,010360
3,240000	 0,019079	 0,010326
3,250000	 0,019001	 0,010315
3,260000	 0,019057	 0,010247
3,270000	 0,019013	 0,010367
3,280000	 0,019104	 0,010397
3,290000	 0,019043	 0,010520
3,300000	 0,019097	 0,010487
3,310000	 0,019064	 0,010550
3,320000	 0,019071	 0,010467
3,330000	 0,019145	 0,010482
3,340000	 0,019162	 0,010513
3,350000	 0,019216	 0,010569
3,360000	 0,019148	 0,010617
3,370000	 0,019275	 0,010699
3,380000	 0,019167	 0,010717
3,390000	 0,019310	 0,010619
3,400000	 0,019179	 0,010515
3,410000	 0,019195	 0,010268
3,420000	 0,019065	 0,010165
3,430000	 0,019108	 0,010069
3,440000	 0,019007	 0,010066
3,450000	 0,018978	 0,009964
3,460000	 0,018843	 0,010026
3,470000	 0,018860	 0,009880
3,480000	 0,018799	 0,009902
3,490000	 0,018858	 0,009984
3,500000	 0,018874	 0,010080
3,510000	 0,018872	 0,010096
3,520000	 0,018946	 0,010255
3,530000	 0,018912	 0,010179
3,540000	 0,019005	 0,010181
3,550000	 0,018985	 0,010304
3,560000	 0,019071	 0,010278
3,570000	 0,019019	 0,010345
3,580000	 0,019167	 0,010371
3,590000	 0,019048	 0,010370
3,600000	 0,019120	 0,010283
3,610000	 0,019017	 0,010312
3,620000	 0,019057	 0,010191
3,630000	 0,018998	 0,010257
3,640000	 0,019131	 0,010226
3,650000	 0,019082	 0,010310
3,660000	 0,019053	 0,010320
3,670000	 0,019083	 0,010382
3,680000	 0,019053	 0,010289
3,690000	 0,019061	 0,010330
3,700000	 0,019111	 0,010347
3,710000	 0,019136	 0,010389
3,720000	 0,019068	 0,010458
3,730000	 0,019219	 0,010558
3,740000	 0,019136	 0,010510
3,750000	 0,019228	 0,010500
3,760000	 0,019165	 0,010539
3,770000	 0,019204	 0,010497
3,780000	 0,019135	 0,010598
3,790000	 0,019330	 0,010619
3,800000	 0,019215	 0,010644
3,810000	 0,019297	 0,010532
3,820000	 0,019134	 0,010306
3,830000	 0,019088	 0,010104
3,840000	 0,018984	 0,010074
3,850000	 0,019012	 0,009919
3,860000	 0,018909	 0,009991
3,870000	 0,018860	 0,009984
3,880000	 0,018883	 0,010047
3,890000	 0,018790	 0,009984
3,900000	 0,018879	 0,009966
3,910000	 0,018876	 0,010026
3,920000	 0,018928	 0,010127
3,930000	 0,018879	 0,010214
3,940000	 0,018996	 0,010247
3,950000	 0,018915	 0,010267
3,960000	 0,019069	 0,010265
3,970000	 0,019013	 0,010327
3,980000	 0,019074	 0,010298
3,990000	 0,019035	 0,010337
4,000000	 0,019116	 0,010359
4,010000	 0,019008	 0,010392
4,020000	 0,019087	 0,010281
4,030000	 0,018971	 0,010308
4,040000	 0,019007	 0,010207
4,050000	 0,018972	 0,010236
4,060000	 0,019070	 0,010274
4,070000	 0,019041	 0,010374
4,080000	 0,019043	 0,010331
4,090000	 0,019029	 0,010433
4,100000	 0,019010	 0,010351
4,110000	 0,019090	 0,010332
4,120000	 0,019026	 0,010393
4,130000	 0,019101	 0,010391
4,140000	 0,019031	 0,010451
4,150000	 0,019176	 0,010561
4,160000	 0,019084	 0,010545
4,170000	 0,019185	 0,010473
4,180000	 0,019127	 0,010617
4,190000	 0,019170	 0,010510
4,200000	 0,019102	 0,010577
4,210000	 0,019255	 0,010594
4,220000	 0,019203	 0,010584
4,230000	 0,019216	 0,010430
4,240000	 0,019053	 0,010252
4,250000	 0,019039	 0,010078
4,260000	 0,018960	 0,010055
4,270000	 0,018923	 0,009969
4,280000	 0,018854	 0,009994
4,290000	 0,018765	 0,009987
4,300000	 0,018816	 0,010025
4,310000	 0,018779	 0,009939
4,320000	 0,018811	 0,010015
4,330000	 0,018857	 0,010056
4,340000	 0,018889	 0,010165
4,350000	 0,018822	 0,010249
4,360000	 0,018956	 0,010361
4,370000	 0,018902	 0,010325
4,380000	 0,019018	 0,010316
4,390000	 0,019033	 0,010336
4,400000	 0,019071	 0,010324
4,410000	 0,018975	 0,010382
4,420000	 0,019090	 0,010328
4,430000	 0,018940	 0,010312
4,440000	 0,019018	 0,010239
4,450000	 0,018933	 0,010237
4,460000	 0,018959	 0,010170
4,470000	 0,018902	 0,010252
4,480000	 0,019111	 0,010305
4,490000	 0,019018	 0,010404
4,500000	 0,019091	 0,010388
4,510000	 0,019038	 0,010432
4,520000	 0,019055	 0,010351
4,530000	 0,019051	 0,010424
4,540000	 0,019200	 0,010450
4,550000	 0,019170	 0,010572
4,560000	 0,019182	 0,010608
4,570000	 0,019215	 0,010660
4,580000	 0,019158	 0,010587
4,590000	 0,019233	 0,010595
4,600000	 0,019234	 0,010612
4,610000	 0,019271	 0,010655
4,620000	 0,019231	 0,010671
4,630000	 0,019335	 0,010504
4,640000	 0,019178	 0,010376
4,650000	 0,019206	 0,010207
4,660000	 0,018968	 0,010106
4,670000	 0,019015	 0,010005
4,680000	 0,018927	 0,010026
4,690000	 0,018983	 0,010056
4,700000	 0,018921	 0,010154
4,710000	 0,018976	 0,010098
4,720000	 0,018901	 0,010228
4,730000	 0,018931	 0,010139
4,740000	 0,018961	 0,010171
4,750000	 0,019036	 0,010290
4,760000	 0,019109	 0,010400
4,770000	 0,019108	 0,010446
4,780000	 0,019191	 0,010575
4,790000	 0,019172	 0,010458
4,800000	 0,019248	 0,010422
4,810000	 0,019176	 0,010428
4,820000	 0,019225	 0,010386
4,830000	 0,019129	 0,010422
4,840000	 0,019219	 0,010429
4,850000	 0,019128	 0,010412
4,860000	 0,019195	 0,010370
4,870000	 0,019103	 0,010393
4,880000	 0,019179	 0,010342
4,890000	 0,019092	 0,010446
4,900000	 0,019315	 0,010485
4,910000	 0,019219	 0,010561
4,920000	 0,019243	 0,010545
4,930000	 0,019210	 0,010585
4,940000	 0,019239	 0,010485
4,950000	 0,019218	 0,010566
4,960000	 0,019359	 0,010627
4,970000	 0,019333	 0,010710
4,980000	 0,019327	 0,010741
4,990000	 0,019359	 0,010786
5,000000	 0,019361	 0,010672
5,010000	 0,019398	 0,010663
5,020000	 0,019412	 0,010489
5,030000	 0,019397	 0,010364
5,040000	 0,019212	 0,010358
5,050000	 0,019243	 0,010186
5,060000	 0,019089	 0,010180
5,070000	 0,019108	 0,010092
5,080000	 0,018996	 0,010100
5,090000	 0,019002	 0,010032
5,100000	 0,018929	 0,010102
5,110000	 0,019058	 0,010128
5,120000	 0,018986	 0,010275
5,130000	 0,019002	 0,010286
5,140000	 0,019124	 0,010376
5,150000	 0,019086	 0,010380
5,160000	 0,019217	 0,010404
5,170000	 0,019193	 0,010438
5,180000	 0,019268	 0,010473
5,190000	 0,019198	 0,010543
5,200000	 0,019258	 0,010494
5,210000	 0,019152	 0,010497
5,220000	 0,019238	 0,010398
5,230000	 0,019088	 0,010389
5,240000	 0,019141	 0,010315
5,250000	 0,019099	 0,010368
5,260000	 0,019197	 0,010333
5,270000	 0,019147	 0,010458
5,280000	 0,019153	 0,010440
5,290000	 0,019146	 0,010521
5,300000	 0,019125	 0,010466
5,310000	 0,019218	 0,010436
5,320000	 0,019215	 0,010505
5,330000	 0,019293	 0,010550
5,340000	 0,019170	 0,010610
5,350000	 0,019347	 0,010711
5,360000	 0,019277	 0,010727
5,370000	 0,019367	 0,010642
5,380000	 0,019269	 0,010750
5,390000	 0,019368	 0,010635
5,400000	 0,019318	 0,010672
5,410000	 0,019429	 0,010607
5,420000	 0,019357	 0,010541
5,430000	 0,019276	 0,010372
5,440000	 0,019123	 0,010234
5,450000	 0,019078	 0,010066
5,460000	 0,019053	 0,010025
5,470000	 0,018968	 0,010022
5,480000	 0,018979	 0,010038
5,490000	 0,018860	 0,010084
5,500000	 0,019005	 0,010174
5,510000	 0,018950	 0,010192
5,520000	 0,019027	 0,010159
5,530000	 0,018972	 0,010254
5,540000	 0,019060	 0,010195
5,550000	 0,019018	 0,010322
5,560000	 0,019197	 0,010353
5,570000	 0,019176	 0,010452
5,580000	 0,019145	 0,010479
5,590000	 0,019223	 0,010491
5,600000	 0,019157	 0,010405
5,610000	 0,019191	 0,010388
5,620000	 0,019138	 0,010368
5,630000	 0,019161	 0,010333
5,640000	 0,019072	 0,010403
5,650000	 0,019216	 0,010426
5,660000	 0,019104	 0,010440
5,670000	 0,019173	 0,010401
5,680000	 0,019107	 0,010439
5,690000	 0,019172	 0,010399
5,700000	 0,019148	 0,010507
5,710000	 0,019304	 0,010529
5,720000	 0,019212	 0,010668
5,730000	 0,019260	 0,010666
5,740000	 0,019228	 0,010670
5,750000	 0,019214	 0,010604
5,760000	 0,019311	 0,010628
5,770000	 0,019301	 0,010645
5,780000	 0,019347	 0,010709
5,790000	 0,019261	 0,010791
5,800000	 0,019432	 0,010774
5,810000	 0,019351	 0,010786
5,820000	 0,019449	 0,010655
5,830000	 0,019170	 0,010392
5,840000	 0,019161	 0,010219
5,850000	 0,019076	 0,010194
5,860000	 0,019080	 0,010048
5,870000	 0,018997	 0,010155
5,880000	 0,018984	 0,010101
5,890000	 0,018898	 0,010176
5,900000	 0,018861	 0,010079
5,910000	 0,018916	 0,010074
5,920000	 0,018917	 0,010141
5,930000	 0,018956	 0,010191
5,940000	 0,018889	 0,010252
5,950000	 0,019062	 0,010359
5,960000	 0,019015	 0,010414
5,970000	 0,019159	 0,010373
5,980000	 0,019065	 0,010453
5,990000	 0,019143	 0,010364
6,000000	 0,019103	 0,010421
6,010000	 0,019197	 0,010427
6,020000	 0,019159	 0,010501
6,030000	 0,019177	 0,010432
6,040000	 0,019117	 0,010494
6,050000	 0,019118	 0,010363
6,060000	 0,019186	 0,010334
6,070000	 0,019133	 0,010399
6,080000	 0,019214	 0,010393
6,090000	 0,019132	 0,010473
6,100000	 0,019245	 0,010572
6,110000	 0,019168	 0,010586
6,120000	 0,019259	 0,010519
6,130000	 0,019171	 0,010610
6,140000	 0,019269	 0,010524
6,150000	 0,019215	 0,010629
6,160000	 0,019410	 0,010690
6,170000	 0,019346	 0,010762
6,180000	 0,019320	 0,010755
6,190000	 0,019358	 0,010845
6,200000	 0,019351	 0,010740
6,210000	 0,019382	 0,010758
6,220000	 0,019410	 0,010779
6,230000	 0,019457	 0,010789
6,240000	 0,019341	 0,010764
6,250000	 0,019393	 0,010490
6,260000	 0,019212	 0,010356
6,270000	 0,019215	 0,010247
6,280000	 0,019015	 0,010124
6,290000	 0,019046	 0,010050
6,300000	 0,018925	 0,010137
6,310000	 0,019050	 0,010112
6,320000	 0,018961	 0,010207
6,330000	 0,019009	 0,010199
6,340000	 0,018963	 0,010292
6,350000	 0,019012	 0,010204
6,360000	 0,019061	 0,010288
6,370000	 0,019139	 0,010324
6,380000	 0,019175	 0,010482
6,390000	 0,019141	 0,010543
6,400000	 0,019264	 0,010570
6,410000	 0,019184	 0,010568
6,420000	 0,019299	 0,010509
6,430000	 0,019152	 0,010468
6,440000	 0,019220	 0,010426
6,450000	 0,019162	 0,010524
6,460000	 0,019258	 0,010455
6,470000	 0,019192	 0,010554
6,480000	 0,019280	 0,010495
6,490000	 0,019191	 0,010576
6,500000	 0,019217	 0,010480
6,510000	 0,019295	 0,010515
6,520000	 0,019264	 0,010540
6,530000	 0,019327	 0,010628
6,540000	 0,019303	 0,010666
6,550000	 0,019371	 0,010750
6,560000	 0,019306	 0,010748
6,570000	 0,019431	 0,010719
6,580000	 0,019316	 0,010766
6,590000	 0,019395	 0,010727
6,600000	 0,019337	 0,010816
6,610000	 0,019501	 0,010833
6,620000	 0,019453	 0,010956
6,630000	 0,019512	 0,010903
6,640000	 0,019461	 0,011007
6,650000	 0,019522	 0,010910
6,660000	 0,019583	 0,010877
6,670000	 0,019492	 0,010671
6,680000	 0,019491	 0,010581
6,690000	 0,019328	 0,010461
6,700000	 0,019239	 0,010335
6,710000	 0,019152	 0,010230
6,720000	 0,019211	 0,010181
6,730000	 0,019025	 0,010186
6,740000	 0,019095	 0,010175
6,750000	 0,018981	 0,010268
6,760000	 0,019144	 0,010324
6,770000	 0,019078	 0,010380
6,780000	 0,019139	 0,010355
6,790000	 0,019131	 0,010482
6,800000	 0,019221	 0,010418
6,810000	 0,019191	 0,010541
6,820000	 0,019379	 0,010629
6,830000	 0,019370	 0,010763
6,840000	 0,019397	 0,010760
6,850000	 0,019359	 0,010679
6,860000	 0,019340	 0,010597
6,870000	 0,019389	 0,010580
6,880000	 0,019325	 0,010521
6,890000	 0,019378	 0,010498
6,900000	 0,019274	 0,010606
6,910000	 0,019387	 0,010605
6,920000	 0,019289	 0,010688
6,930000	 0,019362	 0,010656
6,940000	 0,019286	 0,010697
6,950000	 0,019341	 0,010619
6,960000	 0,019365	 0,010696
6,970000	 0,019452	 0,010698
6,980000	 0,019457	 0,010829
6,990000	 0,019426	 0,010893
7,000000	 0,019558	 0,010900
7,010000	 0,019448	 0,010918
7,020000	 0,019569	 0,010905
7,030000	 0,019507	 0,010916
7,040000	 0,019593	 0,010915
7,050000	 0,019528	 0,011034
7,060000	 0,019652	 0,011007
7,070000	 0,019572	 0,011119
7,080000	 0,019613	 0,011094
7,090000	 0,019631	 0,011125
7,100000	 0,019639	 0,011013
7,110000	 0,019735	 0,010897
7,120000	 0,019460	 0,010509
7,130000	 0,019389	 0,010457
7,140000	 0,019272	 0,010446
7,150000	 0,019252	 0,010346
7,160000	 0,019149	 0,010347
7,170000	 0,019258	 0,010285
7,180000	 0,019093	 0,010355
7,190000	 0,019155	 0,010282
7,200000	 0,019138	 0,010341
7,210000	 0,019190	 0,010405
7,220000	 0,019204	 0,010558
7,230000	 0,019215	 0,010592
7,240000	 0,019298	 0,010721
7,250000	 0,019324	 0,010704
7,260000	 0,019465	 0,010697
7,270000	 0,019407	 0,010789
7,280000	 0,019492	 0,010738
7,290000	 0,019398	 0,010803
7,300000	 0,019509	 0,010761
7,310000	 0,019410	 0,010769
7,320000	 0,019476	 0,010711
7,330000	 0,019390	 0,010787
7,340000	 0,019418	 0,010653
7,350000	 0,019407	 0,010664
7,360000	 0,019380	 0,010697
7,370000	 0,019436	 0,010765
7,380000	 0,019392	 0,010798
7,390000	 0,019441	 0,010867
7,400000	 0,019401	 0,010842
7,410000	 0,019507	 0,010848
7,420000	 0,019401	 0,010902
7,430000	 0,019473	 0,010893
7,440000	 0,019388	 0,010996
7,450000	 0,019596	 0,010985
7,460000	 0,019513	 0,011054
7,470000	 0,019561	 0,011043
7,480000	 0,019529	 0,011109
7,490000	 0,019580	 0,011027
7,500000	 0,019569	 0,011097
7,510000	 0,019614	 0,011079
7,520000	 0,019622	 0,011169
7,530000	 0,019587	 0,011233
7,540000	 0,019647	 0,011089
7,550000	 0,019520	 0,010909
7,560000	 0,019542	 0,010700
7,570000	 0,019199	 0,010453
7,580000	 0,019194	 0,010336
7,590000	 0,019073	 0,010388
7,600000	 0,019149	 0,010296
7,610000	 0,019014	 0,010386
7,620000	 0,018996	 0,010383
7,630000	 0,019043	 0,010458
7,640000	 0,019038	 0,010414
7,650000	 0,019105	 0,010482
7,660000	 0,019101	 0,010530
7,670000	 0,019154	 0,010619
7,680000	 0,019100	 0,010732
7,690000	 0,019287	 0,010832
7,700000	 0,019244	 0,010906
7,710000	 0,019409	 0,010876
7,720000	 0,019292	 0,010857
7,730000	 0,019328	 0,010790
7,740000	 0,019274	 0,010816
7,750000	 0,019319	 0,010714
7,760000	 0,019236	 0,010791
7,770000	 0,019292	 0,010732
7,780000	 0,019188	 0,010754
7,790000	 0,019214	 0,010663
7,800000	 0,019256	 0,010676
7,810000	 0,019226	 0,010712
7,820000	 0,019261	 0,010832
7,830000	 0,019247	 0,010866
7,840000	 0,019305	 0,010932
7,850000	 0,019258	 0,010901
7,860000	 0,019382	 0,010868
7,870000	 0,019310	 0,010956
7,880000	 0,019380	 0,010957
7,890000	 0,019293	 0,011023
7,900000	 0,019467	 0,011082
7,910000	 0,019412	 0,011139
7,920000	 0,019490	 0,011082
7,930000	 0,019418	 0,011212
7,940000	 0,019483	 0,011074
7,950000	 0,019452	 0,011095
7,960000	 0,019387	 0,010915
7,970000	 0,019370	 0,010813
7,980000	 0,019239	 0,010654
7,990000	 0,019092	 0,010506
8,000000	 0,019004	 0,010389
8,010000	 0,019013	 0,010329
8,020000	 0,018903	 0,010294
8,030000	 0,018945	 0,010282
8,040000	 0,018810	 0,010362
8,050000	 0,018950	 0,010449
8,060000	 0,018886	 0,010494
8,070000	 0,018986	 0,010480
8,080000	 0,018949	 0,010614
8,090000	 0,019073	 0,010599
8,100000	 0,019010	 0,010730
8,110000	 0,019243	 0,010814
8,120000	 0,019248	 0,010955
8,130000	 0,019325	 0,010998
8,140000	 0,019287	 0,010971
8,150000	 0,019315	 0,010845
8,160000	 0,019301	 0,010848
8,170000	 0,019294	 0,010747
8,180000	 0,019275	 0,010790
8,190000	 0,019202	 0,010818
8,200000	 0,019256	 0,010792
8,210000	 0,019185	 0,010804
8,220000	 0,019303	 0,010782
8,230000	 0,019188	 0,010816
8,240000	 0,019251	 0,010792
8,250000	 0,019216	 0,010883
8,260000	 0,019391	 0,010901
8,270000	 0,019331	 0,011035
8,280000	 0,019423	 0,011046
8,290000	 0,019368	 0,011098
8,300000	 0,019399	 0,011054
8,310000	 0,019448	 0,011103
8,320000	 0,019493	 0,011128
8,330000	 0,019524	 0,011222
8,340000	 0,019488	 0,011252
8,350000	 0,019548	 0,011274
8,360000	 0,019493	 0,011167
8,370000	 0,019578	 0,010959
8,380000	 0,019220	 0,010573
8,390000	 0,019218	 0,010476
8,400000	 0,019092	 0,010488
8,410000	 0,019111	 0,010392
8,420000	 0,018980	 0,010453
8,430000	 0,019078	 0,010398
8,440000	 0,018940	 0,010460
8,450000	 0,019017	 0,010402
8,460000	 0,019030	 0,010449
8,470000	 0,019111	 0,010538
8,480000	 0,019131	 0,010693
8,490000	 0,019164	 0,010715
8,500000	 0,019221	 0,010884
8,510000	 0,019230	 0,010873
8,520000	 0,019407	 0,010853
8,530000	 0,019326	 0,010918
8,540000	 0,019448	 0,010892
8,550000	 0,019374	 0,010945
8,560000	 0,019424	 0,010906
8,570000	 0,019322	 0,010907
8,580000	 0,019378	 0,010799
8,590000	 0,019274	 0,010867
8,600000	 0,019312	 0,010714
8,610000	 0,019309	 0,010741
8,620000	 0,019390	 0,010816
8,630000	 0,019409	 0,010899
8,640000	 0,019374	 0,010911
8,650000	 0,019421	 0,011009
8,660000	 0,019415	 0,010978
8,670000	 0,019531	 0,010963
8,680000	 0,019456	 0,011036
8,690000	 0,019545	 0,011030
8,700000	 0,019469	 0,011115
8,710000	 0,019668	 0,011166
8,720000	 0,019576	 0,011243
8,730000	 0,019622	 0,011223
8,740000	 0,019631	 0,011280
8,750000	 0,019672	 0,011147
8,760000	 0,019619	 0,011069
8,770000	 0,019543	 0,010663
8,780000	 0,019418	 0,010633
8,790000	 0,019346	 0,010567
8,800000	 0,019216	 0,010483
8,810000	 0,019179	 0,010358
8,820000	 0,019204	 0,010367
8,830000	 0,019078	 0,010330
8,840000	 0,019116	 0,010390
8,850000	 0,019088	 0,010517
8,860000	 0,019285	 0,010545
8,870000	 0,019167	 0,010597
8,880000	 0,019299	 0,010613
8,890000	 0,019261	 0,010694
8,900000	 0,019347	 0,010673
8,910000	 0,019318	 0,010814
8,920000	 0,019537	 0,010840
8,930000	 0,019480	 0,010960
8,940000	 0,019545	 0,010908
8,950000	 0,019458	 0,010866
8,960000	 0,019436	 0,010781
8,970000	 0,019517	 0,010762
8,980000	 0,019382	 0,010681
8,990000	 0,019442	 0,010714
9,000000	 0,019379	 0,010819
9,010000	 0,019565	 0,010798
9,020000	 0,019471	 0,010836
9,030000	 0,019599	 0,010788
9,040000	 0,019452	 0,010895
9,050000	 0,019528	 0,010849
9,060000	 0,019496	 0,010916
9,070000	 0,019646	 0,010976
9,080000	 0,019636	 0,011099
9,090000	 0,019727	 0,011056
9,100000	 0,019693	 0,011149
9,110000	 0,019730	 0,011094
9,120000	 0,019799	 0,011116
9,130000	 0,019804	 0,011169
9,140000	 0,019847	 0,011222
9,150000	 0,019830	 0,011224
9,160000	 0,019798	 0,010961
9,170000	 0,019652	 0,010726
9,180000	 0,019621	 0,010564
9,190000	 0,019408	 0,010476
9,200000	 0,019481	 0,010350
9,210000	 0,019369	 0,010385
9,220000	 0,019402	 0,010415
9,230000	 0,019317	 0,010478
9,240000	 0,019373	 0,010455
9,250000	 0,019336	 0,010561
9,260000	 0,019340	 0,010465
9,270000	 0,019447	 0,010472
9,280000	 0,019440	 0,010613
9,290000	 0,019525	 0,010614
9,300000	 0,019444	 0,010738
9,310000	 0,019693	 0,010788
9,320000	 0,019620	 0,010880
9,330000	 0,019656	 0,010849
9,340000	 0,019629	 0,010859
9,350000	 0,019632	 0,010694
9,360000	 0,019635	 0,010687
9,370000	 0,019557	 0,010666
9,380000	 0,019622	 0,010671
9,390000	 0,019544	 0,010762
9,400000	 0,019718	 0,010755
9,410000	 0,019592	 0,010784
9,420000	 0,019660	 0,010773
9,430000	 0,019577	 0,010809
9,440000	 0,019632	 0,010700
9,450000	 0,019612	 0,010839
9,460000	 0,019799	 0,010864
9,470000	 0,019767	 0,010997
9,480000	 0,019747	 0,011034
9,490000	 0,019814	 0,011050
9,500000	 0,019777	 0,010998
9,510000	 0,019904	 0,011002
9,520000	 0,019807	 0,011052
9,530000	 0,019875	 0,011056
9,540000	 0,019827	 0,011151
9,550000	 0,019984	 0,011047
9,560000	 0,019843	 0,011046
9,570000	 0,019854	 0,010854
9,580000	 0,019670	 0,010592
9,590000	 0,019595	 0,010436
9,600000	 0,019568	 0,010430
9,610000	 0,019484	 0,010321
9,620000	 0,019481	 0,010386
9,630000	 0,019414	 0,010402
9,640000	 0,019435	 0,010448
9,650000	 0,019375	 0,010454
9,660000	 0,019538	 0,010427
9,670000	 0,019435	 0,010528
9,680000	 0,019530	 0,010519
9,690000	 0,019518	 0,010635
9,700000	 0,019682	 0,010705
9,710000	 0,019618	 0,010818
9,720000	 0,019725	 0,010770
9,730000	 0,019705	 0,010811
9,740000	 0,019692	 0,010705
9,750000	 0,019735	 0,010710
9,760000	 0,019730	 0,010687
9,770000	 0,019768	 0,010717
9,780000	 0,019689	 0,010741
9,790000	 0,019750	 0,010766
9,800000	 0,019684	 0,010772
9,810000	 0,019799	 0,010707
9,820000	 0,019651	 0,010763
9,830000	 0,019753	 0,010694
9,840000	 0,019704	 0,010781
9,850000	 0,019813	 0,010807
9,860000	 0,019771	 0,010880
9,870000	 0,019773	 0,010896
9,880000	 0,019803	 0,011019
9,890000	 0,019831	 0,010910
9,900000	 0,019885	 0,010928
9,910000	 0,019889	 0,010980
9,920000	 0,019975	 0,010984
9,930000	 0,019890	 0,011065
9,940000	 0,020027	 0,011154
9,950000	 0,019949	 0,011158
9,960000	 0,020048	 0,011109
9,970000	 0,019946	 0,011000
9,980000	 0,019956	 0,010746
9,990000	 0,019834	 0,010699
