time (s)	Red-Voltage	IR-Voltage
0,000000	 0,006269	 0,004224
0,010000	 0,006222	 0,004252
0,020000	 0,006276	 0,004211
0,030000	 0,006263	 0,004217
0,040000	 0,006292	 0,004237
0,050000	 0,006287	 0,004286
0,060000	 0,006278	 0,004260
0,070000	 0,006254	 0,004304
0,080000	 0,006284	 0,004231
0,090000	 0,006263	 0,004243
0,100000	 0,006312	 0,004275
0,110000	 0,006308	 0,004314
0,120000	 0,006315	 0,004302
0,130000	 0,006280	 0,004316
0,140000	 0,006337	 0,004272
0,150000	 0,006328	 0,004299
0,160000	 0,006375	 0,004290
0,170000	 0,006373	 0,004344
0,180000	 0,006342	 0,004366
0,190000	 0,006341	 0,004355
0,200000	 0,006351	 0,004314
0,210000	 0,006358	 0,004360
0,220000	 0,006372	 0,004330
0,230000	 0,006394	 0,004382
0,240000	 0,006364	 0,004401
0,250000	 0,006395	 0,004399
0,260000	 0,006363	 0,004355
0,270000	 0,006361	 0,004335
0,280000	 0,006305	 0,004196
0,290000	 0,006290	 0,004189
0,300000	 0,006235	 0,004200
0,310000	 0,006254	 0,004176
0,320000	 0,006250	 0,004170
0,330000	 0,006285	 0,004174
0,340000	 0,006235	 0,004126
0,350000	 0,006250	 0,004169
0,360000	 0,006218	 0,004199
0,370000	 0,006289	 0,004198
0,380000	 0,006240	 0,004198
0,390000	 0,006276	 0,004178
0,400000	 0,006236	 0,004165
0,410000	 0,006273	 0,004218
0,420000	 0,006264	 0,004249
0,430000	 0,006284	 0,004231
0,440000	 0,006253	 0,004232
0,450000	 0,006315	 0,004210
0,460000	 0,006259	 0,004189
0,470000	 0,006297	 0,004221
0,480000	 0,006290	 0,004229
0,490000	 0,006286	 0,004255
0,500000	 0,006263	 0,004230
0,510000	 0,006317	 0,004174
0,520000	 0,006262	 0,004192
0,530000	 0,006304	 0,004214
0,540000	 0,006282	 0,004199
0,550000	 0,006302	 0,004251
0,560000	 0,006273	 0,004226
0,570000	 0,006316	 0,004198
0,580000	 0,006285	 0,004238
0,590000	 0,006331	 0,004244
0,600000	 0,006299	 0,004266
0,610000	 0,006359	 0,004292
0,620000	 0,006324	 0,004290
0,630000	 0,006356	 0,004254
0,640000	 0,006322	 0,004265
0,650000	 0,006378	 0,004279
0,660000	 0,006337	 0,004302
0,670000	 0,006363	 0,004315
0,680000	 0,006347	 0,004293
0,690000	 0,006377	 0,004280
0,700000	 0,006335	 0,004298
0,710000	 0,006382	 0,004293
0,720000	 0,006336	 0,004311
0,730000	 0,006414	 0,004360
0,740000	 0,006370	 0,004331
0,750000	 0,006384	 0,004292
0,760000	 0,006347	 0,004315
0,770000	 0,006402	 0,004314
0,780000	 0,006352	 0,004350
0,790000	 0,006424	 0,004365
0,800000	 0,006383	 0,004349
0,810000	 0,006402	 0,004335
0,820000	 0,006370	 0,004316
0,830000	 0,006425	 0,004355
0,840000	 0,006391	 0,004403
0,850000	 0,006463	 0,004400
0,860000	 0,006411	 0,004391
0,870000	 0,006448	 0,004401
0,880000	 0,006413	 0,004363
0,890000	 0,006449	 0,004375
0,900000	 0,006393	 0,004420
0,910000	 0,006448	 0,004378
0,920000	 0,006371	 0,004326
0,930000	 0,006381	 0,004287
0,940000	 0,006323	 0,004181
0,950000	 0,006316	 0,004199
0,960000	 0,006265	 0,004225
0,970000	 0,006307	 0,004189
0,980000	 0,006256	 0,004179
0,990000	 0,006292	 0,004194
1,000000	 0,006313	 0,004171
1,010000	 0,006311	 0,004236
1,020000	 0,006318	 0,004248
1,030000	 0,006298	 0,004229
1,040000	 0,006299	 0,004194
1,050000	 0,006305	 0,004212
1,060000	 0,006311	 0,004187
1,070000	 0,006283	 0,004245
1,080000	 0,006307	 0,004222
1,090000	 0,006298	 0,004231
1,100000	 0,006318	 0,004213
1,110000	 0,006340	 0,004218
1,120000	 0,006318	 0,004235
1,130000	 0,006335	 0,004285
1,140000	 0,006348	 0,004249
1,150000	 0,006294	 0,004227
1,160000	 0,006310	 0,004200
1,170000	 0,006315	 0,004206
1,180000	 0,006318	 0,004241
1,190000	 0,006322	 0,004278
1,200000	 0,006324	 0,004222
1,210000	 0,006282	 0,004240
1,220000	 0,006312	 0,004199
1,230000	 0,006320	 0,004212
1,240000	 0,006346	 0,004260
1,250000	 0,006354	 0,004308
1,260000	 0,006358	 0,004269
1,270000	 0,006308	 0,004273
1,280000	 0,006353	 0,004226
1,290000	 0,006333	 0,004247
1,300000	 0,006365	 0,004278
1,310000	 0,006379	 0,004325
1,320000	 0,006393	 0,004312
1,330000	 0,006310	 0,004298
1,340000	 0,006345	 0,004266
1,350000	 0,006335	 0,004274
1,360000	 0,006402	 0,004317
1,370000	 0,006381	 0,004331
1,380000	 0,006388	 0,004294
1,390000	 0,006334	 0,004294
1,400000	 0,006373	 0,004268
1,410000	 0,006332	 0,004321
1,420000	 0,006416	 0,004328
1,430000	 0,006386	 0,004358
1,440000	 0,006399	 0,004348
1,450000	 0,006364	 0,004319
1,460000	 0,006394	 0,004271
1,470000	 0,006352	 0,004323
1,480000	 0,006405	 0,004307
1,490000	 0,006402	 0,004361
1,500000	 0,006427	 0,004381
1,510000	 0,006385	 0,004385
1,520000	 0,006406	 0,004339
1,530000	 0,006386	 0,004369
1,540000	 0,006420	 0,004329
1,550000	 0,006403	 0,004370
1,560000	 0,006386	 0,004371
1,570000	 0,006381	 0,004323
1,580000	 0,006341	 0,004259
1,590000	 0,006313	 0,004241
1,600000	 0,006298	 0,004165
1,610000	 0,006265	 0,004206
1,620000	 0,006259	 0,004187
1,630000	 0,006247	 0,004173
1,640000	 0,006227	 0,004145
1,650000	 0,006242	 0,004157
1,660000	 0,006284	 0,004139
1,670000	 0,006273	 0,004233
1,680000	 0,006280	 0,004225
1,690000	 0,006263	 0,004187
1,700000	 0,006271	 0,004168
1,710000	 0,006270	 0,004200
1,720000	 0,006297	 0,004187
1,730000	 0,006298	 0,004253
1,740000	 0,006307	 0,004237
1,750000	 0,006272	 0,004232
1,760000	 0,006283	 0,004208
1,770000	 0,006301	 0,004201
1,780000	 0,006313	 0,004213
1,790000	 0,006303	 0,004235
1,800000	 0,006299	 0,004204
1,810000	 0,006241	 0,004210
1,820000	 0,006249	 0,004197
1,830000	 0,006316	 0,004176
1,840000	 0,006263	 0,004166
1,850000	 0,006294	 0,004202
1,860000	 0,006300	 0,004207
1,870000	 0,006305	 0,004218
1,880000	 0,006290	 0,004188
1,890000	 0,006310	 0,004147
1,900000	 0,006240	 0,004178
1,910000	 0,006296	 0,004181
1,920000	 0,006249	 0,004204
1,930000	 0,006308	 0,004252
1,940000	 0,006292	 0,004234
1,950000	 0,006319	 0,004213
1,960000	 0,006249	 0,004215
1,970000	 0,006303	 0,004213
1,980000	 0,006268	 0,004223
1,990000	 0,006298	 0,004274
2,000000	 0,006292	 0,004226
2,010000	 0,006308	 0,004213
2,020000	 0,006290	 0,004236
2,030000	 0,006312	 0,004230
2,040000	 0,006254	 0,004257
2,050000	 0,006337	 0,004286
2,060000	 0,006306	 0,004265
2,070000	 0,006319	 0,004237
2,080000	 0,006298	 0,004235
2,090000	 0,006344	 0,004234
2,100000	 0,006284	 0,004288
2,110000	 0,006360	 0,004302
2,120000	 0,006308	 0,004286
2,130000	 0,006318	 0,004260
2,140000	 0,006326	 0,004256
2,150000	 0,006369	 0,004266
2,160000	 0,006314	 0,004320
2,170000	 0,006379	 0,004292
2,180000	 0,006316	 0,004292
2,190000	 0,006353	 0,004250
2,200000	 0,006248	 0,004167
2,210000	 0,006259	 0,004134
2,220000	 0,006191	 0,004140
2,230000	 0,006277	 0,004099
2,240000	 0,006203	 0,004120
2,250000	 0,006235	 0,004103
2,260000	 0,006187	 0,004100
2,270000	 0,006228	 0,004116
2,280000	 0,006192	 0,004148
2,290000	 0,006253	 0,004118
2,300000	 0,006214	 0,004162
2,310000	 0,006270	 0,004141
2,320000	 0,006242	 0,004126
2,330000	 0,006265	 0,004150
2,340000	 0,006254	 0,004162
2,350000	 0,006271	 0,004200
2,360000	 0,006243	 0,004197
2,370000	 0,006302	 0,004151
2,380000	 0,006266	 0,004142
2,390000	 0,006290	 0,004181
2,400000	 0,006277	 0,004198
2,410000	 0,006258	 0,004182
2,420000	 0,006249	 0,004164
2,430000	 0,006279	 0,004140
2,440000	 0,006237	 0,004134
2,450000	 0,006280	 0,004159
2,460000	 0,006253	 0,004159
2,470000	 0,006254	 0,004195
2,480000	 0,006238	 0,004173
2,490000	 0,006277	 0,004150
2,500000	 0,006252	 0,004180
2,510000	 0,006285	 0,004160
2,520000	 0,006273	 0,004161
2,530000	 0,006292	 0,004238
2,540000	 0,006286	 0,004201
2,550000	 0,006339	 0,004170
2,560000	 0,006279	 0,004200
2,570000	 0,006320	 0,004191
2,580000	 0,006294	 0,004211
2,590000	 0,006346	 0,004234
2,600000	 0,006298	 0,004231
2,610000	 0,006333	 0,004204
2,620000	 0,006288	 0,004260
2,630000	 0,006327	 0,004199
2,640000	 0,006279	 0,004212
2,650000	 0,006351	 0,004269
2,660000	 0,006320	 0,004264
2,670000	 0,006330	 0,004222
2,680000	 0,006303	 0,004261
2,690000	 0,006328	 0,004213
2,700000	 0,006285	 0,004228
2,710000	 0,006372	 0,004227
2,720000	 0,006357	 0,004289
2,730000	 0,006339	 0,004284
2,740000	 0,006323	 0,004257
2,750000	 0,006347	 0,004229
2,760000	 0,006344	 0,004281
2,770000	 0,006406	 0,004255
2,780000	 0,006391	 0,004302
2,790000	 0,006382	 0,004331
2,800000	 0,006353	 0,004272
2,810000	 0,006336	 0,004199
2,820000	 0,006319	 0,004191
2,830000	 0,006339	 0,004133
2,840000	 0,006295	 0,004163
2,850000	 0,006278	 0,004152
2,860000	 0,006247	 0,004136
2,870000	 0,006247	 0,004105
2,880000	 0,006251	 0,004100
2,890000	 0,006274	 0,004077
2,900000	 0,006274	 0,004150
2,910000	 0,006257	 0,004163
2,920000	 0,006278	 0,004160
2,930000	 0,006248	 0,004130
2,940000	 0,006269	 0,004105
2,950000	 0,006266	 0,004077
2,960000	 0,006282	 0,004133
2,970000	 0,006279	 0,004122
2,980000	 0,006259	 0,004157
2,990000	 0,006242	 0,004118
3,000000	 0,006260	 0,004108
3,010000	 0,006239	 0,004085
3,020000	 0,006263	 0,004147
3,030000	 0,006249	 0,004142
3,040000	 0,006241	 0,004150
3,050000	 0,006220	 0,004125
3,060000	 0,006271	 0,004084
3,070000	 0,006214	 0,004095
3,080000	 0,006265	 0,004101
3,090000	 0,006230	 0,004127
3,100000	 0,006270	 0,004171
3,110000	 0,006264	 0,004175
3,120000	 0,006304	 0,004131
3,130000	 0,006235	 0,004147
3,140000	 0,006299	 0,004136
3,150000	 0,006254	 0,004161
3,160000	 0,006295	 0,004209
3,170000	 0,006289	 0,004212
3,180000	 0,006343	 0,004147
3,190000	 0,006273	 0,004164
3,200000	 0,006303	 0,004146
3,210000	 0,006273	 0,004184
3,220000	 0,006326	 0,004217
3,230000	 0,006303	 0,004216
3,240000	 0,006334	 0,004186
3,250000	 0,006274	 0,004207
3,260000	 0,006331	 0,004169
3,270000	 0,006279	 0,004183
3,280000	 0,006340	 0,004246
3,290000	 0,006319	 0,004262
3,300000	 0,006332	 0,004229
3,310000	 0,006308	 0,004198
3,320000	 0,006351	 0,004197
3,330000	 0,006288	 0,004262
3,340000	 0,006375	 0,004245
3,350000	 0,006319	 0,004270
3,360000	 0,006347	 0,004281
3,370000	 0,006322	 0,004245
3,380000	 0,006352	 0,004213
3,390000	 0,006296	 0,004253
3,400000	 0,006398	 0,004288
3,410000	 0,006354	 0,004301
3,420000	 0,006380	 0,004271
3,430000	 0,006350	 0,004303
3,440000	 0,006356	 0,004247
3,450000	 0,006323	 0,004260
3,460000	 0,006336	 0,004191
3,470000	 0,006275	 0,004208
3,480000	 0,006271	 0,004156
3,490000	 0,006231	 0,004116
3,500000	 0,006195	 0,004063
3,510000	 0,006202	 0,004078
3,520000	 0,006270	 0,004089
3,530000	 0,006244	 0,004135
3,540000	 0,006254	 0,004121
3,550000	 0,006222	 0,004149
3,560000	 0,006236	 0,004100
3,570000	 0,006241	 0,004097
3,580000	 0,006259	 0,004094
3,590000	 0,006261	 0,004166
3,600000	 0,006279	 0,004145
3,610000	 0,006211	 0,004132
3,620000	 0,006235	 0,004120
3,630000	 0,006264	 0,004141
3,640000	 0,006269	 0,004124
3,650000	 0,006260	 0,004188
3,660000	 0,006267	 0,004172
3,670000	 0,006250	 0,004177
3,680000	 0,006231	 0,004128
3,690000	 0,006251	 0,004094
3,700000	 0,006233	 0,004125
3,710000	 0,006253	 0,004168
3,720000	 0,006252	 0,004125
3,730000	 0,006238	 0,004187
3,740000	 0,006258	 0,004150
3,750000	 0,006283	 0,004123
3,760000	 0,006256	 0,004162
3,770000	 0,006291	 0,004193
3,780000	 0,006286	 0,004162
3,790000	 0,006276	 0,004227
3,800000	 0,006289	 0,004168
3,810000	 0,006294	 0,004161
3,820000	 0,006303	 0,004179
3,830000	 0,006326	 0,004197
3,840000	 0,006308	 0,004200
3,850000	 0,006300	 0,004243
3,860000	 0,006313	 0,004176
3,870000	 0,006325	 0,004168
3,880000	 0,006322	 0,004232
3,890000	 0,006347	 0,004234
3,900000	 0,006328	 0,004213
3,910000	 0,006339	 0,004272
3,920000	 0,006340	 0,004228
3,930000	 0,006353	 0,004208
3,940000	 0,006350	 0,004217
3,950000	 0,006369	 0,004244
3,960000	 0,006319	 0,004262
3,970000	 0,006364	 0,004273
3,980000	 0,006329	 0,004245
3,990000	 0,006354	 0,004234
4,000000	 0,006340	 0,004232
4,010000	 0,006354	 0,004264
4,020000	 0,006315	 0,004310
4,030000	 0,006407	 0,004298
4,040000	 0,006344	 0,004293
4,050000	 0,006392	 0,004304
4,060000	 0,006366	 0,004242
4,070000	 0,006387	 0,004245
4,080000	 0,006303	 0,004257
4,090000	 0,006338	 0,004193
4,100000	 0,006264	 0,004162
4,110000	 0,006288	 0,004120
4,120000	 0,006224	 0,004116
4,130000	 0,006242	 0,004078
4,140000	 0,006221	 0,004097
4,150000	 0,006276	 0,004117
4,160000	 0,006245	 0,004164
4,170000	 0,006271	 0,004119
4,180000	 0,006235	 0,004113
4,190000	 0,006268	 0,004117
4,200000	 0,006253	 0,004154
4,210000	 0,006305	 0,004103
4,220000	 0,006275	 0,004185
4,230000	 0,006292	 0,004181
4,240000	 0,006258	 0,004174
4,250000	 0,006285	 0,004155
4,260000	 0,006292	 0,004165
4,270000	 0,006296	 0,004150
4,280000	 0,006305	 0,004202
4,290000	 0,006302	 0,004178
4,300000	 0,006277	 0,004187
4,310000	 0,006254	 0,004164
4,320000	 0,006323	 0,004122
4,330000	 0,006262	 0,004170
4,340000	 0,006292	 0,004170
4,350000	 0,006263	 0,004157
4,360000	 0,006314	 0,004186
4,370000	 0,006296	 0,004214
4,380000	 0,006345	 0,004169
4,390000	 0,006280	 0,004195
4,400000	 0,006339	 0,004185
4,410000	 0,006297	 0,004194
4,420000	 0,006365	 0,004227
4,430000	 0,006356	 0,004253
4,440000	 0,006386	 0,004221
4,450000	 0,006304	 0,004240
4,460000	 0,006359	 0,004193
4,470000	 0,006354	 0,004190
4,480000	 0,006368	 0,004241
4,490000	 0,006361	 0,004259
4,500000	 0,006387	 0,004231
4,510000	 0,006355	 0,004278
4,520000	 0,006387	 0,004211
4,530000	 0,006368	 0,004214
4,540000	 0,006401	 0,004229
4,550000	 0,006416	 0,004266
4,560000	 0,006377	 0,004282
4,570000	 0,006410	 0,004313
4,580000	 0,006408	 0,004271
4,590000	 0,006415	 0,004267
4,600000	 0,006399	 0,004261
4,610000	 0,006412	 0,004304
4,620000	 0,006368	 0,004343
4,630000	 0,006421	 0,004320
4,640000	 0,006403	 0,004303
4,650000	 0,006409	 0,004303
4,660000	 0,006418	 0,004325
4,670000	 0,006436	 0,004318
4,680000	 0,006389	 0,004338
4,690000	 0,006433	 0,004353
4,700000	 0,006403	 0,004314
4,710000	 0,006424	 0,004277
4,720000	 0,006354	 0,004212
4,730000	 0,006349	 0,004195
4,740000	 0,006301	 0,004181
4,750000	 0,006315	 0,004160
4,760000	 0,006265	 0,004141
4,770000	 0,006296	 0,004129
4,780000	 0,006250	 0,004094
4,790000	 0,006277	 0,004127
4,800000	 0,006241	 0,004144
4,810000	 0,006282	 0,004139
4,820000	 0,006267	 0,004150
4,830000	 0,006297	 0,004121
4,840000	 0,006273	 0,004106
4,850000	 0,006309	 0,004136
4,860000	 0,006258	 0,004148
4,870000	 0,006282	 0,004184
4,880000	 0,006258	 0,004162
4,890000	 0,006309	 0,004119
4,900000	 0,006271	 0,004148
4,910000	 0,006321	 0,004175
4,920000	 0,006295	 0,004169
4,930000	 0,006298	 0,004202
4,940000	 0,006275	 0,004185
4,950000	 0,006316	 0,004140
4,960000	 0,006296	 0,004151
4,970000	 0,006321	 0,004181
4,980000	 0,006292	 0,004156
4,990000	 0,006312	 0,004191
5,000000	 0,006283	 0,004174
5,010000	 0,006319	 0,004148
5,020000	 0,006292	 0,004158
5,030000	 0,006335	 0,004189
5,040000	 0,006319	 0,004192
5,050000	 0,006356	 0,004211
5,060000	 0,006340	 0,004210
5,070000	 0,006358	 0,004199
5,080000	 0,006308	 0,004202
5,090000	 0,006346	 0,004187
5,100000	 0,006300	 0,004223
5,110000	 0,006385	 0,004240
5,120000	 0,006339	 0,004235
5,130000	 0,006364	 0,004210
5,140000	 0,006320	 0,004193
5,150000	 0,006366	 0,004199
5,160000	 0,006335	 0,004256
5,170000	 0,006395	 0,004262
5,180000	 0,006345	 0,004263
5,190000	 0,006369	 0,004248
5,200000	 0,006374	 0,004244
5,210000	 0,006378	 0,004218
5,220000	 0,006317	 0,004247
5,230000	 0,006428	 0,004280
5,240000	 0,006395	 0,004306
5,250000	 0,006418	 0,004286
5,260000	 0,006375	 0,004264
5,270000	 0,006401	 0,004235
5,280000	 0,006358	 0,004280
5,290000	 0,006438	 0,004296
5,300000	 0,006416	 0,004337
5,310000	 0,006424	 0,004308
5,320000	 0,006359	 0,004300
5,330000	 0,006405	 0,004280
5,340000	 0,006382	 0,004323
5,350000	 0,006439	 0,004311
5,360000	 0,006382	 0,004327
5,370000	 0,006371	 0,004285
5,380000	 0,006307	 0,004196
5,390000	 0,006293	 0,004141
5,400000	 0,006277	 0,004132
5,410000	 0,006295	 0,004081
5,420000	 0,006267	 0,004152
5,430000	 0,006251	 0,004133
5,440000	 0,006269	 0,004115
5,450000	 0,006248	 0,004089
5,460000	 0,006285	 0,004099
5,470000	 0,006269	 0,004085
5,480000	 0,006280	 0,004147
5,490000	 0,006266	 0,004166
5,500000	 0,006307	 0,004128
5,510000	 0,006258	 0,004139
5,520000	 0,006308	 0,004118
5,530000	 0,006253	 0,004154
5,540000	 0,006306	 0,004153
5,550000	 0,006280	 0,004148
5,560000	 0,006309	 0,004193
5,570000	 0,006300	 0,004208
5,580000	 0,006359	 0,004138
5,590000	 0,006261	 0,004173
5,600000	 0,006297	 0,004141
5,610000	 0,006272	 0,004136
5,620000	 0,006326	 0,004153
5,630000	 0,006313	 0,004209
5,640000	 0,006338	 0,004178
5,650000	 0,006286	 0,004178
5,660000	 0,006317	 0,004138
5,670000	 0,006295	 0,004150
5,680000	 0,006321	 0,004200
5,690000	 0,006326	 0,004219
5,700000	 0,006343	 0,004162
5,710000	 0,006281	 0,004214
5,720000	 0,006342	 0,004164
5,730000	 0,006324	 0,004179
5,740000	 0,006344	 0,004214
5,750000	 0,006348	 0,004239
5,760000	 0,006367	 0,004215
5,770000	 0,006293	 0,004254
5,780000	 0,006334	 0,004182
5,790000	 0,006318	 0,004182
5,800000	 0,006369	 0,004216
5,810000	 0,006369	 0,004264
5,820000	 0,006341	 0,004250
5,830000	 0,006354	 0,004259
5,840000	 0,006373	 0,004213
5,850000	 0,006360	 0,004237
5,860000	 0,006392	 0,004252
5,870000	 0,006409	 0,004301
5,880000	 0,006379	 0,004289
5,890000	 0,006393	 0,004294
5,900000	 0,006385	 0,004264
5,910000	 0,006380	 0,004291
5,920000	 0,006416	 0,004276
5,930000	 0,006416	 0,004301
5,940000	 0,006376	 0,004309
5,950000	 0,006405	 0,004323
5,960000	 0,006385	 0,004295
5,970000	 0,006416	 0,004295
5,980000	 0,006424	 0,004289
5,990000	 0,006442	 0,004335
6,000000	 0,006393	 0,004363
6,010000	 0,006441	 0,004310
6,020000	 0,006371	 0,004279
6,030000	 0,006400	 0,004216
6,040000	 0,006322	 0,004121
6,050000	 0,006306	 0,004138
6,060000	 0,006259	 0,004154
6,070000	 0,006326	 0,004156
6,080000	 0,006258	 0,004165
6,090000	 0,006302	 0,004147
6,100000	 0,006264	 0,004136
6,110000	 0,006284	 0,004124
6,120000	 0,006254	 0,004142
6,130000	 0,006331	 0,004144
6,140000	 0,006317	 0,004222
6,150000	 0,006330	 0,004202
6,160000	 0,006269	 0,004195
6,170000	 0,006305	 0,004160
6,180000	 0,006322	 0,004153
6,190000	 0,006337	 0,004172
6,200000	 0,006336	 0,004239
6,210000	 0,006360	 0,004224
6,220000	 0,006320	 0,004241
6,230000	 0,006319	 0,004182
6,240000	 0,006320	 0,004167
6,250000	 0,006355	 0,004172
6,260000	 0,006333	 0,004215
6,270000	 0,006317	 0,004183
6,280000	 0,006299	 0,004230
6,290000	 0,006319	 0,004181
6,300000	 0,006338	 0,004163
6,310000	 0,006321	 0,004184
6,320000	 0,006365	 0,004202
6,330000	 0,006322	 0,004204
6,340000	 0,006359	 0,004246
6,350000	 0,006351	 0,004216
6,360000	 0,006378	 0,004181
6,370000	 0,006326	 0,004248
6,380000	 0,006393	 0,004218
6,390000	 0,006349	 0,004230
6,400000	 0,006404	 0,004297
6,410000	 0,006370	 0,004280
6,420000	 0,006397	 0,004229
6,430000	 0,006347	 0,004261
6,440000	 0,006389	 0,004238
6,450000	 0,006349	 0,004263
6,460000	 0,006415	 0,004284
6,470000	 0,006380	 0,004289
6,480000	 0,006399	 0,004266
6,490000	 0,006385	 0,004258
6,500000	 0,006427	 0,004251
6,510000	 0,006363	 0,004311
6,520000	 0,006445	 0,004285
6,530000	 0,006418	 0,004305
6,540000	 0,006443	 0,004311
6,550000	 0,006398	 0,004297
6,560000	 0,006436	 0,004288
6,570000	 0,006374	 0,004345
6,580000	 0,006452	 0,004341
6,590000	 0,006438	 0,004392
6,600000	 0,006475	 0,004378
6,610000	 0,006425	 0,004328
6,620000	 0,006409	 0,004297
6,630000	 0,006370	 0,004300
6,640000	 0,006406	 0,004211
6,650000	 0,006342	 0,004230
6,660000	 0,006336	 0,004194
6,670000	 0,006290	 0,004142
6,680000	 0,006282	 0,004110
6,690000	 0,006277	 0,004124
6,700000	 0,006318	 0,004125
6,710000	 0,006325	 0,004186
6,720000	 0,006317	 0,004189
6,730000	 0,006323	 0,004191
6,740000	 0,006310	 0,004184
6,750000	 0,006337	 0,004166
6,760000	 0,006320	 0,004138
6,770000	 0,006341	 0,004190
6,780000	 0,006336	 0,004205
6,790000	 0,006341	 0,004209
6,800000	 0,006336	 0,004205
6,810000	 0,006402	 0,004175
6,820000	 0,006351	 0,004194
6,830000	 0,006382	 0,004220
6,840000	 0,006359	 0,004220
6,850000	 0,006375	 0,004220
6,860000	 0,006351	 0,004220
6,870000	 0,006389	 0,004182
6,880000	 0,006330	 0,004176
6,890000	 0,006363	 0,004200
6,900000	 0,006327	 0,004209
6,910000	 0,006387	 0,004243
6,920000	 0,006374	 0,004238
6,930000	 0,006410	 0,004182
6,940000	 0,006348	 0,004222
6,950000	 0,006402	 0,004182
6,960000	 0,006356	 0,004210
6,970000	 0,006412	 0,004282
6,980000	 0,006406	 0,004278
6,990000	 0,006440	 0,004232
7,000000	 0,006382	 0,004267
7,010000	 0,006441	 0,004221
7,020000	 0,006403	 0,004257
7,030000	 0,006431	 0,004273
7,040000	 0,006434	 0,004321
7,050000	 0,006459	 0,004298
7,060000	 0,006410	 0,004321
7,070000	 0,006425	 0,004246
7,080000	 0,006410	 0,004246
7,090000	 0,006456	 0,004283
7,100000	 0,006469	 0,004330
7,110000	 0,006461	 0,004337
7,120000	 0,006460	 0,004340
7,130000	 0,006456	 0,004285
7,140000	 0,006436	 0,004300
7,150000	 0,006472	 0,004310
7,160000	 0,006495	 0,004359
7,170000	 0,006458	 0,004378
7,180000	 0,006507	 0,004365
7,190000	 0,006477	 0,004344
7,200000	 0,006498	 0,004358
7,210000	 0,006518	 0,004358
7,220000	 0,006547	 0,004380
7,230000	 0,006512	 0,004401
7,240000	 0,006542	 0,004429
7,250000	 0,006509	 0,004384
7,260000	 0,006526	 0,004338
7,270000	 0,006462	 0,004287
7,280000	 0,006472	 0,004284
7,290000	 0,006411	 0,004273
7,300000	 0,006432	 0,004200
7,310000	 0,006377	 0,004211
7,320000	 0,006383	 0,004183
7,330000	 0,006372	 0,004162
7,340000	 0,006401	 0,004189
7,350000	 0,006367	 0,004219
7,360000	 0,006420	 0,004194
7,370000	 0,006397	 0,004230
7,380000	 0,006433	 0,004227
7,390000	 0,006390	 0,004196
7,400000	 0,006406	 0,004227
7,410000	 0,006376	 0,004258
7,420000	 0,006428	 0,004223
7,430000	 0,006404	 0,004271
7,440000	 0,006459	 0,004233
7,450000	 0,006403	 0,004238
7,460000	 0,006429	 0,004227
7,470000	 0,006409	 0,004238
7,480000	 0,006454	 0,004231
7,490000	 0,006406	 0,004275
7,500000	 0,006443	 0,004224
7,510000	 0,006399	 0,004244
7,520000	 0,006430	 0,004205
7,530000	 0,006409	 0,004195
7,540000	 0,006451	 0,004261
7,550000	 0,006460	 0,004310
7,560000	 0,006478	 0,004251
7,570000	 0,006410	 0,004307
7,580000	 0,006467	 0,004242
7,590000	 0,006463	 0,004240
7,600000	 0,006480	 0,004255
7,610000	 0,006492	 0,004308
7,620000	 0,006490	 0,004312
7,630000	 0,006452	 0,004334
7,640000	 0,006488	 0,004266
7,650000	 0,006467	 0,004264
7,660000	 0,006506	 0,004307
7,670000	 0,006497	 0,004322
7,680000	 0,006503	 0,004304
7,690000	 0,006480	 0,004382
7,700000	 0,006520	 0,004323
7,710000	 0,006507	 0,004332
7,720000	 0,006513	 0,004317
7,730000	 0,006518	 0,004348
7,740000	 0,006509	 0,004349
7,750000	 0,006516	 0,004372
7,760000	 0,006515	 0,004320
7,770000	 0,006491	 0,004345
7,780000	 0,006557	 0,004326
7,790000	 0,006546	 0,004366
7,800000	 0,006499	 0,004372
7,810000	 0,006519	 0,004395
7,820000	 0,006542	 0,004337
7,830000	 0,006522	 0,004361
7,840000	 0,006552	 0,004347
7,850000	 0,006543	 0,004413
7,860000	 0,006547	 0,004420
7,870000	 0,006548	 0,004423
7,880000	 0,006542	 0,004391
7,890000	 0,006551	 0,004417
7,900000	 0,006584	 0,004405
7,910000	 0,006559	 0,004475
7,920000	 0,006547	 0,004444
7,930000	 0,006551	 0,004377
7,940000	 0,006523	 0,004318
7,950000	 0,006506	 0,004294
7,960000	 0,006466	 0,004199
7,970000	 0,006444	 0,004240
7,980000	 0,006426	 0,004241
7,990000	 0,006408	 0,004198
8,000000	 0,006396	 0,004209
8,010000	 0,006439	 0,004221
8,020000	 0,006428	 0,004199
8,030000	 0,006447	 0,004266
8,040000	 0,006442	 0,004283
8,050000	 0,006428	 0,004261
8,060000	 0,006427	 0,004238
8,070000	 0,006476	 0,004224
8,080000	 0,006454	 0,004231
8,090000	 0,006461	 0,004268
8,100000	 0,006462	 0,004248
8,110000	 0,006439	 0,004288
8,120000	 0,006455	 0,004271
8,130000	 0,006483	 0,004248
8,140000	 0,006450	 0,004245
8,150000	 0,006485	 0,004294
8,160000	 0,006457	 0,004288
8,170000	 0,006448	 0,004291
8,180000	 0,006437	 0,004263
8,190000	 0,006470	 0,004215
8,200000	 0,006432	 0,004234
8,210000	 0,006492	 0,004252
8,220000	 0,006437	 0,004258
8,230000	 0,006478	 0,004284
8,240000	 0,006477	 0,004268
8,250000	 0,006496	 0,004234
8,260000	 0,006444	 0,004278
8,270000	 0,006524	 0,004271
8,280000	 0,006471	 0,004298
8,290000	 0,006526	 0,004314
8,300000	 0,006510	 0,004332
8,310000	 0,006521	 0,004304
8,320000	 0,006468	 0,004314
8,330000	 0,006526	 0,004287
8,340000	 0,006466	 0,004309
8,350000	 0,006548	 0,004355
8,360000	 0,006525	 0,004360
8,370000	 0,006533	 0,004316
8,380000	 0,006485	 0,004329
8,390000	 0,006534	 0,004308
8,400000	 0,006478	 0,004345
8,410000	 0,006560	 0,004341
8,420000	 0,006525	 0,004388
8,430000	 0,006542	 0,004373
8,440000	 0,006501	 0,004350
8,450000	 0,006528	 0,004301
8,460000	 0,006492	 0,004347
8,470000	 0,006582	 0,004340
8,480000	 0,006557	 0,004397
8,490000	 0,006542	 0,004400
8,500000	 0,006539	 0,004380
8,510000	 0,006526	 0,004351
8,520000	 0,006531	 0,004364
8,530000	 0,006559	 0,004348
8,540000	 0,006540	 0,004409
8,550000	 0,006541	 0,004411
8,560000	 0,006550	 0,004435
8,570000	 0,006535	 0,004426
8,580000	 0,006572	 0,004415
8,590000	 0,006570	 0,004358
8,600000	 0,006570	 0,004417
8,610000	 0,006536	 0,004439
8,620000	 0,006557	 0,004340
8,630000	 0,006479	 0,004334
8,640000	 0,006499	 0,004282
8,650000	 0,006423	 0,004243
8,660000	 0,006467	 0,004223
8,670000	 0,006431	 0,004207
8,680000	 0,006438	 0,004207
8,690000	 0,006425	 0,004251
8,700000	 0,006483	 0,004222
8,710000	 0,006397	 0,004233
8,720000	 0,006447	 0,004214
8,730000	 0,006444	 0,004232
8,740000	 0,006471	 0,004217
8,750000	 0,006453	 0,004291
8,760000	 0,006472	 0,004267
8,770000	 0,006423	 0,004269
8,780000	 0,006447	 0,004219
8,790000	 0,006448	 0,004219
8,800000	 0,006480	 0,004275
8,810000	 0,006487	 0,004338
8,820000	 0,006491	 0,004289
8,830000	 0,006457	 0,004287
8,840000	 0,006476	 0,004244
8,850000	 0,006454	 0,004234
8,860000	 0,006469	 0,004221
8,870000	 0,006479	 0,004279
8,880000	 0,006452	 0,004265
8,890000	 0,006454	 0,004275
8,900000	 0,006471	 0,004225
8,910000	 0,006460	 0,004252
8,920000	 0,006479	 0,004241
8,930000	 0,006491	 0,004275
8,940000	 0,006455	 0,004283
8,950000	 0,006467	 0,004344
8,960000	 0,006465	 0,004292
8,970000	 0,006496	 0,004258
8,980000	 0,006487	 0,004290
8,990000	 0,006524	 0,004309
9,000000	 0,006459	 0,004320
9,010000	 0,006542	 0,004351
9,020000	 0,006512	 0,004332
9,030000	 0,006539	 0,004314
9,040000	 0,006485	 0,004298
9,050000	 0,006546	 0,004293
9,060000	 0,006481	 0,004342
9,070000	 0,006543	 0,004326
9,080000	 0,006520	 0,004342
9,090000	 0,006532	 0,004341
9,100000	 0,006499	 0,004326
9,110000	 0,006525	 0,004300
9,120000	 0,006475	 0,004338
9,130000	 0,006563	 0,004351
9,140000	 0,006524	 0,004394
9,150000	 0,006535	 0,004381
9,160000	 0,006508	 0,004357
9,170000	 0,006523	 0,004335
9,180000	 0,006504	 0,004359
9,190000	 0,006555	 0,004359
9,200000	 0,006530	 0,004425
9,210000	 0,006556	 0,004403
9,220000	 0,006533	 0,004390
9,230000	 0,006513	 0,004370
9,240000	 0,006516	 0,004394
9,250000	 0,006575	 0,004376
9,260000	 0,006553	 0,004452
9,270000	 0,006564	 0,004419
9,280000	 0,006512	 0,004387
9,290000	 0,006519	 0,004321
9,300000	 0,006515	 0,004280
9,310000	 0,006442	 0,004234
9,320000	 0,006438	 0,004269
9,330000	 0,006447	 0,004258
9,340000	 0,006393	 0,004228
9,350000	 0,006393	 0,004193
9,360000	 0,006435	 0,004164
9,370000	 0,006409	 0,004189
9,380000	 0,006410	 0,004225
9,390000	 0,006397	 0,004204
9,400000	 0,006409	 0,004247
9,410000	 0,006398	 0,004239
9,420000	 0,006452	 0,004185
9,430000	 0,006407	 0,004214
9,440000	 0,006440	 0,004225
9,450000	 0,006406	 0,004247
9,460000	 0,006487	 0,004242
9,470000	 0,006445	 0,004273
9,480000	 0,006486	 0,004245
9,490000	 0,006434	 0,004246
9,500000	 0,006478	 0,004199
9,510000	 0,006437	 0,004244
9,520000	 0,006481	 0,004255
9,530000	 0,006463	 0,004264
9,540000	 0,006477	 0,004220
9,550000	 0,006429	 0,004232
9,560000	 0,006454	 0,004190
9,570000	 0,006406	 0,004228
9,580000	 0,006479	 0,004235
9,590000	 0,006459	 0,004280
9,600000	 0,006471	 0,004256
9,610000	 0,006438	 0,004277
9,620000	 0,006502	 0,004216
9,630000	 0,006475	 0,004234
9,640000	 0,006520	 0,004283
9,650000	 0,006520	 0,004311
9,660000	 0,006480	 0,004299
9,670000	 0,006483	 0,004313
9,680000	 0,006507	 0,004282
9,690000	 0,006481	 0,004298
9,700000	 0,006521	 0,004293
9,710000	 0,006526	 0,004324
9,720000	 0,006489	 0,004332
9,730000	 0,006508	 0,004339
9,740000	 0,006504	 0,004303
9,750000	 0,006529	 0,004302
9,760000	 0,006512	 0,004305
9,770000	 0,006549	 0,004347
9,780000	 0,006531	 0,004379
9,790000	 0,006544	 0,004362
9,800000	 0,006507	 0,004345
9,810000	 0,006531	 0,004347
9,820000	 0,006543	 0,004322
9,830000	 0,006542	 0,004369
9,840000	 0,006513	 0,004381
9,850000	 0,006596	 0,004375
9,860000	 0,006552	 0,004401
9,870000	 0,006596	 0,004403
9,880000	 0,006558	 0,004358
9,890000	 0,006588	 0,004390
9,900000	 0,006551	 0,004411
9,910000	 0,006614	 0,004416
9,920000	 0,006570	 0,004436
9,930000	 0,006618	 0,004421
9,940000	 0,006568	 0,004400
9,950000	 0,006616	 0,004407
9,960000	 0,006596	 0,004446
9,970000	 0,006623	 0,004406
9,980000	 0,006573	 0,004402
9,990000	 0,006594	 0,004318
