1901.000 4.589
1902.000 4.697
1903.000 4.842
1904.000 4.799
1905.000 4.788
1906.000 4.722
1907.000 4.807
1908.000 4.925
1909.000 4.831
1910.000 4.655
1911.000 4.588
1912.000 4.227
1913.000 5.051
1914.000 4.999
1915.000 4.771
1916.000 4.825
1917.000 5.015
1918.000 4.873
1919.000 4.963
1920.000 4.976
1921.000 4.871
1922.000 4.778
1923.000 4.743
1924.000 4.961
1925.000 4.927
1926.000 5.078
1927.000 4.910
1928.000 4.897
1929.000 4.621
1930.000 5.108
1931.000 4.623
1932.000 5.375
1933.000 4.870
1934.000 4.891
1935.000 5.041
1936.000 5.009
1937.000 4.967
1938.000 5.263
1939.000 4.925
1940.000 5.205
1941.000 4.874
1942.000 5.413
1943.000 5.183
1944.000 5.343
1945.000 4.957
1946.000 5.091
1947.000 4.917
1948.000 5.129
1949.000 4.827
1950.000 5.277
1951.000 5.197
1952.000 5.063
1953.000 5.050
1954.000 5.408
1955.000 4.992
1956.000 5.290
1957.000 5.346
1958.000 5.130
1959.000 5.123
1960.000 5.178
1961.000 5.445
1962.000 5.204
1963.000 5.345
1964.000 5.142
1965.000 6.057
1966.000 5.262
1967.000 5.319
1968.000 5.359
1969.000 5.271
1970.000 5.280
1971.000 5.447
1972.000 5.182
1973.000 5.648
1974.000 5.515
1975.000 5.397
1976.000 5.332
1977.000 5.468
1978.000 5.289
1979.000 5.416
1980.000 5.451
1981.000 5.582
1982.000 5.419
1983.000 5.517
1984.000 5.491
1985.000 5.628
1986.000 5.436
1987.000 5.725
1988.000 5.624
1989.000 5.368
1990.000 5.601
1991.000 5.791
1992.000 5.462
1993.000 5.715
1994.000 5.631
1995.000 5.643
1996.000 5.646
1997.000 5.606
1998.000 5.685
1999.000 5.507
2000.000 5.509
2001.000 5.825
2002.000 5.544
2003.000 5.660
2004.000 5.614
2005.000 5.540
2006.000 5.793
2007.000 5.596
2008.000 5.768
2009.000 5.925
2010.000 5.595
2011.000 5.683
2012.000 6.177
2013.000 5.729
2014.000 5.891
2015.000 5.925
2016.000 5.939
2017.000 5.810
2018.000 5.798
2019.000 5.878
2020.000 5.942
2021.000 6.059
2022.000 6.060
2023.000 5.904
2024.000 6.035
2025.000 5.994
2026.000 5.973
2027.000 5.994
2028.000 5.904
2029.000 6.065
2030.000 6.224
2031.000 6.007
2032.000 5.980
2033.000 5.938
2034.000 6.219
2035.000 6.314
2036.000 6.349
2037.000 6.288
2038.000 6.387
2039.000 6.189
2040.000 6.300
2041.000 6.447
2042.000 6.478
2043.000 6.441
2044.000 6.229
2045.000 6.642
2046.000 6.447
2047.000 8.036
2048.000 11.715
2049.000 7.860
2050.000 6.954
2051.000 6.603
2052.000 6.669
2053.000 6.842
2054.000 6.581
2055.000 6.867
2056.000 6.795
2057.000 6.777
2058.000 6.982
2059.000 6.754
2060.000 7.005
2061.000 6.813
2062.000 6.893
2063.000 7.077
2064.000 7.129
2065.000 7.070
2066.000 7.143
2067.000 7.155
2068.000 7.198
2069.000 7.279
2070.000 7.238
2071.000 7.329
2072.000 7.320
2073.000 7.489
2074.000 7.509
2075.000 7.613
2076.000 7.679
2077.000 7.660
2078.000 7.821
2079.000 7.788
2080.000 7.705
2081.000 7.669
2082.000 7.727
2083.000 7.982
2084.000 8.202
2085.000 8.123
2086.000 8.097
2087.000 8.162
2088.000 8.514
2089.000 8.281
2090.000 8.458
2091.000 8.355
2092.000 8.500
2093.000 8.549
2094.000 8.830
2095.000 8.518
2096.000 8.793
2097.000 8.546
2098.000 8.884
2099.000 9.061
2100.000 9.075
2101.000 9.402
2102.000 9.454
2103.000 9.579
2104.000 9.547
2105.000 9.644
2106.000 9.687
2107.000 9.948
2108.000 10.010
2109.000 10.000
2110.000 10.158
2111.000 10.271
2112.000 10.516
2113.000 10.955
2114.000 10.689
2115.000 10.796
2116.000 11.041
2117.000 11.193
2118.000 11.093
2119.000 11.119
2120.000 11.597
2121.000 11.803
2122.000 12.023
2123.000 12.268
2124.000 12.815
2125.000 12.362
2126.000 12.422
2127.000 12.386
2128.000 13.174
2129.000 13.753
2130.000 13.922
2131.000 13.541
2132.000 13.977
2133.000 14.616
2134.000 14.814
2135.000 15.406
2136.000 16.146
2137.000 15.946
2138.000 15.914
2139.000 16.970
2140.000 17.178
2141.000 17.436
2142.000 18.298
2143.000 17.952
2144.000 19.034
2145.000 20.029
2146.000 20.368
2147.000 21.314
2148.000 22.023
2149.000 22.865
2150.000 23.102
2151.000 24.592
2152.000 25.365
2153.000 26.593
2154.000 27.970
2155.000 28.959
2156.000 30.480
2157.000 32.344
2158.000 34.001
2159.000 35.752
2160.000 37.945
2161.000 39.948
2162.000 41.105
2163.000 43.018
2164.000 45.716
2165.000 47.019
2166.000 49.116
2167.000 50.062
2168.000 50.242
2169.000 49.870
2170.000 48.538
2171.000 46.212
2172.000 43.675
2173.000 40.785
2174.000 37.659
2175.000 35.735
2176.000 33.417
2177.000 30.390
2178.000 27.605
2179.000 26.079
2180.000 24.028
2181.000 22.555
2182.000 20.778
2183.000 19.215
2184.000 17.645
2185.000 16.912
2186.000 15.959
2187.000 15.629
2188.000 14.054
2189.000 13.540
2190.000 12.675
2191.000 11.832
2192.000 11.247
2193.000 9.951
2194.000 9.962
2195.000 9.447
2196.000 8.261
2197.000 7.791
2198.000 8.202
2199.000 7.537
2200.000 6.854
2201.000 6.708
2202.000 6.317
2203.000 6.063
2204.000 5.037
2205.000 4.709
2206.000 5.316
2207.000 4.142
2208.000 4.285
2209.000 4.246
2210.000 3.519
2211.000 3.626
2212.000 3.697
2213.000 2.984
2214.000 2.629
2215.000 2.571
2216.000 2.137
2217.000 2.156
2218.000 1.980
2219.000 1.733
2220.000 1.383
2221.000 1.471
2222.000 1.308
2223.000 1.173
2224.000 0.774
2225.000 1.072
2226.000 1.285
2227.000 2.270
2228.000 0.680
2229.000 1.695
2230.000 1.817
2231.000 1.534
2232.000 1.524
2233.000 2.072
2234.000 2.253
2235.000 1.897
2236.000 2.487
2237.000 2.661
2238.000 2.844
2239.000 3.154
2240.000 3.364
2241.000 3.326
2242.000 3.751
2243.000 4.024
2244.000 4.600
2245.000 4.305
2246.000 4.902
2247.000 5.358
2248.000 5.468
2249.000 5.949
2250.000 6.178
2251.000 6.813
2252.000 7.517
2253.000 7.307
2254.000 8.166
2255.000 14.831
2256.000 7.585
2257.000 8.562
2258.000 10.584
2259.000 11.289
2260.000 11.436
2261.000 12.313
2262.000 13.396
2263.000 14.384
2264.000 15.260
2265.000 16.192
2266.000 17.695
2267.000 19.207
2268.000 21.211
2269.000 23.088
2270.000 24.705
2271.000 27.610
2272.000 28.866
2273.000 32.431
2274.000 36.521
2275.000 39.656
2276.000 43.779
2277.000 47.588
2278.000 50.958
2279.000 53.170
2280.000 53.546
2281.000 52.251
2282.000 49.713
2283.000 46.845
2284.000 42.629
2285.000 37.855
2286.000 33.561
2287.000 31.291
2288.000 28.427
2289.000 26.170
2290.000 24.450
2291.000 22.331
2292.000 21.281
2293.000 20.190
2294.000 18.994
2295.000 17.519
2296.000 18.102
2297.000 13.751
2298.000 15.619
2299.000 14.987
2300.000 14.758
2301.000 11.001
2302.000 11.305
2303.000 10.945
2304.000 13.264
2305.000 11.987
2306.000 9.005
2307.000 11.457
2308.000 11.065
2309.000 10.238
2310.000 10.023
2311.000 10.022
2312.000 10.043
2313.000 9.856
2314.000 9.041
2315.000 8.803
2316.000 8.555
2317.000 8.516
2318.000 8.243
2319.000 8.164
2320.000 7.751
2321.000 7.736
2322.000 7.825
2323.000 7.744
2324.000 7.408
2325.000 7.533
2326.000 7.080
2327.000 7.268
2328.000 7.065
2329.000 6.845
2330.000 6.778
2331.000 6.403
2332.000 6.334
2333.000 6.326
2334.000 5.862
2335.000 5.935
2336.000 5.843
2337.000 6.005
2338.000 5.648
2339.000 5.601
2340.000 5.765
2341.000 5.524
2342.000 5.664
2343.000 5.198
2344.000 5.408
2345.000 5.148
2346.000 5.116
2347.000 4.988
2348.000 4.827
2349.000 4.974
2350.000 6.180
2351.000 5.231
2352.000 4.783
2353.000 4.351
2354.000 4.364
2355.000 4.776
2356.000 4.533
2357.000 4.511
2358.000 4.317
2359.000 4.271
2360.000 4.290
2361.000 4.207
2362.000 4.137
2363.000 4.226
2364.000 3.872
2365.000 3.921
2366.000 3.911
2367.000 4.043
2368.000 3.751
2369.000 3.932
2370.000 3.693
2371.000 3.800
2372.000 3.729
2373.000 3.679
2374.000 3.729
2375.000 3.265
2376.000 3.754
2377.000 3.680
2378.000 3.460
2379.000 3.491
2380.000 3.401
2381.000 3.535
2382.000 3.402
2383.000 3.427
2384.000 3.260
2385.000 3.127
2386.000 3.196
2387.000 3.528
2388.000 3.194
2389.000 2.974
2390.000 3.020
2391.000 3.141
2392.000 2.911
2393.000 3.003
2394.000 3.023
2395.000 2.922
2396.000 3.030
2397.000 2.942
2398.000 2.947
2399.000 3.002
2400.000 2.925
