1201.000 0.249
1202.000 0.244
1203.000 0.190
1204.000 0.357
1205.000 0.284
1206.000 0.537
1207.000 0.355
1208.000 0.378
1209.000 0.433
1210.000 1.020
1211.000 0.449
1212.000 0.295
1213.000 0.965
1214.000 0.223
1215.000 0.308
1216.000 1.316
1217.000 0.406
1218.000 0.275
1219.000 0.284
1220.000 0.773
1221.000 0.414
1222.000 0.364
1223.000 0.514
1224.000 0.454
1225.000 0.404
1226.000 0.425
1227.000 0.359
1228.000 0.696
1229.000 0.365
1230.000 0.672
1231.000 1.502
1232.000 0.354
1233.000 0.524
1234.000 2.466
1235.000 1.792
1236.000 0.918
1237.000 0.864
1238.000 0.479
1239.000 0.243
1240.000 0.319
1241.000 0.197
1242.000 0.464
1243.000 0.224
1244.000 0.336
1245.000 0.434
1246.000 0.258
1247.000 0.296
1248.000 0.436
1249.000 0.324
1250.000 0.421
1251.000 0.328
1252.000 0.236
1253.000 0.228
1254.000 0.339
1255.000 0.335
1256.000 0.423
1257.000 2.726
1258.000 0.341
1259.000 0.318
1260.000 0.296
1261.000 0.416
1262.000 0.274
1263.000 0.317
1264.000 0.357
1265.000 0.357
1266.000 0.779
1267.000 0.599
1268.000 1.327
1269.000 1.043
1270.000 0.334
1271.000 1.476
1272.000 0.386
1273.000 0.752
1274.000 1.040
1275.000 0.879
1276.000 0.310
1277.000 0.436
1278.000 0.777
1279.000 0.430
1280.000 0.299
1281.000 0.352
1282.000 0.269
1283.000 0.374
1284.000 0.364
1285.000 0.346
1286.000 0.413
1287.000 0.341
1288.000 0.661
1289.000 0.410
1290.000 0.407
1291.000 0.361
1292.000 0.338
1293.000 0.580
1294.000 0.476
1295.000 0.432
1296.000 0.382
1297.000 0.288
1298.000 0.452
1299.000 0.429
1300.000 0.386
1301.000 0.349
1302.000 0.336
1303.000 0.465
1304.000 0.291
1305.000 0.325
1306.000 0.457
1307.000 0.363
1308.000 0.367
1309.000 0.289
1310.000 0.405
1311.000 0.425
1312.000 0.396
1313.000 0.414
1314.000 0.331
1315.000 0.379
1316.000 0.303
1317.000 0.397
1318.000 0.411
1319.000 0.367
1320.000 0.254
1321.000 0.338
1322.000 0.338
1323.000 0.335
1324.000 0.579
1325.000 0.453
1326.000 0.381
1327.000 0.331
1328.000 0.463
1329.000 0.354
1330.000 0.294
1331.000 0.466
1332.000 0.519
1333.000 0.432
1334.000 0.346
1335.000 0.278
1336.000 0.229
1337.000 0.622
1338.000 0.381
1339.000 0.505
1340.000 0.457
1341.000 0.305
1342.000 0.328
1343.000 0.387
1344.000 0.388
1345.000 0.405
1346.000 0.565
1347.000 0.519
1348.000 0.330
1349.000 0.479
1350.000 0.308
1351.000 0.359
1352.000 0.313
1353.000 0.472
1354.000 0.433
1355.000 0.419
1356.000 0.388
1357.000 0.347
1358.000 0.469
1359.000 0.354
1360.000 0.326
1361.000 0.503
1362.000 0.464
1363.000 0.460
1364.000 0.492
1365.000 0.303
1366.000 0.560
1367.000 0.384
1368.000 0.260
1369.000 0.378
1370.000 0.454
1371.000 0.297
1372.000 0.655
1373.000 0.808
1374.000 0.273
1375.000 0.497
1376.000 0.445
1377.000 0.616
1378.000 0.512
1379.000 0.414
1380.000 0.431
1381.000 0.256
1382.000 0.373
1383.000 0.438
1384.000 0.349
1385.000 0.533
1386.000 0.562
1387.000 0.399
1388.000 0.394
1389.000 0.635
1390.000 0.186
1391.000 0.548
1392.000 0.371
1393.000 0.568
1394.000 0.510
1395.000 0.407
1396.000 0.444
1397.000 0.461
1398.000 0.397
1399.000 0.569
1400.000 0.309
1401.000 0.493
1402.000 0.581
1403.000 0.355
1404.000 0.347
1405.000 0.595
1406.000 0.320
1407.000 0.318
1408.000 0.354
1409.000 0.557
1410.000 0.371
1411.000 0.531
1412.000 0.561
1413.000 0.362
1414.000 0.572
1415.000 0.532
1416.000 0.359
1417.000 0.610
1418.000 0.679
1419.000 0.473
1420.000 0.618
1421.000 0.562
1422.000 0.554
1423.000 0.488
1424.000 0.467
1425.000 0.487
1426.000 0.510
1427.000 0.408
1428.000 0.450
1429.000 0.429
1430.000 0.750
1431.000 0.408
1432.000 0.584
1433.000 0.549
1434.000 0.587
1435.000 0.564
1436.000 0.411
1437.000 0.658
1438.000 0.405
1439.000 0.290
1440.000 0.307
1441.000 0.592
1442.000 0.541
1443.000 0.499
1444.000 0.428
1445.000 0.528
1446.000 0.528
1447.000 0.548
1448.000 0.668
1449.000 0.621
1450.000 0.572
1451.000 0.618
1452.000 0.499
1453.000 0.554
1454.000 0.478
1455.000 0.664
1456.000 0.496
1457.000 0.613
1458.000 0.674
1459.000 0.590
1460.000 0.479
1461.000 0.632
1462.000 0.671
1463.000 0.760
1464.000 0.590
1465.000 0.737
1466.000 0.738
1467.000 0.730
1468.000 0.605
1469.000 0.588
1470.000 0.493
1471.000 0.557
1472.000 0.588
1473.000 0.621
1474.000 0.622
1475.000 0.581
1476.000 0.596
1477.000 0.693
1478.000 0.473
1479.000 0.575
1480.000 0.566
1481.000 0.717
1482.000 0.734
1483.000 0.708
1484.000 0.576
1485.000 0.593
1486.000 0.556
1487.000 0.518
1488.000 0.640
1489.000 0.633
1490.000 0.467
1491.000 0.735
1492.000 0.636
1493.000 0.832
1494.000 0.681
1495.000 0.646
1496.000 0.531
1497.000 0.556
1498.000 0.811
1499.000 0.734
1500.000 0.869
1501.000 0.750
1502.000 0.844
1503.000 0.657
1504.000 0.794
1505.000 0.827
1506.000 0.736
1507.000 0.782
1508.000 0.661
1509.000 0.669
1510.000 0.754
1511.000 0.808
1512.000 0.860
1513.000 0.739
1514.000 0.836
1515.000 0.847
1516.000 0.560
1517.000 0.700
1518.000 1.064
1519.000 0.763
1520.000 0.778
1521.000 0.728
1522.000 0.914
1523.000 0.939
1524.000 0.901
1525.000 0.953
1526.000 0.858
1527.000 0.810
1528.000 0.679
1529.000 0.828
1530.000 0.712
1531.000 0.898
1532.000 0.766
1533.000 0.778
1534.000 0.708
1535.000 0.646
1536.000 0.778
1537.000 0.676
1538.000 0.825
1539.000 0.816
1540.000 0.701
1541.000 0.778
1542.000 0.955
1543.000 0.752
1544.000 0.969
1545.000 0.826
1546.000 0.949
1547.000 0.868
1548.000 0.800
1549.000 0.930
1550.000 0.759
1551.000 0.764
1552.000 0.904
1553.000 0.912
1554.000 0.803
1555.000 1.032
1556.000 0.906
1557.000 0.903
1558.000 1.140
1559.000 0.894
1560.000 0.837
1561.000 0.962
1562.000 0.952
1563.000 0.837
1564.000 1.047
1565.000 0.560
1566.000 1.294
1567.000 0.925
1568.000 1.194
1569.000 1.105
1570.000 1.141
1571.000 0.960
1572.000 1.071
1573.000 0.925
1574.000 0.959
1575.000 0.667
1576.000 0.855
1577.000 0.900
1578.000 0.952
1579.000 0.855
1580.000 0.890
1581.000 1.160
1582.000 1.106
1583.000 0.937
1584.000 1.002
1585.000 0.949
1586.000 1.047
1587.000 0.819
1588.000 1.001
1589.000 0.976
1590.000 0.898
1591.000 1.095
1592.000 1.011
1593.000 1.214
1594.000 1.023
1595.000 0.959
1596.000 1.217
1597.000 1.221
1598.000 1.101
1599.000 1.131
1600.000 1.048
1601.000 1.014
1602.000 1.172
1603.000 1.005
1604.000 1.219
1605.000 1.114
1606.000 1.078
1607.000 1.147
1608.000 1.143
1609.000 1.142
1610.000 1.148
1611.000 1.026
1612.000 1.236
1613.000 1.047
1614.000 1.069
1615.000 1.209
1616.000 1.321
1617.000 1.243
1618.000 1.159
1619.000 1.237
1620.000 1.340
1621.000 1.147
1622.000 1.307
1623.000 1.160
1624.000 1.126
1625.000 1.393
1626.000 1.109
1627.000 1.226
1628.000 1.404
1629.000 1.291
1630.000 1.165
1631.000 1.187
1632.000 1.342
1633.000 1.127
1634.000 1.198
1635.000 1.269
1636.000 1.352
1637.000 1.187
1638.000 1.186
1639.000 1.291
1640.000 1.231
1641.000 1.167
1642.000 1.331
1643.000 1.366
1644.000 1.246
1645.000 1.430
1646.000 1.505
1647.000 1.333
1648.000 1.350
1649.000 1.464
1650.000 1.489
1651.000 1.475
1652.000 1.365
1653.000 1.290
1654.000 1.394
1655.000 1.323
1656.000 1.597
1657.000 1.358
1658.000 1.397
1659.000 1.451
1660.000 1.577
1661.000 1.517
1662.000 1.339
1663.000 1.498
1664.000 1.583
1665.000 1.520
1666.000 1.541
1667.000 1.428
1668.000 1.663
1669.000 1.592
1670.000 1.507
1671.000 1.540
1672.000 1.654
1673.000 1.625
1674.000 1.591
1675.000 1.433
1676.000 1.670
1677.000 1.654
1678.000 1.508
1679.000 1.587
1680.000 1.688
1681.000 1.655
1682.000 1.731
1683.000 1.756
1684.000 1.579
1685.000 1.666
1686.000 1.760
1687.000 1.711
1688.000 1.817
1689.000 1.678
1690.000 1.850
1691.000 1.710
1692.000 1.779
1693.000 1.769
1694.000 1.801
1695.000 1.808
1696.000 1.775
1697.000 1.983
1698.000 1.647
1699.000 1.865
1700.000 1.878
1701.000 1.951
1702.000 2.068
1703.000 1.986
1704.000 2.063
1705.000 1.924
1706.000 1.779
1707.000 1.813
1708.000 2.242
1709.000 2.052
1710.000 1.983
1711.000 1.983
1712.000 2.154
1713.000 1.904
1714.000 2.072
1715.000 2.145
1716.000 2.001
1717.000 2.072
1718.000 2.038
1719.000 2.114
1720.000 1.956
1721.000 2.035
1722.000 2.002
1723.000 2.241
1724.000 2.172
1725.000 2.255
1726.000 2.494
1727.000 2.312
1728.000 2.222
1729.000 2.413
1730.000 2.227
1731.000 2.275
1732.000 2.207
1733.000 2.276
1734.000 2.548
1735.000 2.128
1736.000 2.300
1737.000 2.274
1738.000 2.295
1739.000 2.369
1740.000 2.291
1741.000 2.387
1742.000 2.416
1743.000 2.467
1744.000 2.520
1745.000 2.237
1746.000 2.620
1747.000 2.644
1748.000 2.451
1749.000 2.691
1750.000 2.488
1751.000 2.670
1752.000 2.439
1753.000 2.644
1754.000 2.686
1755.000 2.795
1756.000 2.581
1757.000 2.893
1758.000 2.625
1759.000 2.650
1760.000 2.800
1761.000 2.740
1762.000 2.669
1763.000 2.728
1764.000 2.857
1765.000 2.885
1766.000 2.910
1767.000 2.734
1768.000 3.034
1769.000 2.721
1770.000 2.911
1771.000 3.172
1772.000 2.826
1773.000 3.085
1774.000 3.147
1775.000 3.313
1776.000 3.043
1777.000 3.101
1778.000 3.192
1779.000 3.168
1780.000 2.931
1781.000 3.086
1782.000 2.985
1783.000 3.048
1784.000 3.013
1785.000 3.517
1786.000 3.305
1787.000 3.050
1788.000 3.236
1789.000 3.552
1790.000 3.142
1791.000 3.277
1792.000 3.490
1793.000 3.215
1794.000 3.354
1795.000 3.382
1796.000 3.273
1797.000 3.379
1798.000 3.341
1799.000 3.589
1800.000 3.261
1801.000 3.481
1802.000 3.403
1803.000 3.189
1804.000 3.770
1805.000 3.516
1806.000 3.536
1807.000 3.693
1808.000 3.782
1809.000 3.547
1810.000 3.674
1811.000 3.716
1812.000 3.824
1813.000 3.649
1814.000 4.018
1815.000 3.723
1816.000 3.583
1817.000 3.883
1818.000 3.687
1819.000 3.796
1820.000 3.564
1821.000 3.989
1822.000 3.891
1823.000 3.948
1824.000 3.934
1825.000 4.077
1826.000 4.277
1827.000 4.338
1828.000 4.031
1829.000 4.044
1830.000 4.209
1831.000 3.922
1832.000 4.488
1833.000 4.147
1834.000 4.210
1835.000 3.901
1836.000 4.024
1837.000 4.503
1838.000 4.254
1839.000 4.704
1840.000 4.316
1841.000 4.543
1842.000 4.445
1843.000 4.153
1844.000 4.472
1845.000 4.941
1846.000 3.917
1847.000 5.762
1848.000 5.266
1849.000 4.597
1850.000 4.491
1851.000 4.677
1852.000 4.077
1853.000 4.183
1854.000 4.793
1855.000 4.746
1856.000 4.971
1857.000 4.590
1858.000 4.697
1859.000 4.742
1860.000 5.002
1861.000 4.752
1862.000 4.713
1863.000 4.706
1864.000 4.930
1865.000 4.816
1866.000 4.833
1867.000 4.889
1868.000 4.707
1869.000 5.250
1870.000 5.170
1871.000 5.092
1872.000 4.822
1873.000 5.173
1874.000 4.989
1875.000 4.901
1876.000 5.209
1877.000 5.341
1878.000 5.347
1879.000 5.098
1880.000 5.070
1881.000 5.252
1882.000 5.249
1883.000 5.302
1884.000 5.305
1885.000 5.122
1886.000 5.265
1887.000 5.640
1888.000 5.146
1889.000 5.445
1890.000 5.538
1891.000 5.424
1892.000 5.056
1893.000 5.322
1894.000 5.469
1895.000 5.191
1896.000 5.518
1897.000 5.447
1898.000 5.399
1899.000 5.388
1900.000 5.700
1901.000 5.485
1902.000 5.472
1903.000 5.722
1904.000 5.717
1905.000 5.327
1906.000 5.671
1907.000 5.690
1908.000 5.852
1909.000 5.688
1910.000 6.033
1911.000 6.241
1912.000 6.298
1913.000 5.866
1914.000 5.898
1915.000 5.676
1916.000 5.759
1917.000 6.001
1918.000 5.954
1919.000 5.774
1920.000 5.943
1921.000 6.085
1922.000 6.577
1923.000 5.773
1924.000 5.671
1925.000 6.831
1926.000 6.160
1927.000 6.084
1928.000 6.231
1929.000 5.955
1930.000 6.377
1931.000 6.173
1932.000 6.460
1933.000 6.017
1934.000 6.414
1935.000 6.477
1936.000 6.545
1937.000 6.310
1938.000 6.548
1939.000 6.314
1940.000 6.679
1941.000 6.499
1942.000 6.846
1943.000 6.427
1944.000 6.339
1945.000 6.501
1946.000 6.289
1947.000 6.146
1948.000 6.457
1949.000 6.504
1950.000 6.698
1951.000 6.462
1952.000 6.965
1953.000 6.505
1954.000 6.644
1955.000 6.482
1956.000 6.595
1957.000 6.719
1958.000 6.630
1959.000 6.593
1960.000 6.518
1961.000 6.638
1962.000 6.928
1963.000 6.845
1964.000 6.759
1965.000 7.187
1966.000 7.320
1967.000 6.842
1968.000 6.755
1969.000 7.333
1970.000 7.146
1971.000 7.379
1972.000 6.977
1973.000 7.229
1974.000 9.849
1975.000 7.176
1976.000 7.367
1977.000 6.918
1978.000 8.217
1979.000 7.588
1980.000 8.176
1981.000 7.539
1982.000 7.556
1983.000 7.608
1984.000 7.501
1985.000 8.292
1986.000 7.484
1987.000 7.802
1988.000 7.937
1989.000 7.699
1990.000 7.853
1991.000 7.555
1992.000 7.684
1993.000 7.932
1994.000 7.506
1995.000 7.846
1996.000 8.174
1997.000 7.703
1998.000 8.336
1999.000 7.944
2000.000 7.953
2001.000 8.155
2002.000 8.103
2003.000 8.400
2004.000 8.081
2005.000 8.135
2006.000 8.479
2007.000 8.264
2008.000 8.130
2009.000 8.513
2010.000 8.595
2011.000 8.605
2012.000 8.608
2013.000 8.943
2014.000 8.692
2015.000 8.874
2016.000 9.652
2017.000 9.200
2018.000 9.438
2019.000 8.756
2020.000 9.255
2021.000 9.522
2022.000 9.064
2023.000 9.238
2024.000 9.251
2025.000 9.140
2026.000 9.727
2027.000 9.819
2028.000 9.881
2029.000 10.066
2030.000 9.673
2031.000 10.587
2032.000 9.781
2033.000 10.452
2034.000 10.058
2035.000 10.420
2036.000 10.611
2037.000 12.332
2038.000 10.263
2039.000 11.098
2040.000 11.056
2041.000 10.989
2042.000 11.281
2043.000 11.336
2044.000 11.260
2045.000 11.570
2046.000 12.074
2047.000 12.524
2048.000 12.257
2049.000 12.175
2050.000 12.788
2051.000 13.032
2052.000 14.337
2053.000 12.894
2054.000 13.143
2055.000 13.378
2056.000 13.838
2057.000 13.065
2058.000 13.050
2059.000 14.847
2060.000 15.361
2061.000 15.539
2062.000 16.481
2063.000 16.341
2064.000 15.727
2065.000 16.540
2066.000 17.015
2067.000 16.012
2068.000 17.735
2069.000 16.776
2070.000 17.192
2071.000 18.509
2072.000 19.432
2073.000 19.608
2074.000 20.034
2075.000 19.845
2076.000 20.498
2077.000 23.146
2078.000 22.975
2079.000 23.134
2080.000 24.173
2081.000 25.536
2082.000 26.222
2083.000 27.432
2084.000 29.058
2085.000 28.965
2086.000 31.439
2087.000 32.801
2088.000 33.629
2089.000 36.420
2090.000 39.326
2091.000 41.391
2092.000 40.102
2093.000 46.797
2094.000 43.885
2095.000 52.023
2096.000 51.626
2097.000 54.686
2098.000 57.278
2099.000 57.430
2100.000 58.058
2101.000 62.350
2102.000 56.566
2103.000 57.292
2104.000 52.545
2105.000 49.434
2106.000 48.820
2107.000 42.643
2108.000 39.507
2109.000 37.890
2110.000 34.817
2111.000 30.729
2112.000 34.925
2113.000 28.147
2114.000 27.333
2115.000 25.544
2116.000 21.564
2117.000 23.276
2118.000 20.314
2119.000 20.529
2120.000 17.098
2121.000 15.429
2122.000 16.025
2123.000 16.810
2124.000 13.837
2125.000 13.894
2126.000 13.530
2127.000 13.390
2128.000 12.670
2129.000 13.740
2130.000 10.758
2131.000 11.635
2132.000 10.990
2133.000 7.882
2134.000 10.096
2135.000 9.367
2136.000 8.863
2137.000 8.849
2138.000 8.115
2139.000 8.095
2140.000 7.574
2141.000 8.032
2142.000 6.537
2143.000 6.710
2144.000 6.348
2145.000 6.454
2146.000 6.108
2147.000 5.330
2148.000 5.823
2149.000 5.125
2150.000 5.422
2151.000 5.446
2152.000 4.705
2153.000 4.822
2154.000 4.894
2155.000 4.361
2156.000 4.338
2157.000 4.418
2158.000 3.862
2159.000 3.684
2160.000 3.206
2161.000 3.236
2162.000 3.864
2163.000 4.139
2164.000 3.435
2165.000 3.590
2166.000 2.764
2167.000 2.543
2168.000 2.398
2169.000 2.472
2170.000 2.661
2171.000 3.314
2172.000 1.974
2173.000 1.959
2174.000 1.958
2175.000 1.768
2176.000 1.623
2177.000 2.186
2178.000 1.579
2179.000 1.903
2180.000 1.776
2181.000 5.200
2182.000 2.389
2183.000 1.189
2184.000 1.107
2185.000 1.059
2186.000 0.918
2187.000 0.974
2188.000 1.786
2189.000 1.150
2190.000 1.027
2191.000 0.814
2192.000 0.759
2193.000 0.808
2194.000 0.924
2195.000 8.861
2196.000 1.159
2197.000 1.508
2198.000 1.104
2199.000 1.000
2200.000 1.197
2201.000 1.229
2202.000 1.622
2203.000 1.418
2204.000 1.214
2205.000 1.540
2206.000 1.650
2207.000 1.849
2208.000 2.277
2209.000 2.078
2210.000 1.949
2211.000 2.553
2212.000 2.307
2213.000 2.655
2214.000 2.619
2215.000 2.510
2216.000 2.502
2217.000 2.827
2218.000 2.777
2219.000 2.902
2220.000 3.519
2221.000 3.406
2222.000 3.513
2223.000 4.156
2224.000 3.732
2225.000 3.932
2226.000 4.503
2227.000 4.587
2228.000 4.294
2229.000 4.616
2230.000 4.816
2231.000 5.540
2232.000 5.786
2233.000 5.712
2234.000 6.135
2235.000 6.522
2236.000 6.661
2237.000 6.189
2238.000 6.785
2239.000 8.168
2240.000 7.403
2241.000 8.043
2242.000 10.136
2243.000 12.246
2244.000 3.613
2245.000 13.270
2246.000 8.275
2247.000 13.647
2248.000 18.846
2249.000 10.558
2250.000 13.588
2251.000 11.838
2252.000 13.866
2253.000 14.359
2254.000 14.121
2255.000 20.863
2256.000 16.356
2257.000 22.423
2258.000 18.099
2259.000 21.781
2260.000 23.788
2261.000 23.018
2262.000 21.813
2263.000 27.293
2264.000 28.718
2265.000 31.956
2266.000 34.670
2267.000 34.297
2268.000 36.703
2269.000 37.606
2270.000 36.481
2271.000 34.000
2272.000 38.484
2273.000 35.053
2274.000 33.827
2275.000 31.487
2276.000 31.613
2277.000 26.939
2278.000 25.190
2279.000 28.538
2280.000 21.024
2281.000 20.462
2282.000 19.932
2283.000 17.839
2284.000 18.435
2285.000 17.020
2286.000 16.944
2287.000 17.509
2288.000 15.172
2289.000 14.427
2290.000 13.632
2291.000 12.878
2292.000 12.242
2293.000 12.097
2294.000 11.327
2295.000 11.012
2296.000 10.729
2297.000 10.586
2298.000 10.053
2299.000 10.032
2300.000 9.141
2301.000 9.693
2302.000 9.390
2303.000 14.037
2304.000 9.443
2305.000 8.776
2306.000 9.861
2307.000 8.541
2308.000 8.656
2309.000 12.603
2310.000 11.168
2311.000 7.745
2312.000 6.830
2313.000 8.561
2314.000 7.404
2315.000 7.299
2316.000 8.170
2317.000 6.748
2318.000 7.611
2319.000 6.303
2320.000 5.638
2321.000 5.712
2322.000 7.040
2323.000 7.890
2324.000 5.183
2325.000 7.241
2326.000 17.901
2327.000 6.134
2328.000 8.837
2329.000 6.823
2330.000 5.226
2331.000 5.161
2332.000 5.253
2333.000 4.902
2334.000 4.558
2335.000 6.659
2336.000 9.462
2337.000 4.713
2338.000 7.136
2339.000 4.992
2340.000 4.788
2341.000 4.329
2342.000 5.018
2343.000 5.379
2344.000 4.797
2345.000 3.910
2346.000 4.799
2347.000 4.130
2348.000 3.867
2349.000 4.193
2350.000 3.972
2351.000 4.150
2352.000 3.816
2353.000 3.581
2354.000 3.957
2355.000 4.330
2356.000 3.322
2357.000 3.962
2358.000 3.845
2359.000 4.131
2360.000 3.418
2361.000 3.433
2362.000 3.437
2363.000 3.574
2364.000 3.439
2365.000 3.486
2366.000 3.151
2367.000 3.299
2368.000 3.596
2369.000 3.084
2370.000 3.256
2371.000 3.220
2372.000 3.339
2373.000 3.516
2374.000 3.113
2375.000 4.825
2376.000 3.251
2377.000 3.186
2378.000 3.105
2379.000 2.867
2380.000 2.968
2381.000 2.917
2382.000 3.095
2383.000 3.046
2384.000 3.265
2385.000 3.259
2386.000 2.887
2387.000 2.790
2388.000 2.656
2389.000 2.601
2390.000 2.700
2391.000 2.695
2392.000 2.584
2393.000 3.135
2394.000 2.555
2395.000 2.566
2396.000 2.772
2397.000 2.804
2398.000 2.368
2399.000 2.510
2400.000 2.877
2401.000 2.569
2402.000 2.324
2403.000 2.462
2404.000 2.445
2405.000 2.015
2406.000 2.378
2407.000 2.280
2408.000 2.291
2409.000 2.387
2410.000 2.300
2411.000 2.355
2412.000 2.280
2413.000 2.490
2414.000 2.078
2415.000 2.374
2416.000 2.188
2417.000 3.132
2418.000 2.606
2419.000 2.013
2420.000 1.844
2421.000 2.224
2422.000 2.149
2423.000 2.123
2424.000 2.196
2425.000 2.222
2426.000 1.861
2427.000 1.996
2428.000 2.162
2429.000 1.963
2430.000 1.923
2431.000 2.046
2432.000 1.822
2433.000 2.030
2434.000 1.987
2435.000 1.728
2436.000 2.003
2437.000 1.811
2438.000 1.847
2439.000 1.940
2440.000 1.740
2441.000 2.054
2442.000 1.839
2443.000 1.942
2444.000 1.988
2445.000 1.786
2446.000 1.748
2447.000 1.840
2448.000 1.686
2449.000 1.627
2450.000 1.686
2451.000 1.710
2452.000 1.635
2453.000 1.759
2454.000 1.785
2455.000 1.703
2456.000 1.639
2457.000 1.769
2458.000 1.653
2459.000 1.690
2460.000 1.584
2461.000 1.624
2462.000 1.594
2463.000 1.579
2464.000 1.560
2465.000 1.821
2466.000 1.589
2467.000 1.493
2468.000 1.522
2469.000 1.594
2470.000 1.626
2471.000 1.442
2472.000 1.651
2473.000 1.605
2474.000 1.586
2475.000 1.449
2476.000 1.501
2477.000 1.400
2478.000 1.408
2479.000 1.429
2480.000 1.578
2481.000 1.376
2482.000 1.452
2483.000 1.376
2484.000 1.434
2485.000 1.410
2486.000 1.420
2487.000 1.345
2488.000 1.407
2489.000 1.227
2490.000 1.434
2491.000 1.433
2492.000 1.454
2493.000 1.390
2494.000 1.350
2495.000 1.426
2496.000 1.360
2497.000 1.223
2498.000 1.294
2499.000 1.169
2500.000 1.459
2501.000 1.377
2502.000 1.217
2503.000 1.287
2504.000 1.104
2505.000 1.194
2506.000 1.217
2507.000 1.376
2508.000 1.226
2509.000 1.154
2510.000 1.326
2511.000 1.280
2512.000 1.322
2513.000 1.305
2514.000 1.378
2515.000 1.295
2516.000 1.233
2517.000 1.160
2518.000 1.170
2519.000 1.116
2520.000 1.273
2521.000 1.201
2522.000 1.122
2523.000 1.177
2524.000 1.277
2525.000 1.311
2526.000 1.177
2527.000 1.106
2528.000 1.173
2529.000 1.100
2530.000 1.150
2531.000 1.327
2532.000 1.256
2533.000 1.069
2534.000 1.172
2535.000 1.124
2536.000 1.103
2537.000 1.239
2538.000 1.179
2539.000 0.972
2540.000 1.093
2541.000 1.207
2542.000 1.170
2543.000 0.935
2544.000 1.062
2545.000 1.087
2546.000 1.186
2547.000 1.048
2548.000 1.100
2549.000 0.995
2550.000 1.080
2551.000 0.960
2552.000 1.158
2553.000 1.122
2554.000 1.043
2555.000 1.014
2556.000 0.896
2557.000 1.053
2558.000 0.983
2559.000 1.040
2560.000 1.090
2561.000 1.053
2562.000 1.040
2563.000 1.010
2564.000 0.993
2565.000 1.276
2566.000 1.084
2567.000 1.012
2568.000 1.072
2569.000 1.082
2570.000 0.974
2571.000 0.984
2572.000 1.063
2573.000 0.996
2574.000 1.122
2575.000 1.184
2576.000 0.904
2577.000 1.129
2578.000 0.952
2579.000 0.962
2580.000 0.852
2581.000 0.980
2582.000 1.092
2583.000 0.845
2584.000 1.008
2585.000 0.843
2586.000 1.259
2587.000 1.199
2588.000 1.060
2589.000 1.173
2590.000 0.926
2591.000 1.112
2592.000 1.160
2593.000 1.097
2594.000 0.998
2595.000 0.963
2596.000 0.734
2597.000 0.923
2598.000 0.990
2599.000 0.933
2600.000 1.030
2601.000 0.950
2602.000 0.891
2603.000 0.941
2604.000 1.072
2605.000 0.968
2606.000 0.982
2607.000 0.956
2608.000 0.823
2609.000 0.986
2610.000 0.959
2611.000 0.930
2612.000 1.096
2613.000 0.894
2614.000 0.880
2615.000 0.978
2616.000 1.211
2617.000 0.991
2618.000 1.048
2619.000 1.089
2620.000 0.895
2621.000 0.742
2622.000 0.957
2623.000 0.804
2624.000 0.995
2625.000 1.205
2626.000 0.959
2627.000 0.993
2628.000 0.993
2629.000 0.954
2630.000 0.912
2631.000 0.819
2632.000 1.023
2633.000 0.985
2634.000 0.932
2635.000 1.072
2636.000 0.984
2637.000 1.050
2638.000 0.993
2639.000 1.082
2640.000 0.974
2641.000 1.076
2642.000 1.047
2643.000 1.113
2644.000 1.210
2645.000 0.902
2646.000 1.056
2647.000 0.926
2648.000 0.868
2649.000 1.054
2650.000 0.935
2651.000 0.947
2652.000 1.083
2653.000 1.008
2654.000 1.038
2655.000 0.909
2656.000 0.913
2657.000 0.872
2658.000 0.999
2659.000 0.845
2660.000 0.886
2661.000 1.040
2662.000 1.001
2663.000 1.128
2664.000 1.054
2665.000 1.043
2666.000 0.950
2667.000 1.059
2668.000 1.080
2669.000 1.074
2670.000 1.400
2671.000 1.252
2672.000 1.080
2673.000 1.150
2674.000 1.108
2675.000 0.947
2676.000 1.072
2677.000 0.944
2678.000 1.152
2679.000 1.133
2680.000 1.338
2681.000 1.091
2682.000 1.125
2683.000 1.016
2684.000 1.050
2685.000 1.147
2686.000 1.043
2687.000 1.191
2688.000 1.341
2689.000 1.077
2690.000 1.190
2691.000 1.068
2692.000 1.038
2693.000 1.114
2694.000 1.247
2695.000 1.229
2696.000 1.167
2697.000 1.235
2698.000 1.018
2699.000 1.120
2700.000 1.238
2701.000 1.321
2702.000 1.102
2703.000 1.308
2704.000 1.229
2705.000 1.182
2706.000 1.079
2707.000 1.173
2708.000 1.192
2709.000 1.318
2710.000 1.135
2711.000 1.202
2712.000 1.232
2713.000 1.225
2714.000 1.208
2715.000 1.165
2716.000 1.368
2717.000 1.343
2718.000 1.264
2719.000 1.241
2720.000 1.159
2721.000 1.080
2722.000 1.284
2723.000 1.139
2724.000 1.387
2725.000 1.264
2726.000 1.271
2727.000 1.307
2728.000 1.440
2729.000 1.391
2730.000 1.360
2731.000 1.316
2732.000 1.327
2733.000 1.242
2734.000 1.352
2735.000 1.445
2736.000 1.370
2737.000 1.413
2738.000 1.496
2739.000 1.373
2740.000 1.395
2741.000 1.331
2742.000 1.500
2743.000 1.416
2744.000 1.381
2745.000 1.484
2746.000 1.408
2747.000 1.422
2748.000 1.502
2749.000 1.542
2750.000 1.651
2751.000 1.476
2752.000 1.570
2753.000 1.455
2754.000 1.501
2755.000 1.516
2756.000 1.479
2757.000 1.439
2758.000 1.514
2759.000 1.526
2760.000 1.548
2761.000 1.497
2762.000 1.506
2763.000 1.591
2764.000 1.396
2765.000 1.549
2766.000 1.666
2767.000 1.679
2768.000 1.529
2769.000 1.657
2770.000 1.494
2771.000 1.557
2772.000 1.650
2773.000 1.571
2774.000 1.644
2775.000 1.700
2776.000 1.829
2777.000 1.780
2778.000 1.584
2779.000 1.620
2780.000 1.767
2781.000 1.739
2782.000 1.627
2783.000 1.674
2784.000 1.627
2785.000 1.752
2786.000 1.641
2787.000 1.724
2788.000 1.695
2789.000 1.927
2790.000 1.701
2791.000 1.892
2792.000 1.753
2793.000 1.810
2794.000 1.829
2795.000 2.005
2796.000 1.875
2797.000 1.813
2798.000 1.845
2799.000 1.929
2800.000 1.903
2801.000 2.001
2802.000 1.768
2803.000 1.698
2804.000 1.813
2805.000 1.970
2806.000 1.939
2807.000 1.908
2808.000 1.850
2809.000 1.989
2810.000 1.896
2811.000 1.973
2812.000 1.840
2813.000 1.963
2814.000 1.969
2815.000 1.961
2816.000 2.081
2817.000 2.098
2818.000 1.933
2819.000 2.247
2820.000 1.977
2821.000 2.062
2822.000 1.975
2823.000 2.088
2824.000 2.146
2825.000 2.357
2826.000 1.984
2827.000 2.101
2828.000 2.092
2829.000 2.094
2830.000 2.238
2831.000 2.233
2832.000 2.042
2833.000 2.123
2834.000 2.169
2835.000 2.137
2836.000 2.398
2837.000 2.197
2838.000 2.169
2839.000 2.004
2840.000 2.092
2841.000 2.308
2842.000 2.171
2843.000 2.336
2844.000 2.191
2845.000 2.359
2846.000 2.231
2847.000 2.418
2848.000 2.331
2849.000 2.475
2850.000 2.261
2851.000 2.307
2852.000 2.368
2853.000 2.432
2854.000 2.448
2855.000 2.433
2856.000 2.567
2857.000 2.502
2858.000 2.518
2859.000 2.391
2860.000 2.714
2861.000 2.533
2862.000 2.758
2863.000 2.633
2864.000 2.430
2865.000 2.537
2866.000 2.539
2867.000 2.550
2868.000 2.560
2869.000 2.520
2870.000 2.534
2871.000 2.761
2872.000 2.611
2873.000 2.716
2874.000 2.733
2875.000 2.685
2876.000 2.861
2878.000 2.749
2880.000 2.541
2881.000 2.588
2882.000 2.846
2883.000 2.733
2885.000 2.821
2886.000 2.793
2888.000 2.753
2889.000 2.846
2890.000 2.959
2891.000 2.836
2892.000 2.876
2893.000 2.927
2894.000 2.862
2895.000 2.791
2896.000 2.959
2897.000 2.948
2898.000 3.034
2899.000 3.083
2900.000 2.958
2901.000 2.954
2902.000 3.211
2903.000 2.901
2904.000 2.932
2905.000 2.977
2906.000 3.100
2907.000 2.986
2908.000 3.054
2909.000 2.940
2910.000 3.070
2911.000 3.177
2912.000 3.198
2913.000 3.067
2914.000 3.217
2915.000 3.145
2916.000 3.199
2917.000 3.304
2918.000 3.176
2919.000 3.181
2920.000 3.097
2921.000 3.210
2922.000 3.167
2923.000 3.362
2924.000 3.251
2925.000 3.478
2926.000 3.201
2927.000 3.267
2928.000 3.361
2929.000 3.469
2930.000 3.435
2931.000 3.354
2932.000 3.268
2933.000 3.156
2934.000 3.338
2935.000 3.472
2936.000 3.341
2937.000 3.367
2938.000 3.379
2939.000 3.447
2940.000 3.383
2941.000 3.527
2942.000 3.522
2943.000 3.488
2944.000 3.515
2945.000 3.530
2946.000 3.524
2947.000 3.424
2948.000 3.459
2949.000 3.506
2950.000 3.470
2951.000 3.551
2952.000 3.699
2953.000 3.486
2954.000 3.525
2955.000 3.586
2956.000 3.574
2957.000 3.605
2958.000 3.635
2959.000 3.483
2960.000 3.670
2961.000 3.673
2962.000 3.808
2963.000 3.833
2964.000 3.644
2965.000 3.615
2966.000 3.846
2967.000 3.798
2968.000 3.656
2969.000 3.762
2970.000 3.675
2971.000 3.628
2972.000 3.813
2973.000 3.646
2974.000 3.804
2975.000 3.840
2976.000 3.750
2977.000 3.704
2978.000 3.869
2979.000 3.771
2980.000 3.809
2981.000 3.849
2982.000 3.828
2983.000 3.996
2984.000 4.065
2985.000 3.945
2986.000 3.769
2987.000 4.028
2988.000 3.855
2989.000 3.878
2990.000 3.892
2991.000 3.925
2992.000 3.678
2993.000 3.880
2994.000 4.006
2995.000 3.871
2996.000 3.882
2997.000 4.090
2998.000 3.971
2999.000 3.935
3000.000 4.061
3001.000 4.113
3002.000 3.953
3003.000 4.015
3004.000 3.836
3005.000 3.934
3006.000 4.038
3007.000 3.826
3008.000 3.897
3009.000 4.017
3010.000 4.195
3011.000 4.282
3012.000 4.144
3013.000 4.102
3014.000 4.165
3015.000 4.210
3016.000 4.072
3017.000 4.099
3018.000 4.208
3019.000 4.117
3020.000 4.029
3021.000 4.172
3022.000 4.106
3023.000 4.049
3024.000 4.003
3025.000 4.088
3026.000 4.185
3027.000 4.170
3028.000 4.071
3029.000 4.135
3030.000 4.271
3031.000 4.256
3032.000 4.225
3033.000 4.146
3034.000 4.066
3035.000 4.381
3036.000 4.098
3037.000 4.269
3038.000 4.251
3039.000 4.239
3040.000 4.239
3041.000 4.035
3042.000 4.279
3043.000 4.366
3044.000 4.108
3045.000 4.321
3046.000 4.128
3047.000 4.358
3048.000 4.295
3049.000 4.341
3050.000 4.130
3051.000 4.046
3052.000 4.369
3053.000 4.278
3054.000 4.242
3055.000 4.348
3056.000 4.228
3057.000 4.219
3058.000 4.294
3059.000 4.307
3060.000 4.249
3061.000 4.268
3062.000 4.332
3063.000 4.406
3064.000 4.351
3065.000 4.274
3066.000 4.304
3067.000 4.330
3068.000 4.278
3069.000 4.416
3070.000 4.273
3071.000 4.336
3072.000 4.287
3073.000 4.432
3074.000 4.449
3075.000 4.313
3076.000 4.322
3077.000 4.272
3078.000 4.341
3079.000 4.447
3080.000 4.401
3081.000 4.381
3082.000 4.419
3083.000 4.473
3084.000 4.403
3085.000 4.239
3086.000 4.407
3087.000 4.263
3088.000 4.537
3089.000 4.731
3090.000 4.385
3091.000 4.440
3092.000 4.474
3093.000 4.186
3094.000 4.502
3095.000 4.521
3096.000 4.447
3097.000 4.529
3098.000 4.328
3099.000 4.474
3100.000 4.526
3101.000 4.608
3102.000 4.382
3103.000 4.438
3104.000 4.429
3105.000 4.520
3106.000 4.491
3107.000 4.476
3108.000 4.591
3109.000 4.476
3110.000 4.388
3111.000 4.520
3112.000 4.554
3113.000 4.423
3114.000 4.608
3115.000 4.502
3116.000 4.637
3117.000 4.430
3118.000 4.548
3119.000 4.494
3120.000 4.545
3121.000 4.562
3122.000 4.538
3123.000 4.534
3124.000 4.592
3125.000 4.625
3126.000 4.581
3127.000 4.505
3128.000 4.650
3129.000 4.499
3130.000 4.597
3131.000 4.701
3132.000 4.571
3133.000 4.671
3134.000 4.560
3135.000 4.531
3136.000 4.506
3137.000 4.545
3138.000 4.611
3139.000 4.668
3140.000 4.748
3141.000 4.701
3142.000 4.625
3143.000 4.742
3144.000 4.699
3145.000 4.675
3146.000 4.674
3147.000 4.454
3148.000 4.634
3149.000 4.742
3150.000 4.696
3151.000 4.730
3152.000 4.715
3153.000 4.742
3154.000 4.681
3155.000 4.652
3156.000 4.601
3157.000 4.792
3158.000 4.793
3159.000 4.718
3160.000 4.753
3161.000 4.759
3162.000 4.779
3163.000 4.889
3164.000 4.630
3165.000 4.895
3166.000 4.879
3167.000 4.756
3168.000 4.866
3169.000 4.764
3170.000 4.840
3171.000 4.893
3172.000 4.929
3173.000 4.889
3174.000 4.852
3175.000 4.872
3176.000 5.027
3177.000 4.871
3178.000 4.925
3179.000 5.001
3180.000 4.920
3181.000 4.770
3182.000 4.868
3183.000 4.953
3184.000 4.984
3185.000 4.913
3186.000 5.006
3187.000 5.021
3188.000 5.013
3189.000 5.206
3190.000 4.924
3191.000 4.850
3192.000 4.938
3193.000 5.032
3194.000 5.000
3195.000 5.051
3196.000 5.091
3197.000 5.126
3198.000 5.130
3199.000 5.082
3200.000 5.097
3201.000 4.894
3202.000 4.973
3203.000 5.214
3204.000 5.161
3205.000 5.101
3206.000 5.063
3207.000 5.025
3208.000 5.081
3209.000 5.300
3210.000 5.197
3211.000 5.154
3212.000 5.380
3213.000 5.134
3214.000 5.251
3215.000 5.151
3216.000 5.306
3217.000 5.327
3218.000 5.247
3219.000 5.415
3220.000 5.328
3221.000 5.191
3222.000 5.301
3223.000 5.293
3224.000 5.328
3225.000 5.403
3226.000 5.395
3227.000 5.573
3228.000 5.327
3229.000 5.414
3230.000 5.449
3231.000 5.422
3232.000 5.450
3233.000 5.401
3234.000 5.402
3235.000 5.373
3236.000 5.510
3237.000 5.573
3238.000 5.384
3239.000 5.504
3240.000 5.535
3241.000 5.564
3242.000 5.633
3243.000 5.523
3244.000 5.628
3245.000 5.618
3246.000 5.704
3247.000 5.679
3248.000 5.505
3249.000 5.574
3250.000 5.664
3251.000 5.685
3252.000 5.579
3253.000 5.846
3254.000 5.828
3255.000 5.822
3256.000 5.812
3257.000 5.836
3258.000 5.761
3259.000 5.888
3260.000 5.722
3261.000 5.979
3262.000 5.900
3263.000 5.933
3264.000 5.813
3265.000 5.907
3266.000 6.096
3267.000 5.903
3268.000 5.941
3269.000 6.198
3270.000 6.048
3271.000 6.112
3272.000 6.052
3273.000 6.044
3274.000 6.221
3275.000 6.016
3276.000 5.982
3277.000 6.227
3278.000 6.317
3279.000 6.302
3280.000 6.250
3281.000 6.198
3282.000 6.428
3283.000 6.487
3284.000 6.375
3285.000 6.282
3286.000 6.248
3287.000 6.449
3288.000 6.416
3289.000 6.428
3290.000 6.520
3291.000 6.341
3292.000 6.450
3293.000 6.638
3294.000 6.523
3295.000 6.681
3296.000 6.888
3297.000 6.597
3298.000 6.964
3299.000 6.794
3300.000 6.678
3301.000 6.793
3302.000 6.895
3303.000 6.904
3304.000 6.957
3305.000 6.897
3306.000 6.947
3307.000 6.868
3308.000 6.895
3309.000 7.095
3310.000 6.964
3311.000 7.044
3312.000 7.246
3313.000 7.228
3314.000 7.323
3315.000 7.233
3316.000 7.197
3317.000 7.267
3318.000 7.287
3319.000 7.559
3320.000 7.408
3321.000 7.372
3322.000 7.501
3323.000 7.541
3324.000 7.515
3325.000 7.673
3326.000 7.704
3327.000 7.661
3328.000 7.776
3329.000 7.858
3330.000 7.765
3331.000 7.821
3332.000 7.912
3333.000 7.909
3334.000 7.939
3335.000 8.106
3336.000 8.171
3337.000 8.272
3338.000 8.177
3339.000 8.328
3340.000 8.440
3341.000 8.264
3342.000 8.383
3343.000 8.558
3344.000 8.451
3345.000 8.525
3346.000 8.565
3347.000 8.803
3348.000 8.689
3349.000 8.763
3350.000 8.854
3351.000 9.075
3352.000 8.959
3353.000 9.104
3354.000 9.024
3355.000 9.109
3356.000 9.240
3357.000 9.240
3358.000 9.315
3359.000 9.344
3360.000 9.460
3361.000 9.464
3362.000 9.788
3363.000 9.692
3364.000 9.815
3365.000 9.747
3366.000 9.778
3367.000 9.152
3368.000 10.305
3369.000 10.341
3370.000 10.251
3371.000 10.158
3372.000 10.386
3373.000 10.392
3374.000 10.542
3375.000 10.680
3376.000 10.729
3377.000 10.784
3378.000 10.854
3379.000 11.014
3380.000 11.033
3381.000 11.348
3382.000 11.573
3383.000 11.526
3384.000 11.521
3385.000 11.552
3386.000 11.807
3387.000 11.674
3388.000 11.911
3389.000 12.252
3390.000 12.328
3391.000 12.318
3392.000 12.263
3393.000 12.818
3394.000 12.758
3395.000 12.963
3396.000 13.038
3397.000 13.777
3398.000 13.594
3399.000 13.790
3400.000 13.712
3401.000 14.046
3402.000 14.060
3403.000 14.273
3404.000 14.438
3405.000 14.636
3406.000 14.793
3407.000 15.251
3408.000 15.189
3409.000 15.436
3410.000 15.649
3411.000 15.853
3412.000 16.278
3413.000 16.517
3414.000 16.772
3415.000 16.811
3416.000 17.139
3417.000 17.297
3418.000 17.619
3419.000 17.865
3420.000 18.313
3421.000 18.571
3422.000 18.961
3423.000 19.169
3424.000 19.764
3425.000 20.133
3426.000 20.377
3427.000 21.101
3428.000 21.350
3429.000 21.707
3430.000 22.080
3431.000 22.678
3432.000 23.204
3433.000 23.715
3434.000 24.436
3435.000 22.611
3436.000 25.643
3437.000 28.898
3438.000 26.565
3439.000 27.285
3440.000 27.397
3441.000 28.388
3442.000 30.103
3443.000 30.101
3444.000 31.917
3445.000 33.296
3446.000 33.827
3447.000 35.247
3448.000 36.626
3449.000 38.737
3450.000 40.083
3451.000 41.687
3452.000 40.414
3453.000 45.838
3454.000 47.364
3455.000 49.976
3456.000 52.630
3457.000 52.355
3458.000 58.876
3459.000 61.730
3460.000 66.317
3461.000 71.146
3462.000 76.534
3463.000 81.848
3464.000 87.480
3465.000 94.996
3466.000 97.754
3467.000 104.656
3468.000 110.542
3469.000 114.583
3470.000 118.273
3471.000 117.352
3472.000 114.758
3473.000 109.698
3474.000 104.240
3475.000 94.198
3476.000 81.212
3477.000 75.053
3478.000 71.672
3479.000 64.959
3480.000 57.626
3481.000 51.993
3482.000 46.460
3483.000 44.123
3484.000 40.402
3485.000 38.206
3486.000 35.128
3487.000 33.348
3488.000 32.517
3489.000 32.379
3490.000 32.973
3491.000 33.131
3492.000 33.997
3493.000 35.507
3494.000 36.933
3495.000 38.465
3496.000 38.934
3497.000 39.236
3498.000 39.208
3499.000 37.164
3500.000 37.783
3501.000 35.695
3502.000 34.745
3503.000 34.094
3504.000 32.552
3505.000 31.179
3506.000 29.495
3507.000 28.548
3508.000 28.026
3509.000 26.368
3510.000 25.456
3511.000 24.580
3512.000 23.862
3513.000 22.682
3514.000 21.644
3515.000 22.201
3516.000 21.565
3517.000 20.646
3518.000 20.159
3519.000 19.704
3520.000 18.778
3521.000 18.382
3522.000 18.133
3523.000 17.467
3524.000 16.871
3525.000 16.627
3526.000 16.511
3527.000 16.227
3528.000 15.646
3529.000 14.941
3530.000 14.899
3531.000 14.649
3532.000 14.264
3533.000 14.001
3534.000 13.518
3535.000 13.197
3536.000 12.768
3537.000 12.634
3538.000 12.602
3539.000 12.207
3540.000 11.892
3541.000 11.724
3542.000 11.539
3543.000 11.309
3544.000 11.055
3545.000 10.886
3546.000 10.759
3547.000 10.380
3548.000 10.149
3549.000 9.840
3550.000 9.977
3551.000 9.745
3552.000 9.333
3553.000 9.484
3554.000 9.354
3555.000 9.094
3556.000 8.795
3557.000 8.631
3558.000 8.465
3559.000 8.218
3560.000 8.222
3561.000 7.997
3562.000 7.862
3563.000 7.714
3564.000 7.479
3565.000 7.507
3566.000 7.283
3567.000 7.102
3568.000 6.979
3569.000 6.817
3570.000 6.594
3571.000 6.427
3572.000 6.495
3573.000 6.308
3574.000 6.183
3575.000 6.211
3576.000 6.084
3577.000 5.930
3578.000 5.719
3579.000 5.576
3580.000 5.506
3581.000 5.468
3582.000 5.249
3583.000 5.043
3584.000 5.044
3585.000 4.814
3586.000 4.709
3587.000 4.502
3588.000 4.500
3589.000 4.361
3590.000 4.307
3591.000 4.003
3592.000 3.855
3593.000 3.816
3594.000 3.699
3595.000 3.537
3596.000 3.355
3597.000 3.476
3598.000 3.286
3599.000 3.227
3600.000 2.940
3601.000 3.255
3602.000 2.907
3603.000 4.323
3604.000 2.615
3605.000 2.089
3606.000 2.224
3607.000 2.000
3608.000 1.979
3609.000 1.952
3610.000 1.810
3611.000 1.593
3612.000 1.684
3613.000 1.785
3614.000 1.648
3615.000 1.853
3616.000 1.972
3617.000 2.096
3618.000 2.315
3619.000 2.094
3620.000 2.618
3621.000 3.335
3622.000 3.565
3623.000 4.234
3624.000 4.311
3625.000 4.905
3626.000 5.402
3627.000 5.986
3628.000 6.508
3629.000 7.463
3630.000 8.294
3631.000 9.169
3632.000 9.997
3633.000 11.317
3634.000 11.845
3635.000 13.006
3636.000 14.423
3637.000 15.914
3638.000 17.382
3639.000 19.051
3640.000 20.524
3641.000 21.895
3642.000 22.979
3643.000 23.746
3644.000 24.107
3645.000 24.209
3646.000 23.670
3647.000 22.938
3648.000 22.614
3649.000 21.418
3650.000 20.725
3651.000 19.468
3652.000 18.665
3653.000 17.955
3654.000 17.169
3655.000 16.425
3656.000 15.831
3657.000 15.084
3658.000 14.392
3659.000 14.185
3660.000 13.883
3661.000 13.567
3662.000 12.995
3663.000 12.607
3664.000 12.187
3665.000 11.754
3666.000 11.481
3667.000 11.241
3668.000 11.046
3669.000 10.786
3670.000 10.444
3671.000 10.316
3672.000 10.197
3673.000 10.001
3674.000 9.866
3675.000 9.631
3676.000 9.354
3677.000 9.279
3678.000 9.237
3679.000 9.039
3680.000 8.873
3681.000 8.718
3682.000 8.522
3683.000 8.440
3684.000 8.440
3685.000 8.270
3686.000 8.137
3687.000 7.976
3688.000 7.954
3689.000 7.738
3690.000 8.001
3691.000 7.913
3692.000 7.448
3693.000 7.261
3694.000 7.294
3695.000 7.251
3696.000 7.258
3697.000 7.079
3698.000 7.115
3699.000 7.103
3700.000 6.825
3701.000 6.905
3702.000 6.976
3703.000 6.651
3704.000 6.580
3705.000 6.713
3706.000 6.543
3707.000 6.381
3708.000 6.426
3709.000 6.402
3710.000 6.349
3711.000 6.188
3712.000 6.078
3713.000 6.204
3714.000 6.113
3715.000 5.982
3716.000 5.905
3717.000 6.018
3718.000 5.863
3719.000 5.800
3720.000 5.768
3721.000 5.876
3722.000 5.852
3723.000 5.597
3724.000 5.753
3725.000 5.476
3726.000 5.628
3727.000 5.695
3728.000 5.555
3729.000 5.602
3730.000 5.386
3731.000 5.201
3732.000 5.413
3733.000 5.479
3734.000 5.259
3735.000 5.281
3736.000 5.245
3737.000 5.342
3738.000 5.312
3739.000 5.242
3740.000 5.072
3741.000 5.081
3742.000 5.100
3743.000 5.026
3744.000 5.069
3745.000 4.933
3746.000 4.962
3747.000 4.945
3748.000 4.863
3749.000 4.788
3750.000 4.974
3751.000 4.802
3752.000 4.768
3753.000 4.716
3754.000 4.705
3755.000 4.677
3756.000 4.657
3757.000 4.715
3758.000 4.764
3759.000 4.558
3760.000 4.501
3761.000 4.443
3762.000 4.598
3763.000 4.455
3764.000 4.546
3765.000 4.501
3766.000 4.412
3767.000 4.423
3768.000 4.323
3769.000 4.348
3770.000 4.242
3771.000 4.402
3772.000 4.401
3773.000 4.333
3774.000 4.190
3775.000 4.232
3776.000 4.341
3777.000 4.269
3778.000 4.163
3779.000 4.379
3780.000 4.222
3782.000 4.178
3783.000 4.055
3784.000 4.250
3785.000 4.102
3787.000 4.069
3788.000 4.008
3789.000 4.064
3790.000 4.038
3791.000 3.967
3792.000 3.912
3793.000 4.010
3794.000 4.003
3795.000 3.934
3796.000 3.888
3797.000 3.999
3798.000 4.021
3799.000 3.828
3800.000 3.942
3801.000 3.872
3802.000 3.960
3803.000 3.885
3804.000 3.773
3805.000 3.641
3806.000 3.787
3807.000 3.764
3808.000 3.782
3809.000 3.660
3810.000 3.687
3812.000 3.702
3813.000 3.677
3814.000 3.666
3815.000 3.730
3817.000 3.705
3818.000 3.803
3819.000 3.694
3820.000 3.727
3821.000 3.617
3822.000 3.670
3823.000 3.480
3824.000 3.692
3825.000 3.645
3826.000 3.578
3827.000 3.518
3828.000 3.540
3829.000 3.638
3830.000 3.533
3832.000 3.574
3833.000 3.580
3834.000 3.535
3835.000 3.412
3836.000 3.364
3837.000 3.427
3838.000 3.525
3839.000 3.495
3840.000 3.472
3841.000 3.521
3843.000 3.548
3844.000 3.484
3845.000 3.381
3846.000 3.386
3847.000 3.333
3848.000 3.441
3849.000 3.459
3850.000 3.350
3851.000 3.359
3852.000 3.361
3853.000 3.309
3854.000 3.279
3855.000 3.303
3856.000 3.394
3857.000 3.361
3858.000 3.413
3859.000 3.306
3860.000 3.221
3861.000 3.296
3862.000 3.226
3863.000 3.141
3864.000 3.164
3865.000 3.183
3866.000 3.252
3867.000 3.158
3868.000 3.293
3869.000 3.080
3870.000 3.118
3871.000 3.291
3872.000 3.100
3873.000 3.074
3874.000 3.104
3875.000 3.249
3876.000 3.103
3877.000 2.989
3878.000 3.124
3879.000 3.167
3880.000 3.188
3881.000 3.087
3882.000 3.110
3883.000 3.089
3884.000 2.983
3885.000 3.053
3886.000 2.977
3887.000 3.001
3888.000 3.124
3889.000 3.036
3890.000 2.966
3891.000 3.000
3892.000 2.956
3893.000 3.081
3894.000 3.104
3895.000 2.924
3896.000 2.859
3897.000 3.032
3898.000 2.805
3899.000 2.939
3900.000 2.845
3901.000 2.832
3902.000 2.767
3903.000 2.861
3904.000 2.909
3905.000 2.938
3906.000 2.797
3907.000 2.820
3908.000 2.872
3909.000 2.866
3910.000 2.771
3911.000 2.770
3912.000 2.825
3913.000 2.698
3914.000 2.723
3915.000 2.732
3916.000 2.805
3917.000 2.784
3918.000 2.722
3919.000 2.633
3920.000 2.574
3921.000 2.620
3922.000 2.384
3923.000 2.584
3924.000 2.682
3925.000 2.776
3926.000 2.674
3927.000 2.705
3928.000 2.762
3929.000 2.540
3930.000 2.567
3931.000 2.604
3932.000 2.566
3933.000 2.637
3934.000 2.553
3935.000 2.577
3936.000 2.758
3937.000 2.603
3938.000 2.591
3939.000 2.460
3940.000 2.662
3941.000 2.412
3942.000 2.625
3943.000 2.512
3944.000 2.349
3945.000 2.699
3946.000 2.476
3947.000 2.615
3948.000 2.595
3949.000 2.388
3950.000 2.458
3951.000 2.533
3952.000 2.438
3953.000 2.323
3954.000 2.463
3955.000 2.356
3956.000 2.427
3957.000 2.539
3958.000 2.523
3959.000 2.414
3960.000 2.518
3961.000 2.472
3962.000 2.363
3963.000 2.415
3964.000 2.347
3965.000 2.465
3966.000 2.356
3967.000 2.510
3968.000 2.273
3969.000 2.473
3970.000 2.593
3971.000 2.313
3972.000 2.429
3973.000 2.404
3974.000 2.497
3975.000 2.365
3976.000 2.548
3977.000 2.440
3978.000 2.326
3979.000 2.547
3980.000 2.448
3981.000 2.392
3982.000 2.458
3983.000 2.309
3984.000 2.436
3985.000 2.502
3986.000 2.432
3987.000 2.627
3988.000 2.442
3989.000 2.403
3990.000 2.528
3991.000 2.347
3992.000 2.329
3993.000 2.481
3994.000 2.365
3995.000 2.535
3996.000 2.293
3997.000 2.398
3998.000 2.259
3999.000 2.463
4000.000 2.391
4001.000 2.296
4002.000 2.344
4003.000 2.397
4004.000 2.412
4005.000 2.241
4006.000 2.248
4007.000 2.365
4008.000 2.223
4009.000 2.295
4010.000 2.273
4011.000 2.268
4012.000 2.262
4013.000 2.309
4014.000 2.340
4015.000 2.526
4016.000 2.427
4017.000 2.428
4018.000 2.235
4019.000 2.311
4020.000 2.393
4021.000 2.289
4022.000 2.329
4023.000 2.145
4024.000 2.344
4025.000 2.440
4026.000 2.447
4027.000 2.331
4028.000 2.411
4029.000 2.148
4030.000 2.355
4031.000 2.235
4032.000 2.185
4033.000 2.308
4034.000 2.249
4035.000 2.244
4036.000 2.133
4037.000 2.308
4038.000 2.298
4039.000 2.277
4040.000 2.228
4041.000 2.223
4042.000 2.294
4043.000 2.275
4044.000 2.348
4045.000 2.406
4046.000 2.300
4047.000 2.401
4048.000 2.326
4049.000 2.255
4050.000 2.333
4051.000 2.339
4052.000 2.222
4053.000 2.190
4054.000 2.206
4055.000 2.310
4056.000 2.249
4057.000 2.367
4058.000 2.152
4059.000 2.365
4060.000 2.270
4061.000 2.177
4062.000 2.433
4063.000 2.145
4064.000 2.225
4065.000 2.139
4066.000 2.190
4067.000 2.178
4068.000 2.410
4069.000 2.202
4070.000 2.238
4071.000 2.234
4072.000 2.191
4073.000 2.159
4074.000 2.123
4075.000 2.411
4076.000 2.171
4077.000 2.263
4078.000 2.206
4079.000 2.404
4080.000 2.225
4081.000 2.281
4082.000 2.255
4083.000 2.310
4084.000 2.312
4085.000 2.349
4086.000 2.222
4087.000 2.252
4088.000 2.216
4089.000 2.236
4090.000 2.276
4091.000 2.205
4092.000 2.111
4093.000 2.374
4094.000 2.291
4095.000 2.336
4096.000 2.349
4097.000 2.218
4098.000 2.153
4099.000 2.177
4100.000 2.171
4101.000 2.284
4102.000 2.111
4103.000 2.336
4104.000 2.326
4105.000 2.208
4106.000 2.341
4107.000 2.224
4108.000 2.257
4109.000 2.246
4110.000 2.137
4111.000 2.375
4112.000 2.056
4113.000 2.210
4114.000 2.254
4115.000 2.203
4116.000 2.381
4117.000 2.080
4118.000 2.214
4119.000 2.137
4120.000 2.249
4121.000 2.276
4122.000 2.232
4123.000 2.470
4124.000 2.280
4125.000 2.269
4126.000 2.265
4127.000 2.219
4128.000 2.200
4129.000 2.197
4130.000 2.304
4131.000 2.252
4132.000 2.295
4133.000 2.146
4134.000 2.231
4135.000 2.328
4136.000 2.247
4137.000 2.272
4138.000 2.227
4139.000 2.123
4140.000 2.187
4141.000 2.254
4142.000 2.261
4143.000 2.368
4144.000 2.240
4145.000 2.181
4146.000 2.295
4147.000 2.228
4148.000 2.170
4149.000 2.368
4150.000 2.211
4151.000 2.268
4152.000 2.175
4153.000 2.164
4154.000 2.221
4155.000 2.213
4156.000 2.263
4157.000 2.107
4158.000 2.153
4159.000 2.254
4160.000 2.114
4161.000 2.225
4162.000 2.188
4163.000 2.346
4164.000 2.156
4165.000 2.216
4166.000 2.145
4167.000 2.432
4168.000 2.218
4169.000 2.301
4170.000 2.227
4171.000 2.157
4172.000 2.204
4173.000 2.201
4174.000 2.299
4175.000 2.310
4176.000 2.237
4177.000 2.207
4178.000 2.263
4179.000 2.277
4180.000 2.246
4181.000 2.283
4182.000 2.160
4183.000 2.299
4184.000 2.168
4185.000 2.266
4186.000 2.252
4187.000 2.233
4188.000 2.215
4189.000 2.198
4190.000 2.337
4191.000 2.240
4192.000 2.334
4193.000 2.286
4194.000 2.273
4195.000 2.314
4196.000 2.239
4197.000 2.404
4198.000 2.225
4199.000 2.349
4200.000 2.247
4201.000 2.292
4202.000 2.237
4203.000 2.058
4204.000 2.250
4205.000 2.338
4206.000 2.227
4207.000 2.201
4208.000 2.264
4209.000 2.256
4210.000 2.291
4211.000 2.209
4212.000 2.305
4213.000 2.324
4214.000 2.210
4215.000 2.334
4216.000 2.335
4217.000 2.150
4218.000 2.194
4219.000 2.225
4220.000 2.196
4221.000 2.307
4222.000 2.358
4223.000 2.320
4224.000 2.140
4225.000 2.402
4226.000 2.416
4227.000 2.337
4228.000 2.290
4229.000 2.323
4230.000 2.233
4231.000 2.287
4232.000 2.294
4233.000 2.265
4234.000 2.354
4235.000 2.386
4236.000 2.315
4237.000 2.299
4238.000 2.450
4239.000 2.304
4240.000 2.359
4241.000 2.219
4242.000 2.255
4243.000 2.274
4244.000 2.339
4245.000 2.233
4246.000 2.405
4247.000 2.338
4248.000 2.077
4249.000 2.253
4250.000 2.253
4251.000 2.300
4252.000 2.288
4253.000 2.314
4254.000 2.207
4255.000 2.276
4256.000 2.366
4257.000 2.447
4258.000 2.319
4259.000 2.269
4260.000 2.321
4261.000 2.283
4262.000 2.404
4263.000 2.403
4264.000 2.325
4265.000 2.445
4266.000 2.328
4267.000 2.439
4268.000 2.396
4269.000 2.280
4270.000 2.390
4271.000 2.279
4272.000 2.363
4274.000 2.293
4276.000 2.306
4277.000 2.393
4278.000 2.397
4279.000 2.382
4280.000 2.403
4281.000 2.442
4282.000 2.387
4283.000 2.215
4284.000 2.485
4285.000 2.434
4286.000 2.445
4287.000 2.342
4288.000 2.443
4289.000 2.434
4290.000 2.453
4291.000 2.365
4292.000 2.361
4293.000 2.606
4294.000 2.433
4295.000 2.305
4296.000 2.405
4297.000 2.462
4298.000 2.463
4299.000 2.356
4300.000 2.537
4301.000 2.355
4302.000 2.360
4303.000 2.544
4304.000 2.593
4306.000 2.448
4307.000 2.483
4308.000 2.362
4309.000 2.465
4310.000 2.507
4311.000 2.423
4312.000 2.378
4313.000 2.525
4314.000 2.578
4316.000 2.440
4317.000 2.551
4318.000 2.372
4319.000 2.478
4320.000 2.489
4321.000 2.409
4322.000 2.601
4323.000 2.559
4324.000 2.618
4325.000 2.492
4326.000 2.501
4327.000 2.595
4328.000 2.635
4329.000 2.363
4330.000 2.691
4331.000 2.455
4332.000 2.487
4333.000 2.596
4335.000 2.597
4337.000 2.650
4338.000 2.588
4339.000 2.534
4340.000 2.590
4341.000 2.511
4342.000 2.568
4343.000 2.590
4344.000 2.608
4345.000 2.570
4346.000 2.708
4347.000 2.665
4348.000 2.686
4349.000 2.683
4350.000 2.711
4351.000 2.785
4352.000 2.586
4353.000 2.695
4354.000 2.639
4355.000 2.686
4356.000 2.758
4357.000 2.607
4358.000 2.630
4359.000 2.680
4360.000 2.510
4361.000 2.755
4362.000 2.549
4363.000 2.688
4364.000 2.672
4365.000 2.548
4366.000 1.991
4367.000 2.716
4368.000 2.668
4369.000 2.671
4370.000 2.747
4371.000 2.596
4372.000 2.742
4373.000 2.701
4374.000 2.651
4375.000 2.697
4376.000 2.786
4377.000 2.747
4378.000 2.756
4379.000 2.737
4380.000 2.812
4381.000 2.799
4382.000 2.891
4383.000 2.777
4384.000 2.726
4385.000 2.941
4386.000 2.778
4387.000 2.695
4388.000 2.823
4389.000 2.741
4390.000 2.842
4391.000 2.735
4393.000 2.859
4394.000 2.794
4395.000 2.907
4396.000 2.828
4397.000 2.875
4398.000 2.860
4399.000 2.804
4400.000 2.908
4401.000 2.804
4402.000 3.007
4403.000 2.840
4404.000 2.977
4405.000 2.968
4406.000 3.023
4407.000 2.922
4408.000 2.829
4409.000 3.048
4410.000 2.859
4411.000 2.934
4412.000 3.050
4413.000 2.939
4415.000 3.141
4416.000 3.062
4417.000 2.917
4418.000 3.070
4419.000 2.907
4420.000 3.057
4422.000 3.018
4423.000 3.057
4424.000 3.111
4425.000 3.099
4426.000 3.113
4427.000 3.098
4428.000 3.076
4429.000 3.108
4430.000 3.249
4431.000 3.209
4432.000 3.103
4433.000 3.176
4434.000 3.051
4435.000 3.304
4436.000 3.086
4437.000 3.247
4438.000 3.192
4439.000 3.343
4440.000 3.284
4441.000 3.328
4442.000 3.156
4443.000 3.261
4444.000 3.502
4445.000 3.347
4446.000 3.301
4447.000 3.406
4448.000 3.337
4449.000 3.356
4450.000 3.299
4451.000 3.391
4452.000 3.451
4453.000 3.362
4454.000 3.399
4455.000 3.443
4456.000 3.454
4457.000 3.492
4458.000 3.379
4459.000 3.453
4460.000 3.405
4461.000 3.369
4462.000 3.525
4463.000 3.492
4464.000 3.579
4465.000 3.515
4466.000 3.607
4467.000 3.578
4468.000 3.521
4469.000 3.519
4470.000 3.572
4471.000 3.661
4472.000 3.611
4473.000 3.672
4474.000 3.769
4475.000 3.591
4476.000 3.720
4477.000 1.302
4478.000 3.475
4479.000 3.573
4480.000 3.536
4481.000 3.790
4482.000 3.656
4483.000 3.612
4485.000 3.803
4486.000 3.743
4487.000 4.053
4488.000 3.843
4489.000 3.722
4490.000 4.047
4491.000 3.859
4492.000 3.952
4493.000 3.798
4494.000 4.030
4495.000 4.029
4496.000 3.893
4497.000 3.984
4498.000 3.926
4499.000 3.990
4501.000 4.118
4502.000 4.036
4503.000 4.052
4504.000 4.088
4505.000 4.122
4506.000 4.073
4507.000 4.150
4508.000 4.255
4509.000 4.228
4510.000 4.232
4511.000 4.271
4512.000 4.330
4513.000 4.237
4514.000 4.303
4515.000 3.754
4517.000 4.445
4518.000 4.428
4519.000 4.452
4520.000 4.410
4522.000 4.513
4523.000 4.567
4524.000 4.542
4525.000 4.516
4526.000 4.605
4528.000 4.643
4529.000 4.807
4530.000 4.810
4532.000 4.771
4533.000 4.803
4534.000 4.790
4536.000 4.895
4537.000 4.864
4539.000 4.929
4540.000 4.987
4541.000 5.045
4542.000 4.968
4543.000 5.036
4544.000 5.134
4545.000 5.035
4546.000 5.100
4547.000 5.269
4548.000 5.116
4549.000 5.128
4550.000 5.161
4551.000 5.298
4552.000 5.316
4553.000 5.326
4554.000 5.372
4555.000 5.324
4556.000 5.489
4557.000 5.459
4558.000 5.433
4559.000 5.503
4560.000 5.397
4561.000 5.506
4562.000 5.699
4563.000 5.582
4564.000 5.584
4565.000 5.766
4566.000 5.808
4567.000 5.843
4568.000 5.889
4569.000 5.895
4570.000 5.917
4571.000 5.926
4572.000 6.080
4573.000 6.182
4574.000 6.109
4575.000 6.115
4576.000 6.200
4577.000 6.226
4578.000 6.393
4579.000 6.175
4580.000 6.396
4581.000 6.352
4582.000 6.459
4583.000 6.446
4584.000 6.467
4585.000 6.545
4586.000 6.587
4587.000 6.717
4588.000 6.811
4589.000 6.655
4590.000 6.966
4591.000 6.823
4592.000 6.975
4593.000 6.949
4594.000 6.930
4595.000 7.193
4596.000 7.137
4597.000 7.283
4598.000 7.277
4599.000 7.397
4600.000 7.418
4601.000 7.580
4602.000 7.554
4603.000 7.642
4604.000 7.528
4605.000 7.808
4606.000 7.852
4607.000 7.670
4608.000 7.957
4609.000 8.069
4610.000 8.130
4611.000 8.111
4612.000 8.311
4613.000 8.405
4614.000 8.340
4615.000 8.379
4616.000 8.480
4617.000 8.568
4618.000 8.721
4619.000 8.716
4620.000 8.802
4621.000 8.934
4622.000 8.982
4623.000 9.113
4624.000 9.208
4625.000 9.318
4626.000 9.463
4627.000 9.535
4628.000 9.749
4629.000 9.825
4630.000 9.907
4631.000 10.044
4632.000 10.044
4633.000 10.108
4634.000 10.218
4635.000 10.404
4636.000 10.497
4637.000 10.543
4638.000 10.854
4639.000 10.634
4640.000 10.937
4641.000 10.972
4642.000 11.112
4643.000 11.169
4644.000 11.456
4645.000 11.663
4646.000 11.666
4647.000 11.729
4648.000 12.021
4649.000 12.106
4650.000 12.355
4651.000 12.453
4652.000 12.813
4653.000 12.795
4654.000 13.076
4655.000 13.129
4656.000 13.355
4657.000 13.620
4658.000 13.763
4659.000 13.900
4660.000 14.191
4661.000 14.386
4662.000 14.460
4663.000 14.774
4664.000 14.986
4665.000 15.180
4666.000 15.477
4667.000 15.710
4668.000 16.008
4669.000 16.175
4670.000 16.518
4671.000 16.816
4672.000 17.089
4673.000 17.550
4674.000 17.823
4675.000 17.918
4676.000 18.131
4677.000 18.554
4678.000 18.891
4679.000 19.090
4680.000 19.346
4681.000 19.921
4682.000 20.017
4683.000 20.223
4684.000 20.525
4685.000 20.780
4686.000 20.940
4687.000 21.222
4688.000 21.637
4689.000 21.799
4690.000 22.288
4691.000 22.912
4692.000 23.222
4693.000 23.704
4694.000 24.480
4695.000 25.272
4696.000 25.727
4697.000 26.579
4698.000 27.338
4699.000 28.044
4700.000 28.462
4701.000 29.174
4702.000 30.242
4703.000 31.175
4704.000 32.015
4705.000 33.081
4706.000 34.284
4707.000 35.321
4708.000 36.589
4709.000 37.810
4710.000 39.276
4711.000 40.789
4712.000 42.436
4713.000 43.188
4714.000 45.082
4715.000 46.927
4716.000 48.953
4717.000 51.136
4718.000 53.495
4719.000 55.938
4720.000 58.536
4721.000 61.542
4722.000 64.894
4723.000 68.230
4724.000 69.847
4725.000 73.644
4726.000 77.990
4727.000 82.361
4728.000 87.181
4729.000 92.213
4730.000 97.969
4731.000 103.227
4732.000 109.084
4733.000 114.873
4734.000 120.446
4735.000 123.862
4736.000 126.623
4737.000 126.559
4738.000 127.868
4739.000 127.029
4740.000 125.988
4741.000 122.939
4742.000 118.398
4743.000 112.802
4744.000 106.717
4745.000 100.563
4746.000 94.658
4747.000 89.399
4748.000 84.339
4749.000 81.881
4750.000 77.660
4751.000 73.554
4752.000 70.054
4753.000 66.880
4754.000 63.859
4755.000 61.019
4756.000 58.350
4757.000 56.152
4758.000 54.058
4759.000 51.961
4760.000 50.278
4761.000 48.711
4762.000 47.783
4763.000 46.330
4764.000 44.866
4765.000 43.792
4766.000 42.707
4767.000 41.525
4768.000 40.800
4769.000 40.021
4770.000 39.296
4771.000 38.622
4772.000 38.254
4773.000 37.997
4774.000 37.634
4775.000 37.486
4776.000 37.360
4777.000 37.581
4778.000 37.815
4779.000 38.058
4780.000 38.251
4781.000 38.271
4782.000 37.627
4783.000 35.256
4784.000 30.485
4785.000 26.958
4786.000 18.012
4787.000 9.562
4788.000 8.913
4789.000 11.313
4790.000 12.004
4791.000 12.787
4792.000 13.415
4793.000 13.692
4794.000 14.052
4795.000 14.160
4796.000 14.394
4797.000 14.262
4798.000 14.325
4799.000 14.354
4800.000 14.288
4801.000 14.261
4802.000 13.996
4803.000 14.076
4804.000 13.843
4806.000 13.581
4808.000 13.623
4810.000 13.156
4811.000 12.894
4812.000 12.829
4814.000 12.825
4815.000 12.467
4816.000 12.467
4817.000 12.274
4818.000 12.314
4819.000 12.014
4820.000 11.784
4821.000 11.786
4822.000 11.695
4823.000 11.489
4824.000 11.489
4825.000 11.453
4826.000 11.120
4827.000 11.089
4828.000 10.999
4829.000 10.878
4830.000 10.768
4831.000 10.592
4832.000 10.440
4833.000 10.520
4834.000 10.269
4835.000 10.276
4836.000 10.159
4837.000 10.036
4838.000 9.880
4839.000 9.787
4840.000 9.724
4842.000 9.459
4843.000 9.268
4844.000 9.269
4845.000 9.158
4846.000 9.027
4847.000 8.966
4848.000 8.949
4849.000 8.908
4850.000 8.592
4851.000 8.690
4852.000 8.398
4853.000 8.360
4854.000 8.336
4855.000 8.295
4856.000 8.257
4857.000 8.136
4858.000 8.072
4859.000 7.852
4860.000 7.787
4861.000 7.601
4862.000 7.663
4863.000 7.641
4864.000 7.537
4865.000 7.466
4866.000 7.279
4867.000 7.267
4868.000 7.244
4869.000 6.930
4870.000 6.920
4871.000 6.861
4872.000 6.818
4873.000 6.676
4874.000 6.566
4875.000 6.445
4876.000 6.398
4877.000 6.233
4878.000 6.302
4879.000 6.137
4880.000 5.913
4881.000 6.029
4882.000 5.861
4883.000 5.857
4884.000 5.706
4885.000 5.566
4886.000 5.513
4887.000 5.476
4888.000 5.228
4889.000 5.143
4890.000 5.277
4891.000 5.031
4892.000 5.047
4893.000 4.983
4894.000 4.770
4895.000 4.764
4896.000 4.682
4897.000 4.346
4898.000 4.337
4899.000 4.226
4900.000 4.158
4901.000 4.049
4902.000 3.934
4904.000 3.858
4905.000 3.729
4906.000 3.811
4907.000 3.701
4909.000 3.863
4910.000 3.960
4912.000 4.180
4913.000 4.614
4914.000 4.557
4915.000 5.134
4916.000 5.428
4917.000 6.000
4918.000 6.588
4919.000 7.255
4920.000 7.829
4922.000 8.920
4923.000 9.513
4924.000 9.982
4925.000 10.577
4926.000 11.023
4927.000 11.192
4928.000 11.516
4929.000 11.482
4930.000 11.625
4931.000 11.544
4932.000 11.416
4933.000 11.091
4935.000 10.751
4936.000 10.815
4937.000 10.604
4938.000 10.330
4939.000 10.201
4940.000 10.065
4941.000 9.860
4942.000 9.611
4943.000 9.409
4944.000 9.364
4945.000 9.168
4946.000 8.838
4947.000 8.836
4948.000 8.705
4949.000 8.565
4950.000 8.341
4951.000 8.335
4952.000 8.189
4953.000 8.126
4954.000 8.206
4955.000 7.936
4956.000 7.728
4957.000 7.681
4958.000 7.619
4959.000 7.664
4960.000 7.367
4961.000 7.506
4962.000 7.510
4963.000 7.283
4964.000 7.293
4965.000 7.216
4966.000 7.159
4967.000 6.902
4968.000 6.993
4969.000 6.869
4970.000 6.856
4971.000 6.771
4972.000 6.739
4973.000 6.681
4974.000 6.703
4975.000 6.534
4976.000 6.576
4977.000 6.445
4978.000 6.308
4979.000 6.425
4980.000 6.386
4981.000 6.490
4982.000 6.187
4983.000 6.074
4984.000 6.116
4985.000 6.359
4986.000 6.174
4987.000 6.112
4988.000 5.907
4989.000 6.012
4990.000 5.990
4991.000 5.826
4992.000 5.797
4993.000 5.831
4994.000 5.893
4995.000 5.728
4996.000 5.673
4997.000 5.707
4998.000 5.555
4999.000 5.766
5000.000 5.579
5001.000 5.557
5002.000 5.457
5003.000 5.469
5004.000 5.485
5005.000 5.418
5006.000 5.321
5007.000 5.315
5008.000 5.326
5009.000 5.296
5010.000 5.348
5011.000 5.338
5012.000 5.322
5013.000 5.262
5014.000 5.111
5015.000 5.162
5016.000 5.029
5017.000 5.201
5018.000 5.118
5019.000 5.067
5020.000 5.022
5021.000 5.130
5022.000 5.022
5023.000 5.053
5024.000 4.915
5025.000 4.895
5026.000 4.855
5027.000 5.041
5028.000 4.852
5029.000 4.743
5030.000 4.642
5031.000 4.782
5032.000 4.787
5033.000 4.893
5034.000 4.704
5035.000 4.879
5036.000 4.850
5037.000 4.631
5039.000 4.604
5041.000 4.602
5042.000 4.601
5043.000 4.678
5045.000 4.596
5046.000 4.582
5047.000 4.519
5048.000 4.466
5049.000 4.365
5050.000 4.512
5051.000 4.299
5052.000 4.462
5053.000 4.368
5054.000 4.350
5055.000 4.337
5056.000 4.319
5057.000 4.273
5058.000 4.397
5059.000 4.283
5060.000 4.189
5061.000 4.125
5062.000 4.329
5063.000 4.282
5064.000 4.309
5065.000 4.264
5066.000 4.278
5067.000 4.171
5068.000 4.210
5069.000 4.098
5070.000 4.127
5071.000 4.247
5072.000 4.234
5073.000 4.055
5074.000 4.073
5075.000 4.208
5076.000 4.094
5077.000 4.030
5078.000 4.023
5080.000 4.007
5081.000 4.023
5082.000 3.995
5083.000 4.055
5084.000 3.919
5085.000 4.111
5086.000 4.019
5087.000 3.994
5088.000 3.943
5089.000 3.909
5090.000 3.951
5091.000 3.983
5092.000 3.899
5093.000 3.836
5094.000 3.896
5095.000 3.896
5096.000 3.902
5097.000 3.784
5099.000 3.651
5100.000 3.824
5101.000 3.858
5102.000 3.750
5103.000 3.825
5104.000 3.826
5105.000 3.634
5106.000 3.857
5107.000 3.678
5108.000 3.690
5109.000 3.893
5110.000 3.675
5111.000 3.706
5112.000 3.477
5113.000 3.680
5114.000 3.780
5115.000 3.739
5116.000 3.691
5117.000 3.702
5118.000 3.688
5119.000 3.757
5120.000 3.771
5121.000 3.692
5122.000 3.596
5123.000 3.752
5124.000 3.613
5125.000 3.590
5126.000 3.647
5127.000 3.574
5128.000 3.626
5129.000 3.660
5130.000 3.579
5131.000 3.500
5132.000 3.617
5133.000 3.506
5134.000 3.585
5135.000 3.378
5136.000 3.537
5137.000 3.339
5138.000 3.459
5139.000 3.543
5140.000 3.474
5141.000 3.511
5142.000 3.454
5143.000 3.401
5144.000 3.394
5145.000 3.400
5146.000 3.405
5147.000 3.368
5148.000 3.445
5149.000 3.425
5150.000 3.332
5151.000 3.450
5152.000 3.304
5153.000 3.377
5154.000 3.343
5155.000 3.328
5156.000 3.322
5157.000 3.312
5158.000 3.298
5159.000 3.447
5160.000 3.316
5161.000 3.247
5162.000 3.390
5163.000 3.427
5164.000 3.243
5165.000 3.400
5166.000 3.436
5167.000 3.272
5168.000 3.420
5169.000 3.326
5170.000 3.338
5171.000 3.243
5172.000 3.153
5173.000 3.240
5174.000 3.248
5175.000 3.280
5176.000 3.172
5177.000 3.124
5178.000 3.282
5179.000 3.191
5180.000 3.209
5181.000 3.248
5182.000 3.154
5183.000 3.161
5184.000 3.287
5185.000 3.161
5186.000 3.211
5187.000 3.232
5188.000 3.201
5189.000 3.240
5190.000 3.040
5191.000 3.248
5192.000 3.152
5193.000 3.132
5194.000 3.140
5195.000 3.166
5196.000 3.107
5197.000 3.208
5198.000 3.148
5199.000 3.218
5200.000 3.183
5201.000 3.161
5202.000 3.226
5203.000 3.116
5204.000 3.047
5205.000 3.147
5206.000 2.967
5207.000 3.131
5208.000 3.079
5209.000 3.088
5210.000 3.094
5211.000 3.163
5212.000 3.070
5213.000 3.088
5214.000 3.061
5215.000 3.154
5216.000 2.905
5217.000 3.152
5218.000 3.069
5219.000 2.977
5220.000 3.067
5221.000 3.038
5222.000 3.034
5223.000 3.093
5224.000 3.040
5225.000 3.087
5226.000 3.145
5227.000 3.048
5228.000 3.024
5229.000 3.086
5230.000 2.974
5231.000 2.943
5232.000 3.000
5233.000 2.982
5234.000 3.012
5235.000 3.046
5236.000 3.101
5237.000 2.951
5238.000 2.860
5239.000 2.863
5240.000 2.865
5241.000 2.797
5242.000 2.971
5243.000 2.991
5244.000 2.917
5245.000 2.948
5246.000 2.994
5247.000 2.881
5248.000 2.934
5249.000 2.928
5250.000 2.923
5251.000 2.965
5252.000 2.856
5253.000 2.770
5254.000 2.870
5255.000 2.929
5256.000 2.905
5257.000 2.765
5258.000 2.805
5259.000 2.867
5260.000 2.915
5261.000 2.755
5262.000 2.850
5263.000 2.673
5264.000 2.939
5265.000 2.758
5266.000 2.784
5267.000 2.795
5268.000 2.956
5269.000 2.724
5270.000 2.690
5271.000 2.889
5272.000 2.734
5273.000 2.875
5274.000 2.888
5275.000 2.753
5276.000 2.862
5277.000 2.756
5278.000 2.608
5279.000 2.579
5280.000 2.845
5281.000 2.885
5282.000 2.901
5283.000 2.895
5284.000 2.855
5285.000 2.831
5286.000 2.820
5287.000 2.758
5288.000 2.833
5289.000 2.759
5290.000 2.743
5291.000 2.755
5292.000 2.703
5293.000 2.759
5294.000 2.683
5295.000 2.880
5296.000 2.753
5297.000 2.717
5298.000 2.889
5299.000 2.873
5300.000 2.829
5301.000 2.848
5302.000 2.776
5303.000 2.796
5304.000 2.701
5305.000 2.779
5306.000 2.727
5307.000 2.713
5308.000 2.837
5309.000 2.769
5310.000 2.809
5311.000 2.704
5312.000 2.868
5313.000 2.798
5314.000 2.895
5315.000 2.791
5316.000 2.761
5317.000 2.760
5318.000 2.726
5319.000 2.695
5320.000 2.741
5321.000 2.758
5322.000 2.780
5323.000 2.796
5324.000 2.787
5325.000 2.756
5326.000 2.870
5327.000 2.796
5328.000 2.697
5329.000 2.758
5330.000 2.843
5331.000 2.755
5332.000 2.843
5333.000 2.744
5334.000 2.798
5335.000 2.834
5336.000 2.766
5337.000 2.773
5338.000 2.748
5339.000 2.731
5340.000 2.719
5341.000 2.734
5342.000 2.705
5343.000 2.823
5344.000 2.738
5345.000 2.684
5346.000 2.690
5347.000 2.764
5348.000 2.716
5349.000 2.785
5350.000 2.749
5351.000 2.706
5352.000 2.726
5353.000 2.765
5354.000 2.813
5355.000 2.873
5356.000 2.661
5357.000 2.791
5358.000 2.726
5359.000 2.818
5360.000 2.618
5361.000 2.732
5362.000 2.824
5363.000 2.760
5364.000 2.619
5365.000 2.637
5366.000 2.656
5367.000 2.730
5368.000 2.798
5369.000 2.690
5370.000 2.670
5371.000 2.715
5372.000 2.684
5373.000 2.703
5374.000 2.776
5375.000 2.832
5376.000 2.566
5377.000 2.810
5378.000 2.733
5379.000 2.768
5380.000 2.651
5381.000 2.662
5382.000 2.539
5383.000 2.816
5384.000 2.684
5385.000 2.519
5386.000 2.653
5387.000 2.729
5388.000 2.672
5389.000 2.813
5390.000 2.733
5391.000 2.778
5392.000 2.722
5393.000 2.728
5394.000 2.645
5395.000 2.618
5396.000 2.719
5397.000 2.636
5398.000 2.711
5399.000 2.670
5400.000 2.640
5401.000 2.667
5402.000 2.722
5403.000 2.735
5404.000 2.806
5405.000 2.784
5406.000 2.709
5407.000 2.674
5408.000 2.785
5409.000 2.695
5410.000 2.589
5411.000 2.687
5412.000 2.674
5413.000 2.678
5414.000 2.644
5415.000 2.744
5416.000 2.657
5417.000 2.725
5418.000 2.829
5419.000 2.752
5420.000 2.705
5421.000 2.713
5422.000 2.688
5423.000 2.787
5424.000 2.719
5425.000 2.648
5426.000 2.764
5427.000 2.744
5428.000 2.760
5429.000 2.691
5430.000 2.658
5431.000 2.692
5432.000 2.809
5433.000 2.684
5434.000 2.628
5435.000 2.701
5436.000 2.665
5437.000 2.618
5438.000 2.621
5439.000 2.622
5440.000 2.726
5441.000 2.738
5442.000 2.761
5443.000 2.792
5444.000 2.766
5445.000 2.689
5446.000 2.724
5447.000 2.550
5448.000 2.641
5449.000 2.657
5450.000 2.693
5451.000 2.695
5452.000 2.624
5453.000 2.727
5454.000 2.797
5455.000 2.719
5456.000 2.759
5457.000 2.696
5458.000 2.676
5459.000 2.769
5460.000 2.773
5461.000 2.583
5462.000 2.893
5463.000 2.745
5464.000 2.615
5465.000 2.834
5466.000 2.693
5467.000 2.763
5468.000 2.671
5469.000 2.771
5470.000 2.783
5471.000 2.821
5472.000 2.613
5473.000 2.715
5474.000 2.828
5475.000 2.724
5476.000 2.784
5477.000 2.659
5478.000 2.731
5479.000 2.917
5480.000 2.894
5481.000 2.692
5482.000 2.658
5483.000 2.693
5484.000 2.665
5485.000 2.760
5486.000 2.825
5487.000 2.559
5488.000 2.742
5489.000 2.869
5490.000 2.873
5491.000 2.737
5492.000 2.847
5493.000 2.855
5494.000 2.875
5495.000 2.688
5496.000 2.786
5497.000 2.939
5498.000 2.706
5499.000 2.807
5500.000 2.795
5501.000 2.764
5502.000 2.786
5503.000 2.701
5504.000 2.752
5505.000 2.819
5506.000 2.774
5507.000 2.830
5508.000 2.786
5509.000 2.944
5510.000 2.714
5511.000 2.859
5512.000 2.760
5513.000 2.741
5514.000 2.831
5515.000 2.902
5516.000 2.857
5517.000 2.813
5518.000 2.806
5519.000 2.891
5520.000 2.796
5521.000 2.926
5522.000 2.837
5523.000 2.774
5524.000 2.922
5525.000 2.989
5526.000 2.928
5527.000 2.912
5528.000 2.713
5529.000 2.855
5530.000 2.823
5531.000 2.899
5532.000 2.963
5533.000 2.995
5534.000 2.922
5535.000 2.976
5536.000 2.974
5537.000 2.968
5538.000 2.917
5539.000 2.812
5540.000 3.051
5541.000 2.904
5542.000 2.946
5543.000 2.857
5544.000 2.936
5545.000 2.898
5546.000 3.110
5547.000 3.125
5548.000 2.996
5549.000 2.898
5550.000 2.990
5551.000 2.873
5552.000 2.973
5553.000 2.975
5554.000 3.056
5555.000 2.975
5556.000 3.001
5557.000 3.088
5558.000 2.996
5559.000 2.947
5560.000 3.048
5561.000 3.120
5562.000 2.976
5563.000 3.139
5564.000 2.925
5565.000 2.980
5566.000 3.147
5567.000 3.022
5568.000 3.049
5569.000 3.078
5570.000 3.067
5571.000 3.043
5572.000 3.083
5573.000 3.115
5574.000 3.078
5575.000 2.978
5576.000 3.038
5577.000 3.141
5578.000 3.041
5579.000 3.151
5580.000 3.086
5581.000 3.011
5582.000 3.272
5583.000 3.098
5584.000 3.179
5585.000 3.212
5586.000 3.167
5587.000 3.214
5588.000 3.124
5589.000 3.203
5590.000 3.188
5591.000 3.154
5592.000 3.276
5593.000 3.342
5594.000 3.207
5595.000 3.230
5596.000 3.162
5597.000 3.319
5598.000 3.205
5599.000 3.261
5600.000 3.340
5601.000 3.350
5602.000 3.167
5603.000 3.274
5604.000 3.212
5605.000 3.359
5606.000 3.359
5607.000 3.254
5608.000 3.352
5609.000 3.260
5610.000 3.340
5611.000 3.370
5612.000 3.334
5613.000 3.400
5614.000 3.369
5615.000 3.392
5616.000 3.389
5617.000 3.525
5618.000 3.369
5619.000 3.476
5620.000 3.279
5621.000 3.388
5622.000 3.434
5623.000 3.354
5624.000 3.453
5625.000 3.507
5626.000 3.495
5627.000 3.494
5628.000 3.426
5629.000 3.588
5630.000 3.485
5631.000 3.525
5632.000 3.507
5633.000 3.469
5634.000 3.423
5635.000 3.525
5636.000 3.542
5637.000 3.530
5638.000 3.587
5639.000 3.527
5640.000 3.565
5641.000 3.778
5642.000 3.678
5643.000 3.624
5644.000 3.622
5645.000 3.651
5646.000 3.796
5647.000 3.731
5648.000 3.711
5649.000 3.576
5650.000 3.628
5651.000 3.755
5652.000 3.716
5653.000 3.851
5654.000 3.577
5655.000 3.753
5656.000 3.816
5657.000 3.770
5658.000 3.708
5659.000 3.806
5660.000 3.910
5661.000 3.868
5662.000 3.895
5663.000 3.836
5664.000 3.977
5665.000 3.972
5666.000 4.083
5667.000 3.948
5668.000 4.013
5669.000 3.901
5670.000 3.838
5671.000 4.002
5672.000 4.040
5673.000 4.021
5674.000 3.885
5675.000 3.999
5676.000 4.037
5677.000 3.978
5678.000 3.989
5679.000 3.978
5680.000 4.169
5681.000 4.068
5682.000 4.154
5683.000 4.245
5684.000 4.064
5685.000 4.120
5686.000 4.382
5687.000 4.210
5688.000 4.139
5689.000 4.284
5690.000 4.233
5691.000 4.257
5692.000 4.279
5693.000 4.245
5694.000 4.342
5695.000 4.057
5696.000 4.281
5697.000 4.393
5698.000 4.272
5699.000 4.228
5700.000 4.381
5701.000 4.447
5702.000 4.391
5703.000 4.594
5704.000 4.515
5705.000 4.487
5706.000 4.636
5707.000 4.512
5708.000 4.561
5709.000 4.538
5710.000 4.511
5711.000 4.726
5712.000 4.447
5713.000 4.543
5714.000 4.547
5715.000 4.676
5716.000 4.604
5717.000 4.801
5718.000 4.830
5719.000 4.745
5720.000 4.684
5721.000 4.795
5722.000 4.853
5723.000 4.781
5724.000 4.637
5725.000 4.957
5726.000 4.828
5727.000 4.928
5728.000 4.934
5729.000 4.860
5730.000 4.927
5731.000 5.079
5732.000 5.075
5733.000 5.110
5734.000 5.171
5735.000 5.042
5736.000 5.125
5737.000 5.220
5738.000 5.131
5739.000 5.094
5740.000 5.640
5741.000 5.479
5742.000 5.353
5743.000 5.358
5744.000 5.496
5745.000 5.296
5746.000 5.535
5747.000 5.399
5748.000 5.608
5749.000 5.418
5750.000 5.455
5751.000 5.710
5752.000 5.575
5753.000 5.744
5754.000 5.916
5755.000 6.047
5756.000 5.703
5757.000 5.687
5758.000 5.865
5759.000 5.878
5760.000 5.968
5761.000 5.943
5762.000 5.913
5763.000 5.943
5764.000 6.010
5765.000 5.890
5766.000 6.058
5767.000 6.017
5768.000 6.078
5769.000 6.065
5770.000 6.269
5771.000 6.243
5772.000 6.339
5773.000 6.206
5774.000 6.503
5775.000 6.290
5776.000 6.427
5777.000 6.541
5778.000 6.512
5779.000 6.619
5780.000 6.807
5781.000 6.619
5782.000 6.647
5783.000 6.674
5784.000 6.710
5785.000 7.350
5786.000 7.126
5787.000 6.926
5788.000 7.087
5789.000 7.145
5790.000 7.169
5791.000 7.208
5792.000 7.273
5793.000 7.122
5794.000 7.371
5795.000 7.298
5796.000 7.492
5797.000 7.566
5798.000 7.545
5799.000 7.650
5800.000 7.773
5801.000 7.759
5802.000 7.721
5803.000 7.881
5804.000 8.026
5805.000 8.142
5806.000 8.127
5807.000 8.078
5808.000 8.167
5809.000 8.258
5810.000 8.299
5811.000 8.400
5812.000 8.538
5813.000 8.602
5814.000 8.735
5815.000 8.860
5816.000 8.756
5817.000 8.958
5818.000 8.960
5819.000 9.157
5820.000 9.160
5821.000 9.326
5822.000 9.486
5823.000 9.337
5824.000 9.680
5825.000 9.696
5826.000 10.024
5827.000 9.941
5828.000 10.178
5829.000 10.256
5830.000 10.145
5831.000 10.396
5832.000 10.488
5833.000 10.645
5834.000 10.812
5835.000 10.850
5836.000 10.950
5837.000 11.169
5838.000 11.373
5839.000 11.438
5840.000 11.703
5841.000 12.358
5842.000 11.903
5843.000 12.319
5844.000 12.348
5845.000 12.551
5846.000 12.600
5847.000 12.767
5848.000 13.164
5849.000 13.604
5850.000 13.829
5851.000 13.625
5852.000 14.412
5853.000 14.261
5854.000 14.317
5855.000 14.607
5856.000 15.106
5857.000 15.390
5858.000 15.676
5859.000 15.887
5860.000 16.597
5861.000 16.872
5862.000 17.157
5863.000 17.751
5864.000 18.264
5865.000 18.713
5866.000 19.193
5867.000 19.479
5868.000 20.201
5869.000 21.042
5870.000 21.755
5871.000 22.106
5872.000 24.104
5873.000 23.899
5874.000 24.646
5875.000 25.590
5876.000 26.507
5877.000 27.436
5878.000 27.712
5879.000 28.375
5880.000 28.810
5881.000 28.858
5882.000 28.395
5883.000 28.110
5884.000 27.247
5885.000 26.138
5886.000 25.216
5887.000 24.029
5888.000 23.151
5889.000 22.160
5890.000 21.201
5891.000 21.434
5892.000 20.642
5893.000 19.451
5894.000 19.856
5895.000 18.659
5896.000 17.970
5897.000 17.788
5898.000 17.366
5899.000 16.949
5900.000 16.310
5901.000 16.146
5902.000 15.339
5903.000 15.168
5904.000 14.848
5905.000 14.623
5906.000 13.942
5907.000 13.570
5908.000 13.331
5909.000 12.934
5910.000 12.912
5911.000 12.596
5912.000 12.674
5913.000 12.330
5914.000 12.208
5915.000 12.479
5916.000 12.406
5917.000 13.183
5918.000 13.009
5919.000 13.145
5920.000 13.626
5921.000 14.120
5922.000 14.646
5923.000 14.942
5924.000 15.458
5925.000 15.959
5926.000 16.249
5927.000 16.796
5928.000 17.073
5929.000 17.844
5930.000 18.014
5931.000 18.732
5932.000 19.047
5933.000 19.571
5934.000 20.377
5935.000 20.848
5936.000 21.253
5937.000 21.504
5938.000 21.964
5939.000 22.742
5940.000 23.004
5941.000 23.548
5942.000 24.424
5943.000 25.776
5944.000 25.865
5945.000 24.257
5946.000 28.162
5947.000 29.430
5948.000 30.662
5949.000 32.162
5950.000 33.594
5951.000 34.670
5952.000 37.024
5953.000 38.296
5954.000 40.286
5955.000 42.120
5956.000 44.298
5957.000 45.377
5958.000 47.644
5959.000 49.746
5960.000 51.355
5961.000 52.466
5962.000 52.956
5963.000 52.663
5964.000 52.412
5965.000 51.909
5966.000 50.683
5967.000 49.169
5968.000 47.540
5969.000 45.705
5970.000 43.810
5971.000 42.038
5972.000 40.072
5973.000 38.233
5974.000 36.608
5975.000 35.053
5976.000 34.480
5977.000 33.197
5978.000 31.879
5979.000 30.529
5980.000 29.519
5981.000 28.361
5982.000 27.157
5983.000 26.402
5984.000 25.540
5985.000 25.029
5986.000 24.039
5987.000 23.484
5988.000 22.780
5989.000 22.471
5990.000 21.728
5991.000 21.239
5992.000 20.393
5993.000 20.311
5994.000 19.758
5995.000 19.250
5996.000 18.875
5997.000 18.450
5998.000 18.115
5999.000 17.531
6000.000 17.494
6001.000 17.170
6002.000 16.799
6003.000 16.593
6004.000 16.302
6005.000 15.732
6006.000 15.453
6007.000 15.416
6008.000 15.029
6009.000 14.845
6010.000 14.593
6011.000 14.369
6012.000 14.263
6013.000 14.210
6014.000 13.939
6015.000 13.672
6016.000 13.468
6017.000 13.074
6018.000 13.158
6019.000 12.868
6020.000 12.665
6021.000 12.532
6022.000 12.504
6023.000 12.404
6024.000 12.106
6025.000 12.049
6026.000 11.803
6027.000 11.374
6028.000 11.512
6029.000 11.527
6030.000 11.456
6031.000 11.160
6032.000 10.844
6033.000 11.023
6034.000 10.761
6035.000 10.632
6036.000 10.574
6037.000 10.505
6038.000 10.723
6039.000 10.186
6040.000 10.095
6041.000 10.040
6042.000 9.911
6043.000 9.929
6044.000 9.780
6045.000 9.610
6046.000 9.606
6047.000 9.561
6048.000 10.021
6049.000 9.532
6050.000 9.318
6051.000 9.215
6052.000 9.106
6053.000 9.272
6054.000 8.983
6055.000 8.884
6056.000 9.051
6057.000 8.859
6058.000 8.761
6059.000 8.700
6060.000 8.744
6061.000 8.681
6062.000 8.622
6063.000 8.658
6064.000 8.325
6065.000 8.453
6066.000 8.369
6067.000 8.215
6068.000 8.213
6069.000 8.124
6070.000 8.063
6071.000 8.230
6072.000 8.009
6073.000 7.950
6074.000 7.859
6075.000 7.821
6076.000 7.902
6077.000 7.889
6078.000 7.677
6079.000 7.536
6080.000 7.654
6081.000 7.656
6082.000 7.618
6083.000 7.604
6084.000 7.428
6085.000 7.441
6086.000 7.531
6087.000 7.411
6088.000 7.307
6089.000 7.347
6090.000 7.327
6091.000 7.356
6092.000 7.297
6093.000 7.304
6094.000 7.295
6095.000 7.223
6096.000 7.147
6097.000 7.038
6098.000 7.156
6099.000 7.133
6100.000 7.060
6101.000 7.093
6102.000 7.004
6103.000 6.981
6104.000 6.998
6105.000 7.071
6106.000 6.999
6107.000 6.972
6108.000 6.933
6109.000 7.030
6110.000 6.888
6111.000 7.097
6112.000 7.000
6113.000 6.894
6114.000 7.016
6115.000 7.002
6116.000 6.927
6117.000 7.036
6118.000 6.993
6119.000 7.125
6120.000 6.902
6121.000 6.905
6122.000 7.106
6123.000 6.963
6124.000 6.975
6125.000 7.131
6126.000 7.049
6127.000 6.977
6128.000 7.167
6129.000 7.261
6130.000 7.186
6131.000 7.283
6132.000 7.546
6133.000 7.468
6134.000 7.374
6135.000 7.590
6136.000 7.463
6137.000 7.640
6138.000 7.670
6139.000 7.930
6140.000 7.975
6141.000 8.117
6142.000 8.109
6143.000 8.376
6144.000 8.883
6145.000 8.831
6146.000 8.995
6147.000 8.973
6148.000 9.583
6149.000 9.701
6150.000 10.037
6151.000 10.553
6152.000 10.658
6153.000 11.242
6154.000 11.538
6155.000 11.887
6156.000 12.171
6157.000 12.294
6158.000 12.184
6159.000 11.992
6160.000 11.325
6161.000 10.303
6162.000 9.069
6163.000 7.486
6164.000 6.254
6165.000 4.902
6166.000 3.849
6167.000 3.018
6168.000 2.169
6169.000 2.174
6170.000 0.537
6171.000 1.059
6172.000 0.444
6173.000 0.387
6174.000 0.398
6175.000 0.692
6176.000 0.964
6177.000 1.268
6178.000 1.405
6179.000 1.600
6180.000 1.738
6181.000 1.903
6182.000 2.008
6183.000 1.918
6184.000 2.161
6185.000 2.239
6186.000 2.278
6187.000 2.319
6188.000 2.308
6189.000 2.540
6190.000 2.537
6191.000 2.558
6192.000 2.625
6193.000 2.703
6194.000 2.784
6195.000 2.721
6196.000 2.694
6197.000 2.819
6198.000 2.750
6199.000 2.845
6200.000 2.858
6201.000 2.939
6202.000 2.917
6203.000 2.958
6204.000 2.957
6205.000 3.123
6206.000 2.910
6207.000 2.917
6208.000 3.018
6209.000 2.963
6210.000 3.140
6211.000 3.087
6212.000 3.097
6213.000 3.055
6214.000 2.982
6215.000 3.177
6216.000 3.123
6217.000 3.009
6218.000 3.107
6219.000 3.309
6220.000 3.007
6221.000 3.094
6222.000 3.241
6223.000 3.177
6224.000 3.066
6225.000 3.160
6226.000 3.148
6227.000 3.206
6228.000 3.118
6229.000 3.116
6230.000 3.108
6231.000 3.151
6232.000 3.140
6233.000 3.075
6234.000 3.211
6235.000 3.048
6236.000 3.147
6237.000 3.172
6238.000 3.124
6239.000 3.040
6240.000 3.077
6241.000 3.140
6242.000 3.194
6243.000 3.226
6244.000 3.261
6245.000 3.088
6246.000 3.267
6247.000 3.070
6248.000 3.100
6249.000 3.161
6250.000 3.135
6251.000 3.111
6252.000 3.200
6253.000 3.052
6254.000 3.079
6255.000 3.270
6256.000 3.215
6257.000 3.133
6258.000 3.131
6259.000 3.097
6260.000 3.070
6261.000 3.273
6262.000 3.238
6263.000 3.141
6264.000 3.100
6265.000 3.170
6266.000 3.132
6267.000 3.321
6268.000 3.111
6269.000 3.230
6270.000 3.232
6271.000 3.101
6272.000 3.229
6273.000 3.163
6274.000 3.190
6275.000 3.004
6276.000 3.191
6277.000 3.269
6278.000 3.197
6279.000 3.204
6280.000 3.129
6281.000 3.186
6282.000 3.243
6283.000 3.028
6284.000 3.113
6285.000 3.173
6286.000 3.101
6287.000 3.250
6288.000 3.088
6289.000 3.011
6290.000 3.194
6291.000 3.222
6292.000 3.083
6293.000 3.213
6294.000 3.118
6295.000 3.332
6296.000 3.037
6297.000 3.199
6298.000 3.163
6299.000 3.122
6300.000 3.179
6301.000 3.204
6302.000 3.095
6303.000 3.225
6304.000 3.123
6305.000 3.211
6306.000 3.216
6307.000 3.181
6308.000 3.196
6309.000 3.083
6310.000 3.208
6311.000 3.177
6312.000 3.154
6313.000 3.185
6314.000 3.180
6315.000 3.219
6316.000 3.337
6317.000 3.215
6318.000 3.113
6319.000 3.104
6320.000 3.326
6321.000 3.236
6322.000 3.187
6323.000 3.156
6324.000 3.304
6325.000 3.324
6326.000 3.209
6327.000 3.404
6328.000 3.212
6329.000 3.217
6330.000 3.177
6331.000 3.359
6332.000 3.375
6333.000 3.308
6334.000 3.149
6335.000 3.301
6336.000 3.325
6337.000 3.441
6338.000 3.305
6339.000 3.238
6340.000 3.302
6341.000 3.316
6342.000 3.422
6343.000 3.380
6344.000 3.299
6345.000 3.440
6346.000 3.409
6347.000 3.509
6348.000 3.441
6349.000 3.518
6350.000 3.409
6351.000 3.599
6352.000 3.530
6353.000 3.525
6354.000 3.519
6355.000 3.512
6356.000 3.616
6357.000 3.718
6358.000 3.587
6359.000 3.653
6360.000 3.776
6361.000 3.836
6362.000 3.847
6363.000 3.913
6364.000 3.930
6365.000 3.940
6366.000 3.957
6367.000 3.857
6368.000 4.157
6369.000 4.136
6370.000 4.134
6371.000 4.195
6372.000 4.328
6373.000 4.460
6374.000 4.551
6375.000 4.617
6376.000 4.643
6377.000 4.732
6378.000 4.950
6379.000 4.958
6380.000 5.195
6381.000 5.356
6382.000 5.584
6383.000 5.755
6384.000 5.920
6385.000 6.120
6386.000 6.416
6387.000 6.510
6388.000 6.750
6389.000 6.883
6390.000 6.997
6391.000 7.046
6392.000 6.788
6393.000 6.538
6394.000 6.054
6395.000 5.455
6396.000 4.698
6397.000 3.983
6398.000 3.343
6399.000 2.849
6400.000 2.292
6401.000 1.977
6402.000 1.839
6403.000 1.467
6404.000 1.399
6405.000 0.961
6406.000 0.969
6407.000 0.755
6408.000 0.569
6409.000 0.672
6410.000 0.636
6411.000 0.659
6412.000 0.639
6413.000 0.869
6414.000 0.788
6415.000 0.990
6416.000 0.894
6417.000 0.915
6418.000 0.784
6419.000 0.964
6420.000 1.067
6421.000 1.132
6422.000 1.128
6423.000 1.176
6424.000 1.218
6425.000 1.359
6426.000 1.274
6427.000 1.208
6428.000 1.414
6429.000 1.303
6430.000 1.442
6431.000 1.429
6432.000 1.441
6433.000 1.380
6434.000 1.448
6435.000 1.530
6436.000 1.488
6437.000 1.463
6438.000 1.585
6439.000 1.463
6440.000 1.586
6441.000 1.572
6442.000 1.622
6443.000 1.712
6444.000 1.676
6445.000 1.497
6446.000 1.597
6447.000 1.643
6448.000 1.627
6449.000 1.742
6450.000 1.790
6451.000 1.698
6452.000 1.858
6453.000 1.632
6454.000 1.821
6455.000 1.643
6456.000 1.771
6457.000 1.813
6458.000 1.787
6459.000 1.784
6460.000 1.712
6461.000 1.822
6462.000 1.807
6463.000 1.633
6464.000 1.815
6465.000 1.674
6466.000 1.824
6467.000 1.855
6468.000 1.799
6469.000 1.788
6470.000 1.846
6471.000 1.832
6472.000 1.890
6473.000 1.922
6474.000 1.853
6475.000 1.846
6476.000 1.819
6477.000 1.908
6478.000 1.920
6479.000 1.822
6480.000 1.884
6481.000 1.883
6482.000 1.946
6483.000 1.882
6484.000 1.838
6485.000 1.972
6486.000 1.994
6487.000 2.021
6488.000 1.992
6489.000 1.943
6490.000 1.811
6491.000 1.965
6492.000 1.888
6493.000 1.967
6494.000 1.871
6495.000 1.923
6496.000 1.910
6497.000 2.038
6498.000 1.974
6499.000 2.015
6500.000 1.882
6501.000 1.951
6502.000 1.980
6503.000 1.972
6504.000 2.061
6505.000 1.847
6506.000 1.979
6507.000 2.052
6508.000 2.019
6509.000 2.015
6510.000 1.965
6511.000 2.049
6512.000 1.937
6513.000 2.019
6514.000 2.033
6515.000 1.986
6516.000 1.945
6517.000 1.957
6518.000 2.013
6519.000 1.957
6520.000 2.000
6521.000 1.926
6522.000 2.072
6523.000 1.934
6524.000 2.033
6525.000 2.058
6526.000 2.123
6527.000 2.163
6528.000 2.029
6529.000 1.946
6530.000 1.959
6531.000 2.018
6532.000 2.158
6533.000 2.129
6534.000 2.125
6535.000 2.106
6536.000 2.156
6537.000 2.007
6538.000 2.107
6539.000 2.093
6540.000 2.079
6541.000 2.124
6542.000 2.143
6543.000 1.978
6544.000 2.079
6545.000 2.139
6546.000 2.060
6547.000 2.024
6548.000 2.081
6549.000 2.029
6550.000 2.095
6551.000 2.121
6552.000 2.102
6553.000 2.090
6554.000 2.132
6555.000 2.191
6556.000 2.210
6557.000 2.177
6558.000 2.168
6559.000 2.245
6560.000 2.067
6561.000 2.164
6562.000 2.107
6563.000 2.174
6564.000 2.073
6565.000 2.207
6566.000 2.118
6567.000 2.174
6568.000 2.162
6569.000 2.096
6570.000 2.224
6571.000 2.236
6572.000 2.168
6573.000 2.234
6574.000 2.069
6575.000 2.132
6576.000 2.125
6577.000 2.120
6578.000 2.218
6579.000 2.223
6580.000 2.200
6581.000 2.119
6582.000 2.119
6583.000 2.198
6584.000 2.234
6585.000 2.136
6586.000 2.215
6587.000 2.233
6588.000 2.172
6589.000 2.255
6590.000 2.256
6591.000 2.337
6592.000 2.161
6593.000 2.117
6594.000 2.236
6595.000 2.268
6596.000 2.294
6597.000 2.239
6598.000 2.165
6599.000 2.139
6600.000 2.220
6601.000 2.254
6602.000 2.225
6603.000 2.320
6604.000 2.293
6605.000 2.309
6606.000 2.314
6607.000 2.227
6608.000 2.341
6609.000 2.345
6610.000 2.261
6611.000 2.152
6612.000 2.310
6613.000 2.223
6614.000 2.236
6615.000 2.150
6616.000 2.205
6617.000 2.285
6618.000 2.260
6619.000 2.360
6620.000 2.269
6621.000 2.230
6622.000 2.334
6623.000 2.314
6624.000 2.363
6625.000 2.289
6626.000 2.332
6627.000 2.255
6628.000 2.268
6629.000 2.284
6630.000 2.416
6631.000 2.341
6632.000 2.358
6633.000 2.328
6634.000 2.300
6635.000 2.385
6636.000 2.395
6637.000 2.301
6638.000 2.321
6639.000 2.259
6640.000 2.252
6641.000 2.388
6642.000 2.267
6643.000 2.345
6644.000 2.374
6645.000 2.376
6646.000 2.344
6647.000 2.470
6648.000 2.406
6649.000 2.500
6650.000 2.380
6651.000 2.339
6652.000 2.479
6653.000 2.400
6654.000 2.286
6655.000 2.365
6656.000 2.298
6657.000 2.439
6658.000 2.321
6659.000 2.421
6660.000 2.252
6661.000 2.386
6662.000 2.379
6663.000 2.368
6664.000 2.450
6665.000 2.508
6666.000 2.339
6667.000 2.364
6668.000 2.386
6669.000 2.373
6670.000 2.421
6671.000 2.408
6672.000 2.461
6673.000 2.435
6674.000 2.544
6675.000 2.515
6676.000 2.479
6677.000 2.435
6678.000 2.535
6679.000 2.498
6680.000 2.557
6681.000 2.565
6682.000 2.433
6683.000 2.491
6684.000 2.545
6685.000 2.411
6686.000 2.560
6687.000 2.462
6688.000 2.453
6689.000 2.581
6690.000 2.483
6691.000 2.573
6692.000 2.530
6693.000 2.565
6694.000 2.601
6695.000 2.528
6696.000 2.572
6697.000 2.550
6698.000 2.555
6699.000 2.544
6700.000 2.576
6701.000 2.585
6702.000 2.558
6703.000 2.477
6704.000 2.489
6705.000 2.515
6706.000 2.615
6707.000 2.638
6708.000 2.596
6709.000 2.537
6710.000 2.625
6711.000 2.694
6712.000 2.643
6713.000 2.715
6714.000 2.591
6715.000 2.652
6716.000 2.715
6717.000 2.706
6718.000 2.797
6719.000 2.660
6720.000 2.734
6721.000 2.662
6722.000 2.577
6723.000 2.743
6724.000 2.683
6725.000 2.776
6726.000 2.792
6727.000 2.800
6728.000 2.848
6729.000 2.796
6730.000 2.664
6731.000 2.733
6732.000 2.740
6733.000 2.697
6734.000 2.724
6735.000 2.697
6736.000 2.835
6737.000 2.804
6738.000 2.830
6739.000 2.830
6740.000 2.750
6741.000 2.762
6742.000 2.864
6743.000 2.738
6744.000 2.828
6745.000 2.822
6746.000 2.824
6747.000 2.823
6748.000 2.834
6749.000 2.808
6750.000 2.830
6751.000 2.842
6752.000 2.931
6753.000 2.938
6754.000 2.888
6755.000 2.845
6756.000 2.941
6757.000 2.931
6758.000 2.972
6759.000 3.020
6760.000 2.813
6761.000 2.887
6762.000 3.129
6763.000 2.940
6764.000 3.049
6765.000 3.052
6766.000 2.906
6767.000 3.007
6768.000 3.020
6769.000 3.041
6770.000 3.035
6771.000 2.998
6772.000 2.997
6773.000 3.080
6774.000 2.914
6775.000 3.118
6776.000 3.103
6777.000 3.082
6778.000 3.022
6779.000 3.095
6780.000 3.174
6781.000 3.089
6782.000 2.971
6783.000 3.175
6784.000 3.130
6785.000 3.088
6786.000 3.197
6787.000 3.273
6788.000 3.179
6789.000 3.117
6790.000 3.104
6791.000 3.174
6792.000 3.199
6793.000 3.173
6794.000 3.276
6795.000 3.163
6796.000 3.262
6797.000 3.260
6798.000 3.210
6799.000 3.338
6800.000 3.208
6801.000 3.325
6802.000 3.299
6803.000 3.303
6804.000 3.218
6805.000 3.239
6806.000 3.217
6807.000 3.389
6808.000 3.272
6809.000 3.320
6810.000 3.357
6811.000 3.399
6812.000 3.511
6813.000 3.427
6814.000 3.324
6815.000 3.275
6816.000 3.423
6817.000 3.460
6818.000 3.418
6819.000 3.428
6820.000 3.444
6821.000 3.441
6822.000 3.492
6823.000 3.465
6824.000 3.571
6825.000 3.510
6826.000 3.554
6827.000 3.675
6828.000 3.473
6829.000 3.600
6830.000 3.659
6831.000 3.650
6832.000 3.617
6833.000 3.653
6834.000 3.647
6835.000 3.673
6836.000 3.737
6837.000 3.566
6838.000 3.749
6839.000 3.628
6840.000 3.756
6841.000 3.780
6842.000 4.657
6843.000 4.096
6844.000 3.801
6845.000 3.828
6846.000 3.736
6847.000 3.840
6848.000 3.851
6849.000 3.742
6850.000 3.917
6851.000 3.910
6852.000 3.922
6853.000 3.954
6854.000 3.972
6855.000 3.941
6856.000 4.064
6857.000 3.970
6858.000 3.804
6859.000 4.100
6860.000 3.987
6861.000 4.047
6862.000 4.058
6863.000 4.031
6864.000 4.169
6865.000 4.083
6866.000 4.050
6867.000 4.171
6868.000 4.112
6869.000 4.108
6870.000 4.255
6871.000 4.215
6872.000 4.247
6873.000 4.369
6874.000 4.347
6875.000 4.319
6876.000 4.356
6877.000 4.303
6878.000 4.423
6879.000 4.299
6880.000 4.404
6881.000 4.479
6882.000 4.560
6883.000 4.490
6884.000 4.522
6885.000 4.472
6886.000 4.661
6887.000 4.564
6888.000 4.588
6889.000 4.594
6890.000 4.643
6891.000 4.692
6892.000 4.675
6893.000 4.748
6894.000 4.802
6895.000 4.820
6896.000 4.868
6897.000 4.876
6898.000 4.791
6899.000 4.909
6900.000 4.949
6901.000 4.941
6902.000 4.944
6903.000 4.961
6904.000 5.003
6905.000 5.101
6906.000 5.029
6907.000 5.198
6908.000 5.086
6909.000 5.186
6910.000 5.166
6911.000 5.266
6912.000 5.292
6913.000 5.397
6914.000 5.336
6915.000 5.384
6916.000 5.247
6917.000 5.329
6918.000 5.438
6919.000 5.383
6920.000 5.445
6921.000 5.535
6922.000 5.789
6923.000 5.702
6924.000 5.546
6925.000 5.725
6926.000 5.680
6927.000 2.363
6928.000 5.665
6929.000 5.713
6930.000 5.736
6931.000 5.715
6932.000 5.888
6933.000 5.886
6934.000 5.916
6935.000 5.993
6936.000 6.102
6937.000 6.194
6938.000 6.261
6939.000 6.259
6940.000 6.328
6941.000 6.265
6942.000 6.425
6943.000 6.531
6944.000 6.601
6945.000 6.674
6946.000 6.568
6947.000 6.707
6948.000 6.728
6949.000 6.847
6950.000 6.877
6951.000 6.792
6952.000 7.100
6953.000 7.020
6954.000 7.096
6955.000 7.276
6956.000 7.199
6957.000 7.398
6958.000 7.344
6959.000 7.525
6960.000 7.377
6961.000 7.579
6962.000 7.684
6963.000 7.735
6964.000 7.866
6965.000 7.745
6966.000 7.998
6967.000 7.983
6968.000 8.147
6969.000 8.243
6970.000 8.384
6971.000 8.256
6972.000 8.406
6973.000 8.578
6974.000 8.487
6975.000 8.570
6976.000 8.758
6977.000 8.941
6978.000 9.088
6979.000 9.019
6980.000 9.189
6981.000 9.305
6982.000 9.452
6983.000 9.263
6984.000 9.727
6985.000 9.751
6986.000 9.805
6987.000 9.953
6988.000 10.030
6989.000 10.327
6990.000 10.489
6991.000 10.632
6992.000 10.641
6993.000 10.958
6994.000 11.088
6995.000 11.293
6996.000 11.491
6997.000 11.494
6998.000 11.768
6999.000 11.847
7000.000 12.047
