2001.000 0.149
2002.000 0.179
2003.000 0.188
2004.000 0.199
2005.000 0.177
2006.000 0.180
2007.000 0.180
2008.000 0.182
2009.000 0.178
2010.000 0.190
2011.000 0.175
2012.000 0.188
2013.000 0.174
2014.000 0.181
2015.000 0.190
2016.000 0.199
2017.000 0.184
2018.000 0.188
2019.000 0.187
2020.000 0.182
2021.000 0.189
2022.000 0.170
2023.000 0.185
2024.000 0.187
2025.000 0.187
2026.000 0.193
2027.000 0.198
2028.000 0.185
2029.000 0.209
2030.000 0.196
2031.000 0.179
2032.000 0.191
2033.000 0.189
2034.000 0.201
2035.000 0.189
2036.000 0.199
2037.000 0.194
2038.000 0.203
2039.000 0.204
2040.000 0.279
2041.000 0.198
2042.000 0.206
2043.000 0.198
2044.000 0.195
2045.000 0.177
2046.000 0.202
2047.000 0.198
2048.000 0.203
2049.000 0.202
2050.000 0.192
2051.000 0.204
2052.000 0.201
2053.000 0.190
2054.000 0.205
2055.000 0.214
2056.000 0.202
2057.000 0.207
2058.000 0.189
2059.000 0.216
2060.000 0.209
2061.000 0.214
2062.000 0.203
2063.000 0.216
2064.000 0.221
2065.000 0.218
2066.000 0.212
2067.000 0.198
2068.000 0.222
2069.000 0.222
2070.000 0.218
2071.000 0.207
2072.000 0.204
2073.000 0.206
2074.000 0.206
2075.000 0.212
2076.000 0.227
2077.000 0.203
2078.000 0.225
2079.000 0.205
2080.000 0.223
2081.000 0.233
2082.000 0.228
2083.000 0.219
2084.000 0.217
2085.000 0.230
2086.000 0.207
2087.000 0.234
2088.000 0.222
2089.000 0.235
2090.000 0.229
2091.000 0.231
2092.000 0.238
2093.000 0.237
2094.000 0.230
2095.000 0.242
2096.000 0.229
2097.000 0.239
2098.000 0.233
2099.000 0.245
2100.000 0.245
2101.000 0.249
2102.000 0.252
2103.000 0.254
2104.000 0.250
2105.000 0.237
2106.000 0.247
2107.000 0.240
2108.000 0.259
2109.000 0.260
2110.000 0.261
2111.000 0.257
2112.000 0.255
2113.000 0.261
2114.000 0.251
2115.000 0.265
2116.000 0.274
2117.000 0.253
2118.000 0.267
2119.000 0.286
2120.000 0.262
2121.000 0.290
2122.000 0.280
2123.000 0.273
2124.000 0.270
2125.000 0.276
2126.000 0.278
2127.000 0.276
2128.000 0.285
2129.000 0.271
2130.000 0.277
2131.000 0.288
2132.000 0.284
2133.000 0.289
2134.000 0.600
2135.000 0.472
2136.000 0.361
2137.000 0.311
2138.000 0.294
2139.000 0.303
2140.000 0.298
2141.000 0.305
2142.000 0.319
2143.000 0.326
2144.000 0.323
2145.000 0.343
2146.000 0.312
2147.000 0.323
2148.000 0.315
2149.000 0.325
2150.000 0.334
2151.000 0.329
2152.000 0.385
2153.000 0.380
2154.000 0.361
2155.000 0.365
2156.000 0.344
2157.000 0.342
2158.000 0.374
2159.000 0.348
2160.000 0.357
2161.000 0.353
2162.000 0.352
2163.000 0.368
2164.000 0.372
2165.000 0.352
2166.000 0.366
2167.000 0.391
2168.000 0.395
2169.000 0.363
2170.000 0.372
2171.000 0.391
2172.000 0.405
2173.000 0.401
2174.000 0.418
2175.000 0.412
2176.000 0.415
2177.000 0.394
2178.000 0.415
2179.000 0.412
2180.000 0.424
2181.000 0.421
2182.000 0.425
2183.000 0.446
2184.000 0.445
2185.000 0.446
2186.000 0.452
2187.000 0.437
2188.000 0.455
2189.000 0.474
2190.000 0.459
2191.000 0.473
2192.000 0.471
2193.000 0.497
2194.000 0.510
2195.000 0.497
2196.000 0.500
2197.000 0.495
2198.000 0.519
2199.000 0.521
2200.000 0.519
2201.000 0.532
2202.000 0.513
2203.000 0.550
2204.000 0.553
2205.000 0.559
2206.000 0.571
2207.000 0.564
2208.000 0.577
2209.000 0.582
2210.000 0.577
2211.000 0.599
2212.000 0.607
2213.000 0.622
2214.000 0.626
2215.000 0.653
2216.000 0.654
2217.000 0.656
2218.000 0.656
2219.000 0.683
2220.000 0.683
2221.000 0.692
2222.000 0.721
2223.000 0.731
2224.000 0.716
2225.000 0.756
2226.000 0.764
2227.000 0.773
2228.000 0.788
2229.000 0.791
2230.000 0.809
2231.000 0.831
2232.000 0.812
2233.000 0.844
2234.000 0.876
2235.000 0.891
2236.000 0.911
2237.000 0.898
2238.000 0.925
2239.000 0.952
2240.000 1.002
2241.000 1.013
2242.000 1.059
2243.000 1.054
2244.000 1.048
2245.000 1.096
2246.000 1.118
2247.000 1.161
2248.000 1.164
2249.000 1.213
2250.000 1.249
2251.000 1.283
2252.000 1.316
2253.000 1.314
2254.000 1.376
2255.000 1.427
2256.000 1.464
2257.000 1.505
2258.000 1.531
2259.000 1.633
2260.000 1.685
2261.000 1.729
2262.000 1.767
2263.000 1.806
2264.000 1.906
2265.000 1.956
2266.000 2.090
2267.000 2.165
2268.000 2.296
2269.000 2.391
2270.000 2.449
2271.000 2.564
2272.000 2.670
2273.000 2.983
2274.000 2.828
2275.000 3.100
2276.000 3.096
2277.000 3.504
2278.000 3.583
2279.000 3.913
2280.000 4.208
2281.000 4.643
2282.000 4.839
2283.000 5.158
2284.000 5.532
2285.000 6.477
2286.000 7.142
2287.000 7.548
2288.000 8.522
2289.000 9.017
2290.000 10.072
2291.000 11.057
2292.000 11.467
2293.000 11.802
2294.000 11.693
2295.000 11.127
2296.000 11.019
2297.000 11.559
2298.000 13.663
2299.000 14.787
2300.000 15.961
2301.000 14.904
2302.000 13.220
2303.000 8.544
2304.000 5.986
2305.000 3.094
2306.000 2.748
2307.000 2.549
2308.000 2.637
2309.000 2.716
2310.000 2.722
2311.000 2.704
2312.000 2.670
2313.000 2.611
2314.000 2.537
2315.000 2.491
2316.000 2.429
2317.000 2.260
2318.000 2.415
2319.000 2.254
2320.000 2.356
2321.000 2.108
2322.000 2.186
2323.000 2.302
2324.000 1.774
2325.000 2.314
2326.000 2.124
2327.000 1.858
2328.000 1.864
2329.000 1.846
2330.000 1.806
2331.000 1.750
2332.000 1.393
2333.000 1.877
2334.000 1.702
2335.000 1.694
2336.000 1.655
2337.000 1.588
2338.000 1.585
2339.000 1.575
2340.000 1.534
2341.000 1.535
2342.000 1.498
2343.000 1.502
2344.000 1.478
2345.000 1.455
2346.000 1.456
2347.000 1.421
2348.000 1.419
2349.000 1.401
2350.000 1.371
2351.000 1.395
2352.000 1.379
2353.000 1.336
2354.000 1.331
2355.000 1.329
2356.000 1.321
2357.000 1.281
2358.000 1.307
2359.000 1.291
2360.000 1.470
2361.000 1.311
2362.000 1.245
2363.000 1.295
2364.000 1.243
2365.000 1.229
2366.000 1.243
2367.000 1.225
2368.000 1.204
2369.000 1.229
2370.000 1.195
2371.000 1.214
2372.000 1.204
2373.000 1.218
2374.000 1.194
2375.000 1.213
2376.000 1.212
2377.000 1.203
2378.000 1.188
2379.000 1.210
2380.000 1.201
2381.000 1.219
2382.000 1.202
2383.000 1.221
2384.000 1.211
2385.000 1.221
2386.000 1.192
2387.000 1.231
2388.000 1.217
2389.000 1.207
2390.000 1.156
2391.000 1.166
2392.000 1.230
2393.000 1.252
2394.000 1.240
2395.000 1.239
2396.000 1.245
2397.000 1.196
2398.000 1.221
2399.000 1.257
2400.000 1.286
2401.000 1.299
2402.000 1.287
2403.000 1.292
2404.000 1.335
2405.000 1.325
2406.000 1.352
2407.000 1.383
2408.000 1.386
2409.000 1.403
2410.000 1.415
2411.000 1.421
2412.000 1.411
2413.000 1.474
2414.000 1.471
2415.000 1.506
2416.000 1.551
2417.000 1.534
2418.000 1.596
2419.000 1.623
2420.000 1.595
2421.000 1.661
2422.000 1.713
2423.000 1.737
2424.000 1.746
2425.000 1.854
2426.000 1.864
2427.000 1.904
2428.000 1.994
2429.000 2.032
2430.000 2.127
2431.000 2.173
2432.000 2.247
2433.000 2.285
2434.000 2.480
2435.000 2.549
2436.000 2.656
2437.000 2.769
2438.000 2.955
2439.000 3.042
2440.000 3.290
2441.000 3.399
2442.000 3.726
2443.000 4.033
2444.000 4.257
2445.000 4.660
2446.000 4.916
2447.000 5.555
2448.000 5.908
2449.000 6.606
2450.000 7.371
2451.000 7.785
2452.000 8.521
2453.000 8.794
2454.000 9.043
2455.000 8.664
2456.000 8.205
2457.000 6.954
2458.000 6.323
2459.000 5.258
2460.000 4.433
2461.000 4.139
2462.000 3.595
2463.000 3.384
2464.000 3.010
2465.000 2.703
2466.000 2.598
2467.000 2.351
2468.000 2.222
2469.000 2.086
2470.000 1.947
2471.000 1.779
2472.000 1.681
2473.000 1.613
2474.000 1.518
2475.000 1.427
2476.000 1.334
2477.000 1.287
2478.000 1.259
2479.000 1.182
2480.000 1.118
2481.000 1.089
2482.000 1.049
2483.000 0.998
2484.000 0.941
2485.000 0.925
2486.000 0.885
2487.000 0.844
2488.000 0.801
2489.000 0.799
2490.000 0.790
2491.000 0.744
2492.000 0.713
2493.000 0.696
2494.000 0.672
2495.000 0.668
2496.000 0.652
2497.000 0.605
2498.000 0.601
2499.000 0.582
2500.000 0.567
2501.000 0.559
2502.000 0.530
2503.000 0.548
2504.000 0.495
2505.000 0.490
2506.000 0.489
2507.000 0.469
2508.000 0.456
2509.000 0.469
2510.000 0.436
2511.000 0.441
2512.000 0.421
2513.000 0.421
2514.000 0.394
2515.000 0.393
2516.000 0.347
2517.000 0.372
2518.000 0.366
2519.000 0.369
2520.000 0.362
2521.000 0.324
2522.000 0.338
2523.000 0.345
2524.000 0.330
2525.000 0.321
2526.000 0.320
2527.000 0.283
2528.000 0.292
2529.000 0.326
2530.000 0.291
2531.000 0.292
2532.000 0.272
2533.000 0.270
2534.000 0.343
2535.000 0.261
2536.000 0.263
2537.000 0.274
2538.000 0.252
2539.000 0.246
2540.000 0.251
2541.000 0.250
2542.000 0.215
2543.000 0.230
2544.000 0.212
2545.000 0.223
2546.000 0.201
2547.000 0.214
2548.000 0.216
2549.000 0.211
2550.000 0.195
2551.000 0.213
2552.000 0.201
2553.000 0.190
2554.000 0.201
2555.000 0.185
2556.000 0.184
2557.000 0.176
2558.000 0.189
2559.000 0.179
2560.000 0.158
2561.000 0.161
2562.000 0.173
2563.000 0.164
2564.000 0.164
2565.000 0.150
2566.000 0.174
2567.000 0.154
2568.000 0.167
2569.000 0.165
2570.000 0.154
2571.000 0.165
2572.000 0.159
2573.000 0.158
2574.000 0.145
2575.000 0.135
2576.000 0.139
2577.000 0.140
2578.000 0.141
2579.000 0.133
2580.000 0.118
2581.000 0.129
2582.000 0.134
2583.000 0.129
2584.000 0.142
2585.000 0.138
2586.000 0.128
2587.000 0.129
2588.000 0.125
2589.000 0.124
2590.000 0.139
2591.000 0.125
2592.000 0.126
2593.000 0.122
2594.000 0.114
2595.000 0.137
2596.000 0.110
2597.000 0.114
2598.000 0.116
2599.000 0.120
2600.000 0.105
2601.000 0.104
2602.000 0.110
2603.000 0.094
2604.000 0.108
2605.000 0.106
2606.000 0.119
2607.000 0.110
2608.000 0.118
2609.000 0.106
2610.000 0.103
2611.000 0.095
2612.000 0.113
2613.000 0.100
2614.000 0.082
2615.000 0.092
2616.000 0.091
2617.000 0.096
2618.000 0.098
2619.000 0.091
2620.000 0.087
2621.000 0.096
2622.000 0.084
2623.000 0.096
2624.000 0.095
2625.000 0.103
2626.000 0.093
2627.000 0.080
2628.000 0.095
2629.000 0.097
2630.000 0.076
2631.000 0.085
2632.000 0.066
2633.000 0.078
2634.000 0.091
2635.000 0.083
2636.000 0.089
2637.000 0.086
2638.000 0.085
2639.000 0.101
2640.000 0.092
2641.000 0.091
2642.000 0.093
2643.000 0.090
2644.000 0.083
2645.000 0.086
2646.000 0.083
2647.000 0.084
2648.000 0.079
2649.000 0.081
2650.000 0.069
2651.000 0.079
2652.000 0.089
2653.000 0.082
2654.000 0.082
2655.000 0.081
2656.000 0.086
2657.000 0.101
2658.000 0.088
2659.000 0.094
2660.000 0.083
2661.000 0.075
2662.000 0.084
2663.000 0.075
2664.000 0.075
2665.000 0.069
2666.000 0.081
2667.000 0.095
2668.000 0.065
2669.000 0.077
2670.000 0.072
2671.000 0.080
2672.000 0.084
2673.000 0.082
2674.000 0.079
2675.000 0.090
2676.000 0.076
2677.000 0.085
2678.000 0.090
2679.000 0.066
2680.000 0.071
2681.000 0.064
2682.000 0.092
2683.000 0.076
2684.000 0.086
2685.000 0.076
2686.000 0.077
2687.000 0.066
2688.000 0.066
2689.000 0.071
2690.000 0.083
2691.000 0.091
2692.000 0.064
2693.000 0.071
2694.000 0.090
2695.000 0.077
2696.000 0.067
2697.000 0.087
2698.000 0.080
2699.000 0.081
2700.000 0.083
2701.000 0.066
2702.000 0.065
2703.000 0.071
2704.000 0.078
2705.000 0.085
2706.000 0.066
2707.000 0.060
2708.000 0.068
2709.000 0.078
2710.000 0.084
2711.000 0.086
2712.000 0.078
2713.000 0.079
2714.000 0.061
2715.000 0.076
2716.000 0.080
2717.000 0.089
2718.000 0.067
2719.000 0.084
2720.000 0.077
2721.000 0.086
2722.000 0.078
2723.000 0.071
2724.000 0.066
2725.000 0.085
2726.000 0.080
2727.000 0.075
2728.000 0.085
2729.000 0.093
2730.000 0.069
2731.000 0.079
2732.000 0.074
2733.000 0.084
2734.000 0.089
2735.000 0.074
2736.000 0.081
2737.000 0.083
2738.000 0.088
2739.000 0.077
2740.000 0.080
2741.000 0.074
2742.000 0.062
2743.000 0.073
2744.000 0.077
2745.000 0.084
2746.000 0.077
2747.000 0.087
2748.000 0.073
2749.000 0.074
2750.000 0.068
2751.000 0.085
2752.000 0.069
2753.000 0.080
2754.000 0.074
2755.000 0.071
2756.000 0.065
2757.000 0.077
2758.000 0.090
2759.000 0.093
2760.000 0.085
2761.000 0.093
2762.000 0.083
2763.000 0.073
2764.000 0.070
2765.000 0.069
2766.000 0.067
2767.000 0.072
2768.000 0.077
2769.000 0.082
2770.000 0.071
2771.000 0.078
2772.000 0.077
2773.000 0.085
2774.000 0.083
2775.000 0.069
2776.000 0.095
2777.000 0.084
2778.000 0.066
2779.000 0.079
2780.000 0.085
2781.000 0.096
2782.000 0.086
2783.000 0.072
2784.000 0.089
2785.000 0.081
2786.000 0.083
2787.000 0.082
2788.000 0.077
2789.000 0.091
2790.000 0.083
2791.000 0.070
2792.000 0.078
2793.000 0.072
2794.000 0.086
2795.000 0.089
2796.000 0.085
2797.000 0.072
2798.000 0.103
2799.000 0.080
2800.000 0.067
2801.000 0.087
2802.000 0.093
2803.000 0.094
2804.000 0.060
2805.000 0.089
2806.000 0.077
2808.000 0.071
2809.000 0.081
2810.000 0.080
2812.000 0.082
2813.000 0.074
2814.000 0.081
2815.000 0.089
2816.000 0.070
2817.000 0.094
2818.000 0.086
2819.000 0.074
2820.000 0.099
2821.000 0.068
2822.000 0.081
2823.000 0.092
2824.000 0.090
2825.000 0.077
2826.000 0.086
2827.000 0.073
2828.000 0.077
2829.000 0.096
2830.000 0.077
2831.000 0.082
2832.000 0.082
2833.000 0.083
2834.000 0.094
2835.000 0.095
2836.000 0.086
2837.000 0.087
2838.000 0.091
2839.000 0.083
2840.000 0.082
2841.000 0.088
2842.000 0.081
2843.000 0.079
2844.000 0.087
2845.000 0.074
2846.000 0.093
2847.000 0.092
2848.000 0.090
2849.000 0.080
2850.000 0.092
2851.000 0.082
2852.000 0.099
2853.000 0.081
2855.000 0.086
2856.000 0.077
2858.000 0.087
2859.000 0.082
2860.000 0.086
2861.000 0.091
2862.000 0.062
2863.000 0.081
2864.000 0.092
2865.000 0.078
2866.000 0.072
2867.000 0.081
2868.000 0.087
2869.000 0.085
2870.000 0.076
2871.000 0.086
2872.000 0.084
2873.000 0.100
2874.000 0.090
2875.000 0.091
2876.000 0.078
2877.000 0.081
2878.000 0.083
2879.000 0.096
2880.000 0.088
2881.000 0.085
2882.000 0.084
2883.000 0.094
2884.000 0.086
2885.000 0.082
2886.000 0.078
2887.000 0.069
2888.000 0.079
2889.000 0.097
2890.000 0.089
2891.000 0.079
2892.000 0.098
2893.000 0.085
2894.000 0.084
2895.000 0.082
2896.000 0.088
2897.000 0.083
2898.000 0.081
2899.000 0.100
2900.000 0.087
2901.000 0.097
2902.000 0.076
2903.000 0.100
2904.000 0.091
2905.000 0.084
2906.000 0.092
2907.000 0.084
2908.000 0.092
2909.000 0.083
2910.000 0.081
2911.000 0.074
2912.000 0.086
2913.000 0.093
2914.000 0.087
2915.000 0.090
2916.000 0.097
2917.000 0.080
2918.000 0.083
2919.000 0.084
2920.000 0.091
2921.000 0.079
2922.000 0.092
2923.000 0.085
2924.000 0.087
2925.000 0.081
2926.000 0.103
2927.000 0.084
2928.000 0.095
2929.000 0.094
2930.000 0.088
2931.000 0.086
2932.000 0.088
2933.000 0.081
2934.000 0.092
2935.000 0.088
2936.000 0.094
2937.000 0.096
2938.000 0.101
2939.000 0.098
2940.000 0.083
2941.000 0.077
2942.000 0.093
2943.000 0.079
2944.000 0.078
2945.000 0.089
2946.000 0.089
2947.000 0.082
2948.000 0.087
2949.000 0.083
2950.000 0.086
2951.000 0.089
2952.000 0.096
2953.000 0.081
2954.000 0.091
2955.000 0.083
2956.000 0.085
2957.000 0.095
2958.000 0.066
2959.000 0.095
2960.000 0.072
2961.000 0.081
2962.000 0.073
2963.000 0.087
2964.000 0.092
2965.000 0.077
2966.000 0.080
2967.000 0.078
2968.000 0.091
2969.000 0.073
2970.000 0.070
2971.000 0.071
2972.000 0.090
2973.000 0.092
2974.000 0.082
2975.000 0.080
2976.000 0.090
2977.000 0.089
2978.000 0.084
2979.000 0.088
2980.000 0.071
2981.000 0.089
2982.000 0.075
2983.000 0.089
2984.000 0.093
2985.000 0.094
2986.000 0.095
2987.000 0.074
2988.000 0.077
2989.000 0.086
2990.000 0.079
2991.000 0.085
2992.000 0.085
2993.000 0.078
2994.000 0.090
2995.000 0.080
2996.000 0.072
2997.000 0.081
2998.000 0.079
2999.000 0.079
3000.000 0.079
