2.000 5.602
4.000 1.703
6.000 3.076
8.000 3.300
10.000 1.299
12.000 2.396
14.000 2.684
16.000 3.081
18.000 1.514
20.000 4.775
22.000 5.553
24.000 2.969
26.000 2.733
28.000 3.841
30.000 3.769
32.000 4.074
34.000 5.122
36.000 4.924
38.000 5.671
40.000 4.995
42.000 3.661
44.000 3.202
46.000 2.514
48.000 2.845
50.000 4.923
52.000 4.199
54.000 5.164
56.000 2.931
58.000 3.346
60.000 4.275
62.000 7.111
64.000 4.584
66.000 7.325
68.000 9.894
70.000 6.249
72.000 2.607
74.000 1.766
76.000 7.060
78.000 2.436
80.000 2.058
82.000 2.410
84.000 1.838
86.000 3.048
88.000 3.057
90.000 4.333
92.000 3.852
94.000 3.227
96.000 4.868
98.000 2.608
100.000 6.394
102.000 6.717
104.000 3.041
106.000 5.869
108.000 2.447
110.000 3.593
112.000 3.480
114.000 3.696
116.000 5.235
118.000 2.553
120.000 4.272
122.000 3.425
124.000 2.951
126.000 3.419
128.000 3.912
130.000 3.753
132.000 2.293
134.000 3.083
136.000 6.310
138.000 3.298
140.000 4.149
142.000 3.634
144.000 2.824
146.000 2.818
148.000 2.058
150.000 3.551
152.000 4.830
154.000 4.746
156.000 3.929
158.000 3.143
160.000 5.013
162.000 6.373
164.000 5.508
166.000 3.965
168.000 3.692
170.000 2.238
172.000 5.340
174.000 4.944
176.000 4.729
178.000 4.326
180.000 3.980
182.000 4.871
184.000 4.732
186.000 4.844
188.000 5.212
190.000 4.171
192.000 3.583
194.000 4.797
196.000 4.380
198.000 3.821
200.000 3.541
202.000 3.661
204.000 5.129
206.000 5.268
208.000 4.877
210.000 4.282
212.000 4.112
214.000 3.959
216.000 4.692
218.000 5.999
220.000 5.649
222.000 4.244
224.000 4.129
226.000 4.455
228.000 4.431
230.000 4.749
232.000 5.154
234.000 5.002
236.000 3.805
238.000 4.669
240.000 4.821
242.000 5.270
244.000 4.738
246.000 4.997
248.000 5.332
250.000 5.300
252.000 5.220
254.000 5.308
256.000 6.415
258.000 5.737
260.000 5.695
262.000 6.153
264.000 6.204
266.000 6.213
268.000 6.512
270.000 6.544
272.000 6.219
274.000 7.211
276.000 6.851
278.000 6.982
280.000 7.347
282.000 7.585
284.000 7.197
286.000 6.915
288.000 8.779
290.000 8.909
292.000 9.054
294.000 9.348
296.000 9.105
298.000 9.903
300.000 9.704
302.000 10.670
304.000 10.508
306.000 10.118
308.000 10.778
310.000 11.161
312.000 11.460
314.000 12.198
316.000 13.210
318.000 12.967
320.000 14.635
322.000 17.010
324.000 14.658
326.000 14.728
328.000 16.943
330.000 18.068
332.000 17.474
334.000 19.417
336.000 18.902
338.000 21.921
340.000 23.088
342.000 23.069
344.000 26.249
346.000 28.020
348.000 28.483
350.000 31.609
352.000 32.718
354.000 36.824
356.000 39.523
358.000 42.414
360.000 51.151
362.000 52.946
364.000 60.925
366.000 67.063
368.000 80.533
370.000 99.656
372.000 107.142
374.000 131.301
376.000 136.392
378.000 144.084
380.000 147.742
382.000 148.555
384.000 148.207
386.000 146.238
388.000 133.752
390.000 114.784
392.000 104.572
394.000 86.602
396.000 83.223
398.000 73.469
400.000 65.824
402.000 63.046
404.000 56.944
406.000 58.430
408.000 51.666
410.000 48.871
412.000 47.049
414.000 46.576
416.000 46.005
418.000 42.731
420.000 41.460
422.000 39.347
424.000 39.066
426.000 37.287
428.000 37.124
430.000 36.588
432.000 33.860
434.000 36.555
436.000 33.808
438.000 35.225
440.000 32.949
442.000 32.522
444.000 31.169
446.000 30.997
448.000 30.107
450.000 29.843
452.000 27.937
454.000 27.387
456.000 26.706
458.000 26.391
460.000 26.035
462.000 25.007
464.000 24.199
466.000 23.268
468.000 22.140
470.000 21.675
472.000 20.675
474.000 19.636
476.000 19.042
478.000 18.573
480.000 17.565
482.000 16.802
484.000 15.709
486.000 15.536
488.000 14.558
490.000 13.971
492.000 13.574
494.000 14.026
496.000 13.021
498.000 13.578
500.000 12.343
502.000 11.272
504.000 10.041
506.000 9.754
508.000 9.376
510.000 9.539
512.000 7.991
514.000 8.201
516.000 7.719
518.000 7.383
520.000 7.395
522.000 6.901
524.000 6.345
526.000 6.169
528.000 6.128
530.000 5.243
532.000 5.631
534.000 5.365
536.000 4.986
538.000 5.013
540.000 4.656
542.000 4.566
544.000 4.540
546.000 4.196
548.000 3.978
550.000 3.772
552.000 4.061
554.000 3.511
556.000 3.590
558.000 2.992
562.000 3.498
564.000 2.995
566.000 3.040
568.000 2.996
570.000 3.003
572.000 2.868
574.000 2.680
576.000 2.918
578.000 2.682
580.000 2.339
582.000 2.282
584.000 2.113
586.000 2.007
588.000 2.497
590.000 2.307
592.000 1.719
594.000 1.639
596.000 1.988
598.000 2.104
600.000 1.609
602.000 1.538
604.000 1.502
606.000 1.522
608.000 1.660
610.000 1.679
612.000 1.682
614.000 1.188
616.000 1.331
618.000 1.521
620.000 1.479
622.000 1.609
624.000 0.807
626.000 1.507
628.000 1.167
630.000 1.363
632.000 1.105
634.000 1.031
636.000 1.145
638.000 1.222
640.000 1.058
642.000 1.266
644.000 0.858
646.000 1.205
648.000 1.226
650.000 1.220
652.000 0.883
654.000 0.968
656.000 0.810
658.000 0.835
660.000 0.760
662.000 0.960
664.000 0.878
666.000 0.817
668.000 0.904
670.000 0.864
672.000 0.849
674.000 0.753
676.000 0.907
678.000 0.744
680.000 0.655
682.000 0.511
684.000 0.536
686.000 0.637
688.000 0.457
690.000 0.706
692.000 0.557
694.000 0.608
696.000 0.690
698.000 0.782
700.000 0.622
702.000 0.750
704.000 0.475
706.000 0.497
708.000 0.541
710.000 0.719
712.000 0.805
714.000 0.328
716.000 0.508
718.000 0.455
720.000 0.520
722.000 0.525
724.000 0.482
726.000 0.607
728.000 0.292
730.000 0.829
732.000 0.509
734.000 0.689
736.000 0.620
738.000 0.413
740.000 0.361
742.000 0.381
744.000 0.437
746.000 0.535
748.000 0.368
750.000 0.245
752.000 0.371
754.000 0.491
756.000 0.450
758.000 0.409
760.000 0.437
762.000 0.447
764.000 0.433
766.000 0.600
768.000 0.454
770.000 0.345
772.000 0.309
774.000 0.506
776.000 0.301
778.000 0.347
780.000 0.512
782.000 0.379
784.000 0.255
786.000 0.493
788.000 0.183
790.000 0.440
792.000 0.339
794.000 0.428
796.000 0.291
798.000 0.449
800.000 0.410
802.000 0.312
804.000 0.508
806.000 0.304
808.000 0.270
810.000 0.384
812.000 0.323
814.000 0.315
816.000 0.274
818.000 0.263
820.000 0.184
822.000 0.339
824.000 0.234
826.000 0.236
828.000 0.325
830.000 0.277
832.000 0.333
834.000 0.538
836.000 0.398
838.000 0.311
840.000 0.387
842.000 0.357
844.000 0.418
846.000 0.361
848.000 0.426
850.000 0.247
852.000 0.379
854.000 0.242
856.000 0.484
858.000 0.464
860.000 0.382
862.000 0.227
864.000 0.347
866.000 0.293
868.000 0.390
870.000 0.296
872.000 0.271
874.000 0.423
876.000 0.432
878.000 0.289
880.000 0.424
882.000 0.514
884.000 0.242
886.000 0.235
888.000 0.362
890.000 0.406
892.000 0.309
894.000 0.291
896.000 0.306
898.000 0.246
900.000 0.357
902.000 0.340
904.000 0.364
906.000 0.259
908.000 0.323
910.000 0.548
912.000 0.310
914.000 0.274
916.000 0.465
918.000 0.376
920.000 0.418
922.000 0.367
924.000 0.284
926.000 0.331
928.000 0.481
930.000 0.480
932.000 0.404
934.000 0.306
936.000 0.435
938.000 0.385
940.000 0.407
942.000 0.329
944.000 0.191
946.000 0.213
948.000 0.253
950.000 0.261
952.000 0.157
954.000 0.346
956.000 0.292
958.000 0.274
960.000 0.357
962.000 0.312
964.000 0.479
966.000 0.322
968.000 0.257
970.000 0.289
972.000 0.268
974.000 0.381
976.000 0.229
978.000 0.512
980.000 0.313
982.000 0.457
984.000 0.386
986.000 0.295
988.000 0.283
990.000 0.449
992.000 0.460
994.000 0.489
996.000 0.450
998.000 0.271
1000.000 0.383
