2.000 6.002
4.000 3.958
6.000 3.452
8.000 4.358
10.000 5.311
12.000 1.595
14.000 2.881
16.000 4.282
18.000 4.716
20.000 2.561
22.000 3.058
24.000 4.163
26.000 4.127
28.000 2.647
30.000 2.149
32.000 2.820
34.000 3.308
36.000 2.691
38.000 2.258
40.000 2.124
42.000 4.000
46.000 6.594
48.000 3.001
50.000 4.380
52.000 2.919
54.000 1.814
56.000 6.198
58.000 8.279
60.000 3.585
62.000 5.678
64.000 3.916
66.000 3.622
68.000 6.294
70.000 3.632
72.000 3.243
74.000 3.146
76.000 3.952
78.000 4.377
80.000 5.282
82.000 2.818
84.000 3.297
86.000 4.935
88.000 5.090
90.000 3.673
92.000 3.615
94.000 6.542
96.000 2.730
98.000 5.876
100.000 3.857
102.000 2.741
104.000 2.275
106.000 4.363
108.000 3.628
110.000 5.672
112.000 5.950
114.000 3.462
116.000 4.470
118.000 5.603
120.000 4.022
122.000 2.851
124.000 6.508
126.000 5.938
128.000 4.722
130.000 4.103
132.000 1.924
134.000 5.819
136.000 6.069
138.000 4.423
140.000 4.740
142.000 7.392
144.000 3.576
146.000 4.904
148.000 4.555
150.000 3.555
152.000 4.666
154.000 3.199
156.000 5.222
158.000 3.715
160.000 8.077
162.000 5.508
164.000 5.490
166.000 5.276
168.000 3.601
170.000 4.250
172.000 3.606
174.000 4.818
176.000 3.553
178.000 5.916
180.000 4.163
182.000 4.223
184.000 3.892
186.000 3.900
188.000 2.757
190.000 3.769
192.000 4.580
194.000 3.051
196.000 3.219
198.000 4.764
200.000 4.160
202.000 2.922
204.000 3.152
206.000 3.996
208.000 4.313
210.000 3.873
212.000 4.415
214.000 3.864
216.000 4.677
218.000 4.846
220.000 3.877
222.000 4.115
224.000 4.356
226.000 3.935
228.000 4.704
230.000 4.689
232.000 5.103
234.000 5.584
236.000 4.785
238.000 3.716
240.000 4.300
242.000 5.823
244.000 4.351
246.000 3.297
248.000 4.672
250.000 3.821
252.000 3.969
254.000 4.924
256.000 4.668
258.000 4.766
260.000 5.072
262.000 4.911
264.000 4.891
266.000 5.261
268.000 5.644
270.000 5.656
272.000 5.064
274.000 5.511
276.000 5.589
278.000 5.373
280.000 5.430
282.000 6.850
284.000 6.754
286.000 6.250
288.000 6.254
290.000 5.941
292.000 5.524
294.000 6.378
296.000 6.346
298.000 6.776
300.000 7.256
302.000 7.593
304.000 7.513
306.000 7.380
308.000 8.123
310.000 6.483
312.000 8.602
314.000 7.962
316.000 8.888
318.000 8.132
320.000 8.574
322.000 8.850
324.000 10.128
326.000 9.655
328.000 9.802
330.000 9.215
332.000 9.714
334.000 10.473
336.000 11.584
338.000 10.805
340.000 10.986
342.000 12.262
344.000 13.350
346.000 13.097
348.000 12.328
350.000 12.496
352.000 13.449
354.000 13.591
356.000 14.697
358.000 14.721
360.000 14.968
362.000 16.547
364.000 16.709
366.000 16.472
368.000 18.432
370.000 18.134
372.000 19.590
374.000 20.013
376.000 20.658
378.000 22.475
380.000 24.428
382.000 24.408
384.000 26.377
386.000 29.148
388.000 27.762
390.000 33.603
392.000 29.324
394.000 33.971
396.000 36.259
398.000 39.634
400.000 40.391
402.000 41.751
404.000 48.015
406.000 51.037
408.000 55.261
410.000 61.673
412.000 65.498
414.000 72.119
416.000 74.831
418.000 87.023
420.000 96.679
422.000 105.325
424.000 120.900
426.000 127.755
428.000 137.131
430.000 143.524
432.000 145.725
434.000 149.244
436.000 150.345
438.000 152.008
440.000 152.757
442.000 152.865
444.000 152.643
446.000 152.433
448.000 150.929
450.000 147.774
452.000 146.715
454.000 142.385
456.000 140.756
458.000 135.044
460.000 127.358
462.000 120.109
464.000 107.795
466.000 102.293
468.000 90.277
470.000 81.335
472.000 76.770
474.000 70.854
476.000 65.401
478.000 63.071
480.000 55.155
482.000 53.250
484.000 48.437
486.000 45.115
488.000 43.562
490.000 37.611
492.000 38.077
494.000 32.431
496.000 34.388
498.000 30.780
500.000 26.793
502.000 27.006
504.000 24.945
506.000 22.937
508.000 21.364
510.000 21.733
512.000 18.994
514.000 17.748
516.000 17.827
518.000 15.732
520.000 15.061
522.000 15.147
524.000 13.879
526.000 13.419
528.000 12.857
530.000 11.772
532.000 11.432
534.000 10.503
536.000 11.011
538.000 10.201
540.000 9.279
542.000 9.311
544.000 9.238
546.000 9.210
548.000 8.164
550.000 7.816
552.000 7.454
554.000 8.455
556.000 7.222
558.000 6.137
560.000 5.943
562.000 6.245
564.000 5.758
566.000 5.682
568.000 5.397
570.000 5.745
572.000 6.019
574.000 7.772
576.000 5.615
578.000 5.629
580.000 4.347
582.000 4.597
584.000 4.575
586.000 5.050
588.000 3.838
590.000 3.634
592.000 4.753
594.000 3.502
596.000 3.384
598.000 3.258
600.000 2.762
602.000 3.148
604.000 2.566
606.000 2.541
608.000 2.953
610.000 3.100
612.000 3.523
614.000 2.875
616.000 2.401
618.000 2.844
620.000 2.402
622.000 2.625
624.000 2.408
626.000 2.300
628.000 2.380
630.000 2.315
632.000 1.834
634.000 1.774
636.000 1.866
638.000 1.938
640.000 2.016
642.000 1.834
644.000 1.862
646.000 1.514
648.000 1.613
650.000 1.525
652.000 1.484
654.000 1.685
656.000 1.503
658.000 1.706
660.000 1.374
662.000 1.187
664.000 1.190
666.000 1.438
668.000 0.935
670.000 1.096
672.000 1.051
674.000 0.939
676.000 0.832
678.000 1.078
680.000 1.324
682.000 0.955
684.000 1.074
686.000 0.812
688.000 0.672
690.000 0.879
692.000 0.860
694.000 0.946
696.000 0.767
698.000 0.888
700.000 0.789
702.000 0.773
704.000 0.741
706.000 0.717
708.000 0.746
710.000 0.839
712.000 0.909
714.000 0.962
716.000 0.661
718.000 0.987
720.000 0.759
722.000 0.846
724.000 0.684
726.000 0.353
728.000 0.570
730.000 0.724
732.000 0.484
734.000 0.566
736.000 0.679
738.000 0.672
740.000 0.658
742.000 0.788
744.000 0.666
746.000 0.527
748.000 0.812
750.000 0.688
752.000 0.555
754.000 0.375
756.000 0.476
758.000 0.594
760.000 0.609
762.000 0.699
764.000 0.562
766.000 0.387
768.000 0.427
770.000 0.489
772.000 0.575
774.000 0.509
776.000 0.419
778.000 0.449
780.000 0.404
782.000 0.416
784.000 0.403
786.000 0.368
788.000 0.567
790.000 0.475
792.000 0.428
794.000 0.321
796.000 0.356
798.000 0.381
800.000 0.353
802.000 0.312
804.000 0.453
806.000 0.541
808.000 0.232
810.000 0.408
812.000 0.340
814.000 0.245
816.000 0.257
818.000 0.560
820.000 0.228
822.000 0.545
824.000 0.349
826.000 0.407
828.000 0.325
830.000 0.498
832.000 0.228
834.000 0.321
836.000 0.501
838.000 0.249
840.000 0.140
842.000 0.613
844.000 0.300
846.000 0.333
848.000 0.310
850.000 0.279
852.000 0.360
854.000 0.367
856.000 0.468
858.000 0.319
860.000 0.328
862.000 0.328
864.000 0.518
866.000 0.528
868.000 0.347
870.000 0.343
872.000 0.361
874.000 0.317
876.000 0.435
878.000 0.361
880.000 0.473
882.000 0.334
884.000 0.341
886.000 0.200
888.000 0.495
890.000 0.210
892.000 0.255
894.000 0.383
896.000 0.231
898.000 0.293
900.000 0.229
902.000 0.390
904.000 0.290
906.000 0.332
908.000 0.326
910.000 0.360
912.000 0.637
914.000 0.401
916.000 0.400
918.000 0.362
920.000 0.357
922.000 0.320
924.000 0.562
926.000 0.381
928.000 0.273
930.000 0.344
932.000 0.210
934.000 0.276
936.000 0.192
938.000 0.398
940.000 0.291
942.000 0.517
944.000 0.531
946.000 0.397
948.000 0.292
950.000 0.297
952.000 0.369
954.000 0.255
956.000 0.501
958.000 0.479
960.000 0.366
962.000 0.175
964.000 0.247
966.000 0.466
968.000 0.353
970.000 0.374
972.000 0.433
974.000 0.305
976.000 0.524
978.000 0.347
980.000 0.354
982.000 0.303
984.000 0.274
986.000 0.392
988.000 0.461
990.000 0.543
992.000 0.493
994.000 0.315
996.000 0.268
998.000 0.383
1000.000 0.298
