5.000 22.426
10.000 21.753
15.000 19.994
20.000 13.513
25.000 24.411
30.000 16.774
35.000 20.613
40.000 20.033
45.000 16.188
50.000 15.868
55.000 11.825
60.000 13.740
65.000 13.486
70.000 25.861
75.000 18.384
80.000 13.239
85.000 23.877
90.000 7.199
95.000 21.751
100.000 20.812
105.000 19.111
110.000 18.079
115.000 28.389
120.000 31.813
125.000 24.935
130.000 9.386
135.000 48.578
140.000 53.503
145.000 45.901
150.000 25.109
155.000 29.247
160.000 49.986
165.000 30.709
170.000 48.741
175.000 34.902
180.000 27.903
185.000 39.125
190.000 42.127
195.000 16.497
200.000 20.339
205.000 53.269
210.000 37.340
215.000 39.415
220.000 37.915
225.000 53.873
230.000 59.210
235.000 20.315
240.000 43.590
245.000 30.899
250.000 38.592
255.000 39.226
260.000 27.659
265.000 37.320
270.000 46.302
275.000 39.407
280.000 27.560
285.000 26.370
290.000 44.288
295.000 44.555
300.000 38.274
305.000 27.307
310.000 34.442
315.000 37.517
320.000 39.352
325.000 23.646
330.000 34.842
335.000 35.602
340.000 34.504
345.000 51.286
350.000 43.593
355.000 60.279
360.000 65.179
365.000 74.380
370.000 51.210
375.000 54.818
380.000 48.379
385.000 51.208
390.000 58.146
395.000 50.718
400.000 55.779
405.000 49.569
410.000 67.622
415.000 69.873
420.000 70.618
425.000 68.751
430.000 76.696
435.000 79.917
440.000 80.738
445.000 87.139
450.000 75.218
455.000 73.653
460.000 68.389
465.000 66.622
470.000 63.475
475.000 62.203
480.000 61.654
485.000 93.540
490.000 42.022
495.000 47.940
500.000 56.924
505.000 57.387
510.000 43.557
515.000 45.272
520.000 45.891
525.000 42.937
530.000 45.635
535.000 37.971
540.000 33.032
545.000 38.340
550.000 30.023
555.000 78.274
560.000 107.030
565.000 45.276
570.000 36.894
575.000 32.028
580.000 33.192
585.000 27.464
590.000 26.324
595.000 20.410
600.000 28.088
605.000 24.462
610.000 24.405
615.000 21.686
620.000 22.869
625.000 23.279
630.000 21.897
635.000 22.443
640.000 21.098
645.000 20.434
650.000 18.500
655.000 21.680
660.000 18.501
665.000 19.921
670.000 16.627
675.000 15.920
680.000 15.824
685.000 19.968
690.000 18.223
695.000 19.892
700.000 20.052
705.000 13.597
710.000 16.081
715.000 17.689
720.000 18.254
725.000 18.705
730.000 14.249
735.000 15.719
740.000 16.971
745.000 17.480
750.000 15.286
755.000 12.715
760.000 14.354
765.000 15.643
770.000 16.573
775.000 16.619
780.000 16.363
785.000 17.392
790.000 14.687
795.000 20.329
800.000 18.826
805.000 15.420
810.000 15.316
815.000 13.423
820.000 15.522
825.000 14.233
830.000 14.696
835.000 15.950
840.000 17.517
845.000 15.933
850.000 16.681
855.000 15.412
860.000 16.609
865.000 15.854
870.000 17.364
875.000 16.988
880.000 16.934
885.000 18.418
890.000 16.597
895.000 18.754
900.000 18.903
905.000 19.662
910.000 22.480
915.000 23.612
920.000 22.153
925.000 23.899
930.000 24.406
935.000 27.992
940.000 25.105
945.000 28.786
950.000 31.542
955.000 34.645
960.000 31.417
965.000 35.231
970.000 34.233
975.000 38.394
980.000 30.882
985.000 40.804
990.000 31.246
995.000 23.147
1000.000 25.008
1005.000 25.466
1010.000 24.217
1015.000 20.464
1020.000 21.335
1025.000 16.899
1030.000 17.105
1035.000 16.397
1040.000 19.085
1045.000 13.957
1050.000 14.041
1055.000 11.958
1060.000 13.401
1065.000 10.901
1070.000 11.809
1075.000 10.585
1080.000 9.497
1085.000 9.651
1090.000 10.039
1095.000 11.676
1100.000 8.553
1105.000 8.030
1110.000 9.349
1115.000 7.934
1120.000 8.970
1125.000 7.972
1130.000 7.615
1135.000 8.831
1140.000 7.389
1145.000 7.720
1150.000 7.292
1155.000 7.328
1160.000 7.638
1165.000 7.789
1170.000 7.717
1175.000 8.698
1180.000 7.617
1185.000 8.302
1190.000 9.332
1195.000 9.255
1200.000 11.223
1205.000 9.260
1210.000 10.015
1215.000 10.096
1220.000 10.175
1225.000 9.900
1230.000 9.884
1235.000 10.385
1240.000 10.105
1245.000 10.238
1250.000 10.466
1255.000 9.874
1260.000 10.635
1265.000 10.343
1270.000 10.082
1275.000 10.467
1280.000 10.064
1285.000 9.928
1290.000 10.163
1295.000 10.235
1300.000 10.150
1305.000 9.836
1310.000 10.146
1315.000 9.899
1320.000 10.137
1325.000 9.654
1330.000 9.683
1335.000 9.721
1340.000 10.086
1345.000 9.981
1350.000 9.844
1355.000 10.264
1360.000 11.219
1365.000 9.564
1370.000 9.371
1375.000 9.402
1380.000 9.711
1385.000 10.129
1390.000 9.360
1395.000 11.397
1400.000 9.296
1405.000 9.386
1410.000 9.558
1415.000 9.239
1420.000 9.333
1425.000 9.329
1430.000 9.142
1435.000 9.165
1440.000 9.333
1445.000 9.448
1450.000 8.928
1455.000 9.198
1460.000 9.369
1465.000 9.311
1470.000 9.364
1475.000 9.297
1480.000 9.366
1485.000 9.295
1490.000 9.303
1495.000 9.576
1500.000 9.276
1505.000 9.362
1510.000 9.369
1515.000 9.533
1520.000 9.631
1525.000 9.600
1530.000 9.576
1535.000 10.147
1540.000 9.831
1545.000 9.881
1550.000 9.943
1555.000 9.964
1560.000 10.487
1565.000 10.303
1570.000 10.160
1575.000 10.313
1580.000 10.638
1585.000 10.862
1590.000 10.796
1595.000 11.004
1600.000 11.216
1605.000 11.274
1610.000 11.393
1615.000 11.620
1620.000 11.671
1625.000 12.068
1630.000 12.071
1635.000 12.204
1640.000 12.309
1645.000 12.559
1650.000 12.655
1655.000 12.888
1660.000 13.185
1665.000 13.396
1670.000 13.414
1675.000 13.643
1680.000 13.788
1685.000 14.377
1690.000 14.506
1695.000 14.699
1700.000 15.067
1705.000 15.274
1710.000 15.594
1715.000 15.844
1720.000 16.012
1725.000 16.224
1730.000 16.495
1735.000 16.958
1740.000 17.194
1745.000 17.615
1750.000 17.579
1755.000 18.086
1760.000 18.622
1765.000 18.815
1770.000 19.292
1775.000 19.558
1780.000 19.979
1785.000 20.312
1790.000 20.927
1795.000 21.062
1800.000 21.300
1805.000 21.417
1810.000 22.652
1815.000 22.407
1820.000 23.005
1825.000 23.515
1830.000 23.856
1835.000 24.396
1840.000 24.773
1845.000 25.262
1850.000 25.887
1855.000 26.200
1860.000 26.559
1865.000 26.930
1870.000 27.615
1875.000 27.859
1880.000 28.379
1885.000 28.986
1890.000 29.501
1895.000 30.033
1900.000 30.241
1905.000 30.643
1910.000 31.467
1915.000 31.699
1920.000 32.517
1925.000 29.027
1930.000 32.737
1935.000 33.653
1940.000 34.067
1945.000 34.644
1950.000 35.274
1955.000 35.508
1960.000 36.128
1965.000 36.633
1970.000 37.078
1975.000 37.417
1980.000 38.118
1985.000 38.553
1990.000 38.760
1995.000 39.622
2000.000 39.767
2005.000 40.278
2010.000 41.281
2015.000 41.483
2020.000 41.966
2025.000 42.614
2030.000 42.983
2035.000 43.973
2040.000 44.393
2045.000 44.984
2050.000 44.777
2055.000 43.887
2060.000 45.532
2065.000 44.896
2070.000 40.606
2075.000 48.309
2080.000 48.867
2085.000 49.457
2090.000 50.232
2095.000 50.648
2100.000 50.504
2105.000 52.423
2110.000 51.837
2115.000 53.786
2120.000 55.131
2125.000 55.720
2130.000 56.930
2135.000 58.425
2140.000 59.265
2145.000 60.728
2150.000 61.093
2155.000 60.547
2160.000 64.929
2165.000 65.976
2170.000 67.645
2175.000 66.803
2180.000 69.795
2185.000 73.157
2190.000 74.038
2195.000 74.147
2200.000 79.133
2205.000 81.360
2210.000 85.905
2215.000 87.353
2220.000 91.987
2225.000 92.670
2230.000 98.368
2235.000 102.409
2240.000 106.033
2245.000 108.249
2250.000 113.056
2255.000 118.126
2260.000 124.019
2265.000 125.001
2270.000 132.503
2275.000 135.319
2280.000 138.476
2285.000 139.168
2290.000 140.381
2295.000 142.930
2300.000 144.564
2305.000 146.039
2310.000 147.161
2315.000 147.758
2320.000 147.770
2325.000 147.904
2330.000 148.229
2335.000 147.863
2340.000 147.575
2345.000 146.550
2350.000 145.279
2355.000 144.304
2360.000 143.583
2365.000 140.848
2370.000 137.874
2375.000 136.619
2380.000 132.950
2385.000 128.906
2390.000 124.459
2395.000 117.976
2400.000 115.824
2405.000 109.048
2410.000 103.243
2415.000 99.603
2420.000 94.403
2425.000 89.092
2430.000 86.492
2435.000 82.873
2440.000 79.929
2445.000 76.411
2450.000 73.400
2455.000 71.699
2460.000 70.201
2465.000 67.560
2470.000 64.749
2475.000 63.668
2480.000 61.452
2485.000 59.386
2490.000 58.459
2495.000 56.453
2500.000 55.355
2505.000 53.745
2510.000 53.243
2515.000 51.532
2520.000 50.468
2525.000 49.283
2530.000 48.649
2535.000 48.088
2540.000 46.994
2545.000 46.176
2550.000 45.623
2555.000 44.855
2560.000 44.240
2565.000 43.465
2570.000 42.657
2575.000 42.567
2580.000 41.798
2585.000 41.436
2590.000 40.855
2595.000 40.152
2600.000 39.753
2605.000 39.597
2610.000 39.215
2615.000 38.703
2620.000 38.347
2625.000 38.140
2630.000 37.818
2635.000 37.716
2640.000 37.316
2645.000 36.981
2650.000 37.151
2655.000 36.800
2660.000 36.584
2665.000 36.667
2670.000 36.379
2675.000 35.999
2680.000 36.062
2685.000 36.120
2690.000 36.058
2695.000 36.231
2700.000 36.295
2705.000 36.279
2710.000 36.332
2715.000 36.512
2720.000 36.717
2725.000 36.846
2730.000 37.127
2735.000 36.986
2740.000 37.443
2745.000 38.102
2750.000 38.073
2755.000 38.415
2760.000 38.803
2765.000 39.315
2770.000 39.841
2775.000 39.839
2780.000 40.754
2785.000 41.523
2790.000 41.977
2795.000 42.616
2800.000 43.248
2805.000 44.212
2810.000 44.789
2815.000 45.973
2820.000 47.086
2825.000 47.897
2830.000 49.434
2835.000 50.390
2840.000 51.994
2845.000 53.950
2850.000 55.056
2855.000 57.321
2860.000 58.638
2865.000 61.613
2870.000 65.027
2875.000 66.919
2880.000 70.566
2885.000 75.673
2890.000 77.908
2895.000 84.500
2900.000 87.826
2905.000 95.108
2910.000 99.241
2915.000 108.759
2920.000 119.500
2925.000 122.168
2930.000 127.787
2935.000 133.331
2940.000 136.841
2945.000 140.181
2950.000 141.439
2955.000 140.371
2960.000 140.822
2965.000 137.183
2970.000 133.413
2975.000 127.193
2980.000 113.991
2985.000 100.541
2990.000 94.577
2995.000 83.519
3000.000 78.264
3005.000 70.130
3010.000 66.673
3015.000 60.434
3020.000 57.655
3025.000 52.589
3030.000 48.556
3035.000 46.446
3040.000 43.102
3045.000 39.939
3050.000 38.609
3055.000 36.199
3060.000 33.761
3065.000 32.636
3070.000 31.559
3075.000 29.814
3080.000 28.202
3085.000 26.709
3090.000 26.051
3095.000 25.243
3100.000 24.042
3105.000 22.966
3110.000 22.515
3115.000 21.389
3120.000 20.729
3125.000 20.211
3130.000 19.280
3135.000 18.794
3140.000 18.251
3145.000 17.365
3150.000 17.130
3155.000 16.471
3160.000 16.111
3165.000 15.753
3170.000 15.268
3175.000 14.872
3180.000 14.225
3185.000 13.963
3190.000 13.724
3195.000 13.387
3200.000 13.060
3205.000 12.522
3210.000 12.490
3215.000 12.119
3220.000 11.988
3225.000 11.559
3230.000 11.374
3235.000 11.125
3240.000 10.787
3245.000 10.664
3250.000 10.500
3255.000 10.291
3260.000 10.073
3265.000 9.711
3270.000 9.617
3275.000 9.545
3280.000 9.418
3285.000 9.160
3290.000 8.740
3295.000 8.886
3300.000 8.633
3305.000 8.527
3310.000 8.297
3315.000 8.235
3320.000 8.190
3325.000 7.912
3330.000 7.897
3335.000 7.730
3340.000 7.545
3345.000 7.566
3350.000 7.357
3355.000 7.269
3360.000 7.184
3365.000 7.110
3370.000 6.900
3375.000 7.095
3380.000 6.851
3385.000 6.725
3390.000 6.688
3395.000 6.608
3400.000 6.414
3405.000 6.300
3410.000 6.244
3415.000 6.040
3420.000 6.118
3425.000 6.128
3430.000 6.110
3435.000 5.895
3440.000 5.774
3445.000 5.833
3450.000 5.757
3455.000 5.879
3460.000 5.542
3465.000 5.757
3470.000 5.459
3475.000 5.268
3480.000 5.407
3485.000 5.351
3490.000 5.203
3495.000 5.170
3500.000 5.140
3505.000 5.041
3510.000 5.140
3515.000 5.047
3520.000 4.979
3525.000 4.935
3530.000 4.790
3535.000 4.998
3540.000 4.962
3545.000 4.922
3550.000 4.759
3555.000 4.607
3560.000 4.612
3565.000 4.529
3570.000 4.520
3575.000 4.334
3580.000 4.400
3585.000 4.349
3590.000 4.460
3595.000 4.405
3600.000 4.339
3605.000 4.437
3610.000 4.335
3615.000 4.458
3620.000 4.318
3625.000 4.232
3630.000 4.200
3635.000 4.097
3640.000 4.084
3645.000 4.118
3650.000 4.062
3655.000 4.082
3660.000 4.086
3665.000 3.920
3670.000 3.938
3675.000 4.057
3680.000 4.035
3685.000 3.924
3690.000 4.047
3695.000 3.930
3700.000 3.873
3705.000 4.019
3710.000 3.958
3715.000 3.779
3720.000 3.779
3725.000 3.852
3730.000 3.838
3735.000 3.723
3740.000 3.828
3745.000 3.795
3750.000 3.914
3755.000 3.790
3760.000 3.958
3765.000 3.989
3770.000 3.720
3775.000 3.654
3780.000 3.743
3785.000 3.671
3790.000 3.623
3795.000 3.614
3800.000 3.719
3805.000 3.729
3810.000 3.653
3815.000 3.658
3820.000 3.643
3825.000 3.661
3830.000 3.753
3835.000 3.637
3840.000 3.654
3845.000 3.762
3850.000 3.653
3855.000 3.754
3860.000 3.747
3865.000 3.680
3870.000 3.882
3875.000 3.832
3880.000 3.768
3885.000 3.619
3890.000 3.674
3895.000 3.741
3900.000 3.748
3905.000 3.728
3910.000 3.698
3915.000 3.763
3920.000 3.715
3925.000 3.734
3930.000 3.743
3935.000 3.790
3940.000 3.745
3945.000 3.737
3950.000 3.844
3955.000 3.733
3960.000 3.867
3965.000 3.876
3970.000 3.935
3975.000 3.955
3980.000 3.908
3985.000 3.949
3990.000 4.019
3995.000 3.823
4000.000 3.674
4005.000 3.948
4010.000 3.913
4015.000 4.003
4020.000 3.817
4025.000 4.029
4030.000 4.069
4035.000 3.876
4040.000 3.868
4045.000 3.971
4050.000 3.893
4055.000 3.715
4060.000 3.796
4065.000 3.941
4070.000 3.857
4075.000 3.738
4080.000 3.778
4085.000 3.857
4090.000 3.820
4095.000 3.940
4100.000 3.744
4105.000 3.797
4110.000 4.014
4115.000 3.936
4120.000 3.979
4125.000 4.023
4130.000 3.972
4135.000 4.118
4140.000 4.162
4145.000 4.170
4150.000 4.332
4155.000 4.245
4160.000 4.387
4165.000 4.360
4170.000 4.451
4175.000 4.456
4180.000 4.597
4185.000 4.749
4190.000 4.735
4195.000 4.819
4200.000 4.745
4205.000 4.967
4210.000 5.094
4215.000 5.129
4220.000 5.320
4225.000 5.388
4230.000 5.481
4235.000 5.522
4240.000 5.597
4245.000 5.793
4250.000 5.910
4255.000 6.106
4260.000 6.315
4265.000 6.331
4270.000 6.385
4275.000 6.699
4280.000 6.750
4285.000 7.011
4290.000 7.115
4295.000 7.408
4300.000 7.725
4305.000 7.719
4310.000 8.015
4315.000 8.173
4320.000 8.553
4325.000 8.917
4330.000 8.997
4335.000 9.369
4340.000 9.628
4345.000 10.103
4350.000 10.445
4355.000 10.620
4360.000 11.181
4365.000 11.555
4370.000 12.061
4375.000 12.725
4380.000 12.881
4385.000 13.646
4390.000 14.324
4395.000 14.710
4400.000 15.554
4405.000 16.068
4410.000 16.907
4415.000 17.920
4420.000 18.611
4425.000 19.662
4430.000 20.326
4435.000 21.567
4440.000 22.345
4445.000 23.688
4450.000 25.425
4455.000 26.429
4460.000 28.112
4465.000 28.863
4470.000 30.410
4475.000 32.267
4480.000 35.140
4485.000 38.130
4490.000 39.219
4495.000 43.559
4500.000 47.374
4505.000 49.891
4510.000 54.854
4515.000 60.496
4520.000 64.046
4525.000 67.035
4530.000 75.341
4535.000 81.091
4540.000 89.325
4545.000 99.847
4550.000 108.949
4555.000 119.912
4560.000 133.037
4565.000 135.420
4570.000 141.767
4575.000 143.666
4580.000 145.014
4585.000 144.463
4590.000 144.596
4595.000 144.174
4600.000 145.105
4605.000 144.974
4610.000 143.888
4615.000 140.166
4620.000 136.095
4625.000 133.820
4630.000 127.794
4635.000 121.801
4640.000 117.581
4645.000 109.117
4650.000 104.559
4655.000 98.971
4660.000 91.909
4665.000 86.084
4670.000 83.563
4675.000 79.454
4680.000 77.457
4685.000 73.299
4690.000 71.684
4695.000 68.579
4700.000 67.175
4705.000 64.636
4710.000 62.075
4715.000 60.919
4720.000 59.046
4725.000 57.943
4730.000 56.155
4735.000 54.753
4740.000 53.907
4745.000 52.404
4750.000 51.815
4755.000 50.679
4760.000 49.620
4765.000 49.113
4770.000 48.151
4775.000 47.328
4780.000 46.782
4785.000 46.017
4790.000 45.883
4795.000 45.124
4800.000 44.335
4805.000 43.995
4810.000 43.525
4815.000 43.306
4820.000 42.901
4825.000 42.994
4830.000 42.405
4835.000 42.092
4840.000 42.076
4845.000 42.304
4850.000 41.975
4855.000 41.688
4860.000 42.151
4865.000 42.314
4870.000 42.409
4875.000 42.612
4880.000 43.144
4885.000 43.712
4890.000 43.890
4895.000 43.984
4900.000 44.601
4905.000 42.887
4910.000 45.101
4915.000 46.740
4920.000 47.145
4925.000 48.566
4930.000 49.577
4935.000 51.423
4940.000 52.155
4945.000 53.294
4950.000 53.074
4955.000 57.344
4960.000 59.384
4965.000 58.742
4970.000 64.035
4975.000 68.558
4980.000 70.116
4985.000 76.778
4990.000 79.516
4995.000 85.152
5000.000 90.535
5005.000 98.294
5010.000 102.776
5015.000 115.508
5020.000 124.691
5025.000 128.632
5030.000 137.414
5035.000 140.125
5040.000 142.223
5045.000 143.574
5050.000 143.528
5055.000 139.796
5060.000 135.085
5065.000 128.496
5070.000 113.494
5075.000 97.464
5080.000 89.883
5085.000 83.679
5090.000 72.657
5095.000 63.963
5100.000 57.174
5105.000 53.650
5110.000 48.550
5115.000 45.909
5120.000 45.429
5125.000 39.743
5130.000 36.623
5135.000 35.525
5140.000 32.524
5145.000 30.155
5150.000 28.209
5155.000 27.213
5160.000 25.379
5165.000 24.789
5170.000 22.968
5175.000 22.423
5180.000 21.163
5185.000 20.596
5190.000 19.349
5195.000 18.457
5200.000 17.965
5205.000 17.195
5210.000 16.343
5215.000 16.003
5220.000 15.177
5225.000 14.748
5230.000 14.153
5235.000 13.839
5240.000 13.396
5245.000 12.772
5250.000 12.470
5255.000 12.168
5260.000 11.771
5265.000 11.487
5270.000 10.967
5275.000 10.750
5280.000 10.367
5285.000 10.214
5290.000 9.822
5295.000 9.465
5300.000 9.156
5305.000 8.944
5310.000 8.874
5315.000 8.572
5320.000 8.435
5325.000 8.379
5330.000 7.975
5335.000 7.745
5340.000 7.567
5345.000 7.563
5350.000 7.111
5355.000 7.077
5360.000 7.029
5365.000 6.851
5370.000 6.768
5375.000 6.598
5380.000 6.371
5385.000 6.406
5390.000 6.226
5395.000 5.995
5400.000 5.856
5405.000 5.708
5410.000 5.741
5415.000 5.540
5420.000 5.989
5425.000 5.417
5430.000 5.229
5435.000 5.117
5440.000 5.200
5445.000 4.968
5450.000 4.940
5455.000 4.956
5460.000 4.681
5465.000 4.595
5470.000 4.761
5475.000 4.528
5480.000 4.539
5485.000 4.451
5490.000 4.349
5495.000 4.345
5500.000 4.285
5505.000 4.188
5510.000 4.172
5515.000 4.040
5520.000 4.090
5525.000 4.054
5530.000 3.900
5535.000 3.994
5540.000 3.747
5545.000 3.774
5550.000 3.789
5555.000 4.544
5560.000 3.797
5565.000 3.459
5570.000 3.743
5575.000 3.558
5580.000 3.412
5585.000 3.424
5590.000 3.378
5595.000 3.304
5600.000 3.355
5605.000 3.260
5610.000 3.293
5615.000 3.214
5620.000 3.222
5625.000 3.239
5630.000 3.084
5635.000 2.992
5640.000 3.023
5645.000 3.067
5650.000 3.004
5655.000 2.990
5660.000 2.929
5665.000 2.916
5670.000 2.944
5675.000 2.923
5680.000 2.735
5685.000 2.854
5690.000 2.941
5695.000 2.832
5700.000 2.844
5705.000 2.778
5710.000 2.763
5715.000 2.784
5720.000 2.805
5725.000 2.708
5730.000 2.687
5735.000 2.626
5740.000 2.620
5745.000 2.562
5750.000 2.654
5755.000 2.503
5760.000 2.636
5765.000 2.594
5770.000 2.620
5775.000 2.517
5780.000 2.343
5785.000 2.438
5790.000 2.426
5795.000 2.475
5800.000 2.433
5805.000 2.455
5810.000 2.427
5815.000 2.430
5820.000 2.340
5825.000 2.293
5830.000 2.338
5835.000 2.419
5840.000 2.356
5845.000 2.321
5850.000 2.350
5855.000 2.315
5860.000 2.350
5865.000 2.269
5870.000 2.330
5875.000 2.226
5880.000 2.343
5885.000 2.315
5890.000 2.232
5895.000 2.259
5900.000 2.240
5905.000 2.297
5910.000 2.274
5915.000 2.171
5920.000 2.123
5925.000 2.150
5930.000 2.168
5935.000 2.201
5940.000 2.194
5945.000 2.144
5950.000 2.225
5955.000 2.170
5960.000 2.177
5965.000 2.301
5970.000 2.204
5975.000 2.152
5980.000 2.082
5985.000 2.099
5990.000 2.093
5995.000 2.181
6000.000 2.103
6005.000 1.959
6010.000 2.116
6015.000 2.162
6020.000 2.115
6025.000 2.085
6030.000 2.233
6035.000 2.175
6040.000 2.119
6045.000 2.164
6050.000 2.458
6055.000 2.210
6060.000 2.184
6065.000 2.245
6070.000 2.242
6075.000 2.040
6080.000 2.248
6085.000 2.157
6090.000 2.127
6095.000 2.149
6100.000 2.184
6105.000 2.203
6110.000 2.149
6115.000 2.250
6120.000 2.169
6125.000 2.298
6130.000 2.123
6135.000 2.183
6140.000 2.320
6145.000 2.288
6150.000 2.175
6155.000 2.276
6160.000 2.178
6165.000 2.296
6170.000 2.292
6175.000 2.258
6180.000 2.296
6185.000 2.198
6190.000 2.301
6195.000 2.154
6200.000 2.414
6205.000 2.332
6210.000 2.252
6215.000 2.313
6220.000 2.276
6225.000 2.318
6230.000 2.296
6235.000 2.366
6240.000 2.492
6245.000 2.454
6250.000 2.460
6255.000 2.372
6260.000 2.476
6265.000 2.497
6270.000 2.545
6275.000 2.436
6280.000 2.601
6285.000 2.518
6290.000 2.534
6295.000 2.579
6300.000 2.651
6305.000 2.681
6310.000 2.690
6315.000 2.800
6320.000 2.599
6325.000 2.653
6330.000 2.680
6335.000 2.766
6340.000 2.720
6345.000 2.835
6350.000 2.803
6355.000 2.853
6360.000 2.849
6365.000 2.805
6370.000 2.856
6375.000 2.958
6380.000 2.986
6385.000 2.963
6390.000 3.015
6395.000 3.162
6400.000 3.022
6405.000 3.041
6410.000 3.045
6415.000 3.166
6420.000 3.137
6425.000 3.256
6430.000 3.244
6435.000 3.325
6440.000 3.414
6445.000 3.312
6450.000 3.339
6455.000 3.400
6460.000 3.464
6465.000 3.536
6470.000 3.727
6475.000 3.691
6480.000 3.721
6485.000 3.620
6490.000 3.775
6495.000 3.928
6500.000 4.020
6505.000 3.938
6510.000 4.111
6515.000 4.152
6520.000 4.193
6525.000 4.172
6530.000 4.266
6535.000 4.362
6540.000 4.462
6545.000 4.581
6550.000 4.618
6555.000 4.573
6560.000 4.777
6565.000 4.860
6570.000 5.010
6575.000 5.213
6580.000 5.153
6585.000 5.355
6590.000 5.417
6595.000 5.613
6600.000 5.699
6605.000 5.901
6610.000 5.986
6615.000 5.886
6620.000 6.234
6625.000 6.454
6630.000 6.523
6635.000 6.836
6640.000 7.000
6645.000 7.081
6650.000 7.302
6655.000 7.549
6660.000 7.534
6665.000 7.960
6670.000 8.127
6675.000 8.545
6680.000 8.657
6685.000 9.065
6690.000 9.509
6695.000 9.638
6700.000 10.109
6705.000 10.364
6710.000 10.881
6715.000 11.430
6720.000 11.790
6725.000 12.333
6730.000 12.729
6735.000 13.410
6740.000 14.184
6745.000 14.456
6750.000 15.564
6755.000 16.029
6760.000 17.126
6765.000 18.173
6770.000 19.061
6775.000 20.580
6780.000 21.463
6785.000 23.271
6790.000 25.608
6795.000 27.017
6800.000 29.994
6805.000 31.746
6810.000 35.450
6815.000 40.420
6820.000 43.199
6825.000 49.811
6830.000 58.195
6835.000 63.157
6840.000 68.288
6845.000 80.993
6850.000 94.465
6855.000 97.152
6860.000 107.078
6865.000 104.462
6870.000 99.532
6875.000 87.585
6880.000 80.853
6885.000 69.686
6890.000 64.587
6895.000 56.475
6900.000 50.314
6905.000 45.494
6910.000 43.312
6915.000 41.349
6920.000 38.025
6925.000 35.369
6930.000 33.183
6935.000 32.137
6940.000 31.023
6945.000 29.578
6950.000 28.067
6955.000 27.668
6960.000 26.340
6965.000 25.883
6970.000 25.058
6975.000 24.264
6980.000 23.931
6985.000 23.328
6990.000 22.904
6995.000 22.330
7000.000 22.030
7005.000 21.756
7010.000 21.420
7015.000 21.190
7020.000 21.007
7025.000 20.846
7030.000 20.767
7035.000 20.526
7040.000 20.573
7045.000 20.417
7050.000 20.401
7055.000 20.223
7060.000 20.441
7065.000 20.471
7070.000 20.727
7075.000 20.904
7080.000 21.007
7085.000 21.236
7090.000 21.520
7095.000 21.901
7100.000 22.087
7105.000 22.531
7110.000 23.111
7115.000 23.410
7120.000 24.138
7125.000 24.639
7130.000 25.484
7135.000 26.491
7140.000 27.274
7145.000 28.485
7150.000 29.307
7155.000 30.924
7160.000 32.764
7165.000 33.932
7170.000 36.382
7175.000 39.547
7180.000 41.468
7185.000 45.786
7190.000 50.837
7195.000 53.838
7200.000 57.183
7205.000 64.932
7210.000 73.477
7215.000 81.692
7220.000 84.387
7225.000 86.130
7230.000 83.750
7235.000 75.362
7240.000 70.133
7245.000 59.185
7250.000 54.509
7255.000 45.911
7260.000 39.513
7265.000 36.628
7270.000 31.933
7275.000 28.365
7280.000 26.768
7285.000 23.948
7290.000 22.586
7295.000 20.617
7300.000 19.708
7305.000 17.793
7310.000 16.408
7315.000 15.805
7320.000 14.602
7325.000 14.032
7330.000 13.209
7335.000 12.171
7340.000 11.747
7345.000 11.149
7350.000 10.852
7355.000 10.087
7360.000 9.514
7365.000 9.109
7370.000 8.785
7375.000 8.422
7380.000 8.252
7385.000 7.797
7390.000 7.489
7395.000 7.084
7400.000 6.920
7405.000 6.697
7410.000 6.439
7415.000 6.291
7420.000 5.932
7425.000 5.890
7430.000 5.665
7435.000 5.453
7440.000 5.338
7445.000 5.100
7450.000 4.844
7455.000 4.908
7460.000 4.831
7465.000 4.725
7470.000 4.578
7475.000 4.373
7480.000 4.177
7485.000 4.100
7490.000 4.046
7495.000 3.801
7500.000 3.593
7505.000 3.745
7510.000 3.844
7515.000 3.657
7520.000 3.478
7525.000 3.503
7530.000 3.370
7535.000 3.318
7540.000 3.243
7545.000 3.220
7550.000 3.026
7555.000 3.120
7560.000 2.819
7565.000 2.854
7570.000 2.878
7575.000 2.881
7580.000 2.720
7585.000 2.587
7590.000 2.535
7595.000 2.624
7600.000 2.582
7605.000 2.494
7610.000 2.303
7615.000 2.497
7620.000 2.517
7625.000 2.294
7630.000 2.348
7635.000 2.277
7640.000 2.241
7645.000 2.190
7650.000 2.161
7655.000 2.129
7660.000 2.178
7665.000 2.041
7670.000 2.125
7675.000 1.967
7680.000 1.948
7685.000 1.554
7690.000 1.894
7695.000 1.850
7700.000 1.847
7705.000 1.837
7710.000 1.843
7715.000 1.935
7720.000 1.679
7725.000 1.717
7730.000 1.719
7735.000 1.714
7740.000 1.733
7745.000 1.805
7750.000 1.714
7755.000 1.790
7760.000 1.660
7765.000 1.591
7770.000 1.591
7775.000 1.602
7780.000 1.598
7785.000 1.670
7790.000 1.658
7795.000 1.551
7800.000 1.456
7805.000 1.493
7810.000 1.384
7815.000 1.540
7820.000 1.334
7825.000 1.448
7830.000 1.431
7835.000 1.499
7840.000 1.415
7845.000 1.317
7850.000 1.430
7855.000 1.332
7860.000 1.450
7865.000 1.462
7870.000 1.476
7875.000 1.308
7880.000 1.335
7885.000 1.283
7890.000 1.294
7895.000 1.239
7900.000 1.227
7905.000 1.374
7910.000 1.321
7915.000 1.243
7920.000 1.133
7925.000 1.238
7930.000 1.265
7935.000 1.280
7940.000 1.208
7945.000 1.216
7950.000 1.229
7955.000 1.215
7960.000 1.205
7965.000 1.151
7970.000 1.108
7975.000 1.298
7980.000 1.124
7985.000 1.195
7990.000 1.323
7995.000 1.021
8000.000 1.073
8005.000 1.158
8010.000 1.087
8015.000 1.042
8020.000 0.955
8025.000 1.102
8030.000 1.003
8035.000 0.913
8040.000 1.017
8045.000 1.177
8050.000 1.193
8055.000 1.148
8060.000 1.133
8065.000 1.051
8070.000 1.031
8075.000 1.020
8080.000 1.051
8085.000 1.006
8090.000 1.067
8095.000 1.051
8100.000 1.031
8105.000 1.040
8110.000 0.986
8115.000 1.160
8120.000 1.033
8125.000 1.153
8130.000 0.958
8135.000 1.034
8140.000 1.025
8145.000 1.112
8150.000 1.054
8155.000 1.106
8160.000 1.040
8165.000 1.006
8170.000 1.020
8175.000 1.060
8180.000 1.054
8185.000 1.100
8190.000 1.067
8195.000 1.057
8200.000 0.974
8205.000 1.079
8210.000 0.944
8215.000 0.924
8220.000 0.963
8225.000 1.071
8230.000 1.078
8235.000 0.937
8240.000 0.986
8245.000 0.954
8250.000 1.077
8255.000 0.996
8260.000 0.970
8265.000 0.966
8270.000 1.047
8275.000 1.086
8280.000 1.027
8285.000 0.974
8290.000 0.995
8295.000 0.910
8300.000 0.985
8305.000 1.006
8310.000 0.951
8315.000 0.968
8320.000 1.012
8325.000 0.951
8330.000 1.047
8335.000 1.052
8340.000 1.058
8345.000 1.065
8350.000 1.072
8355.000 1.051
8360.000 1.022
8365.000 1.075
8370.000 1.025
8375.000 1.054
8380.000 0.907
8385.000 0.809
8390.000 0.866
8395.000 0.895
8400.000 0.880
8405.000 0.849
8410.000 0.901
8415.000 0.953
8420.000 1.046
8425.000 0.865
8430.000 1.047
8435.000 1.128
8440.000 1.080
8445.000 1.103
8450.000 1.222
8455.000 1.125
8460.000 1.090
8465.000 1.050
8470.000 1.201
8475.000 1.270
8480.000 1.037
8485.000 0.915
8490.000 1.293
8495.000 1.365
8500.000 1.130
8505.000 1.174
8510.000 1.185
8515.000 1.255
8520.000 1.196
8525.000 1.099
8530.000 0.753
8535.000 1.196
8540.000 1.100
8545.000 0.811
8550.000 0.836
8555.000 1.305
8560.000 1.262
8565.000 1.201
8570.000 1.243
8575.000 1.315
8580.000 1.178
8585.000 1.295
8590.000 1.202
8595.000 1.251
8600.000 1.322
8605.000 1.319
8610.000 1.248
8615.000 1.211
8620.000 1.442
8625.000 1.379
8630.000 1.445
8635.000 1.376
8640.000 1.348
8645.000 1.511
8650.000 1.489
8655.000 1.389
8660.000 1.524
8665.000 1.456
8670.000 1.535
8675.000 1.643
8680.000 1.540
8685.000 1.583
8690.000 1.587
8695.000 1.554
8700.000 1.594
8705.000 1.675
8710.000 1.696
8715.000 1.794
8720.000 1.713
8725.000 1.722
8730.000 1.739
8735.000 1.806
8740.000 1.807
8745.000 1.723
8750.000 1.896
8755.000 1.931
8760.000 2.108
8765.000 1.840
8770.000 2.036
8775.000 1.945
8780.000 2.086
8785.000 2.118
8790.000 2.130
8795.000 2.261
8800.000 2.222
8805.000 2.277
8810.000 2.339
8815.000 2.378
8820.000 2.380
8825.000 2.380
8830.000 2.439
8835.000 2.416
8840.000 2.578
8845.000 2.556
8850.000 2.732
8855.000 2.778
8860.000 2.727
8865.000 2.816
8870.000 2.952
8875.000 3.028
8880.000 2.990
8885.000 3.086
8890.000 3.224
8895.000 3.287
8900.000 3.442
8905.000 3.390
8910.000 3.590
8915.000 3.646
8920.000 3.851
8925.000 4.055
8930.000 4.031
8935.000 4.170
8940.000 4.272
8945.000 4.487
8950.000 4.607
8955.000 4.673
8960.000 4.988
8965.000 4.897
8970.000 4.220
8975.000 5.160
8980.000 5.549
8985.000 5.849
8990.000 6.196
8995.000 6.302
9000.000 6.845
9005.000 7.154
9010.000 7.407
9015.000 7.837
9020.000 8.180
9025.000 8.747
9030.000 8.992
9035.000 9.837
9040.000 10.394
9045.000 10.768
9050.000 11.817
9055.000 12.949
9060.000 13.520
9065.000 14.852
9070.000 15.751
9075.000 17.618
9080.000 19.898
9085.000 21.204
9090.000 23.988
9095.000 25.723
9100.000 29.701
9105.000 31.936
9110.000 36.613
9115.000 41.425
9120.000 44.329
9125.000 36.343
9130.000 43.379
9135.000 46.025
9140.000 41.636
9145.000 37.816
9150.000 34.867
9155.000 32.821
9160.000 29.226
9165.000 24.600
9170.000 25.069
9175.000 22.531
9180.000 22.020
9185.000 20.295
9190.000 19.041
9195.000 17.884
9200.000 17.442
9205.000 16.528
9210.000 16.242
9215.000 15.524
9220.000 15.090
9225.000 14.718
9230.000 14.505
9235.000 14.092
9240.000 13.694
9245.000 13.669
9250.000 13.369
9255.000 13.332
9260.000 13.158
9265.000 13.135
9270.000 13.009
9275.000 13.079
9280.000 13.010
9285.000 12.728
9290.000 12.677
9295.000 12.844
9300.000 12.163
9305.000 11.932
9310.000 12.767
9315.000 12.730
9320.000 12.879
9325.000 13.093
9330.000 13.175
9335.000 13.308
9340.000 13.608
9345.000 13.752
9350.000 14.170
9355.000 14.351
9360.000 14.946
9365.000 15.398
9370.000 15.839
9375.000 16.613
9380.000 17.651
9385.000 18.072
9390.000 19.314
9395.000 20.207
9400.000 21.723
9405.000 23.582
9410.000 24.806
9415.000 27.300
9420.000 28.747
9425.000 31.868
9430.000 33.675
9435.000 35.743
9440.000 39.670
9445.000 40.761
9450.000 40.795
9455.000 38.457
9460.000 36.528
9465.000 32.158
9470.000 29.781
9475.000 25.533
9480.000 23.853
9485.000 20.665
9490.000 19.476
9495.000 16.960
9500.000 15.097
9505.000 12.069
9510.000 12.928
9515.000 11.385
9520.000 11.176
9525.000 10.215
9530.000 9.288
9535.000 8.971
9540.000 8.371
9545.000 8.105
9550.000 7.526
9555.000 7.134
9560.000 6.666
9565.000 6.570
9570.000 6.053
9575.000 5.809
9580.000 5.431
9585.000 5.404
9590.000 5.225
9595.000 4.949
9600.000 4.691
9605.000 4.615
9610.000 4.300
9615.000 4.263
9620.000 4.068
9625.000 3.930
9630.000 3.798
9635.000 3.725
9640.000 3.650
9645.000 3.447
9650.000 3.417
9655.000 3.220
9660.000 3.236
9665.000 3.093
9670.000 2.923
9675.000 2.931
9680.000 2.757
9685.000 2.817
9690.000 2.749
9695.000 2.587
9700.000 2.539
9705.000 2.544
9710.000 2.414
9715.000 2.385
9720.000 2.210
9725.000 2.251
9730.000 2.218
9735.000 2.171
9740.000 2.162
9745.000 2.029
9750.000 2.028
9755.000 1.994
9760.000 1.861
9765.000 1.913
9770.000 1.919
9775.000 1.876
9780.000 1.780
9785.000 1.702
9790.000 1.751
9795.000 1.751
9800.000 1.700
9805.000 1.590
9810.000 1.561
9815.000 1.469
9820.000 1.564
9825.000 1.561
9830.000 1.474
9835.000 1.509
9840.000 1.453
9845.000 1.409
9850.000 1.347
9855.000 1.402
9860.000 1.345
9865.000 1.378
9870.000 1.294
9875.000 1.268
9880.000 1.353
9885.000 1.291
9890.000 1.295
9895.000 1.232
9900.000 1.223
9905.000 1.193
9910.000 1.065
9915.000 1.074
9920.000 1.168
9925.000 1.059
9930.000 1.105
9935.000 1.034
9940.000 1.120
9945.000 1.112
9950.000 1.057
9955.000 1.064
9960.000 1.053
9965.000 1.041
9970.000 1.042
9975.000 1.011
9980.000 0.913
9985.000 0.921
9990.000 0.973
9995.000 0.994
10000.000 0.939
10005.000 0.924
10010.000 0.855
10015.000 0.926
10020.000 0.870
10025.000 0.807
10030.000 0.877
10035.000 0.936
10040.000 0.896
10045.000 0.834
10050.000 0.852
10055.000 0.899
10060.000 0.537
10065.000 0.613
10070.000 0.705
10075.000 0.706
10080.000 0.822
10085.000 0.693
10090.000 0.797
10095.000 0.799
10100.000 0.819
10105.000 0.708
10110.000 0.794
10115.000 0.728
10120.000 0.811
10125.000 0.783
10130.000 0.720
10135.000 0.721
10140.000 0.765
10145.000 0.687
10150.000 0.811
10155.000 0.651
10160.000 0.704
10165.000 0.644
10170.000 0.660
10175.000 0.636
10180.000 0.663
10185.000 0.708
10190.000 0.651
10195.000 0.704
10200.000 0.684
10205.000 0.721
10210.000 0.669
10215.000 0.649
10220.000 0.752
10225.000 0.532
10230.000 0.704
10235.000 0.741
10240.000 0.715
10245.000 0.654
10250.000 0.749
10255.000 0.665
10260.000 0.671
10265.000 0.628
10270.000 0.561
10275.000 0.610
10280.000 0.591
10285.000 0.623
10290.000 0.623
10295.000 0.698
10300.000 0.677
10305.000 0.611
10310.000 0.603
10315.000 0.574
10320.000 0.550
10325.000 0.679
10330.000 0.674
10335.000 0.561
10340.000 0.604
10345.000 0.518
10350.000 0.564
10355.000 0.674
10360.000 0.493
10365.000 0.546
10370.000 0.451
10375.000 0.650
10380.000 0.606
10385.000 0.503
10390.000 0.524
10395.000 0.579
10400.000 0.627
10405.000 0.663
10410.000 0.535
10415.000 0.605
10420.000 0.532
10425.000 0.576
10430.000 0.594
10435.000 0.661
10440.000 0.577
10445.000 0.619
10450.000 0.608
10455.000 0.610
10460.000 0.555
10465.000 0.526
10470.000 0.540
10475.000 0.633
10480.000 0.479
10485.000 0.518
10490.000 0.581
10495.000 0.518
10500.000 0.504
10505.000 0.561
10510.000 0.650
10515.000 0.591
10520.000 0.456
10525.000 0.543
10530.000 0.518
10535.000 0.530
10540.000 0.558
10545.000 0.493
10550.000 0.601
10555.000 0.450
10560.000 0.473
10565.000 0.564
10570.000 0.502
10575.000 0.593
10580.000 0.559
10585.000 0.615
10590.000 0.544
10595.000 0.521
10600.000 0.535
10605.000 0.490
10610.000 0.536
10615.000 0.557
10620.000 0.725
10625.000 0.728
10630.000 0.748
10635.000 0.703
10640.000 0.782
10645.000 0.816
10650.000 0.781
10655.000 0.890
10660.000 0.865
10665.000 0.903
10670.000 0.738
10675.000 0.773
10680.000 0.794
10685.000 0.713
10690.000 0.689
10695.000 0.664
10700.000 0.685
10705.000 0.624
10710.000 0.659
10715.000 0.619
10720.000 0.668
10725.000 0.636
10730.000 0.631
10735.000 0.560
10740.000 0.565
10745.000 0.630
10750.000 0.655
10755.000 0.656
10760.000 0.749
10765.000 0.658
10770.000 0.752
10775.000 0.696
10780.000 0.697
10785.000 0.760
10790.000 0.753
10795.000 0.684
10800.000 0.745
10805.000 0.778
10810.000 0.763
10815.000 0.670
10820.000 0.757
10825.000 0.719
10830.000 0.801
10835.000 0.785
10840.000 0.776
10845.000 0.747
10850.000 0.677
10855.000 0.762
10860.000 0.853
10865.000 0.778
10870.000 0.764
10875.000 0.827
10880.000 0.815
10885.000 0.872
10890.000 0.779
10895.000 0.869
10900.000 0.841
10905.000 0.881
10910.000 0.819
10915.000 0.791
10920.000 0.963
10925.000 0.874
10930.000 0.992
10935.000 0.923
10940.000 0.968
10945.000 0.954
10950.000 0.834
10955.000 0.960
10960.000 1.033
10965.000 0.991
10970.000 1.045
10975.000 1.091
10980.000 0.996
10985.000 1.093
10990.000 1.108
10995.000 1.032
11000.000 1.133
11005.000 1.179
11010.000 1.131
11015.000 1.199
11020.000 1.132
11025.000 1.243
11030.000 1.151
11035.000 1.300
11040.000 1.285
11045.000 1.178
11050.000 1.268
11055.000 1.412
11060.000 1.301
11065.000 1.374
11070.000 1.380
11075.000 1.412
11080.000 1.521
11085.000 1.443
11090.000 1.538
11095.000 1.501
11100.000 1.498
11105.000 1.663
11110.000 1.629
11115.000 1.775
11120.000 1.719
11125.000 1.791
11130.000 1.833
11135.000 1.795
11140.000 1.926
11145.000 1.982
11150.000 1.899
11155.000 2.008
11160.000 2.054
11165.000 2.245
11170.000 2.201
11175.000 2.371
11180.000 2.356
11185.000 2.483
11190.000 2.503
11195.000 2.702
11200.000 2.696
11205.000 2.846
11210.000 2.903
11215.000 3.010
11220.000 3.168
11225.000 3.163
11230.000 3.364
11235.000 3.463
11240.000 3.716
11245.000 3.787
11250.000 3.975
11255.000 4.241
11260.000 4.446
11265.000 4.703
11270.000 4.826
11275.000 4.530
11280.000 5.493
11285.000 5.663
11290.000 4.171
11295.000 5.439
11300.000 6.977
11305.000 7.512
11310.000 7.165
11315.000 8.412
11320.000 8.303
11325.000 9.974
11330.000 10.140
11335.000 12.021
11340.000 13.903
11345.000 13.959
11350.000 12.916
11355.000 19.338
11360.000 20.467
11365.000 23.197
11370.000 24.191
11375.000 26.039
11380.000 26.637
11385.000 25.990
11390.000 24.173
11395.000 22.089
11400.000 20.970
11405.000 18.506
11410.000 15.173
11415.000 14.096
11420.000 15.321
11425.000 13.327
11430.000 12.981
11435.000 12.310
11440.000 11.747
11445.000 11.054
11450.000 10.743
11455.000 10.179
11460.000 9.966
11465.000 9.475
11470.000 9.262
11475.000 9.023
11480.000 8.655
11485.000 8.676
11490.000 8.368
11495.000 8.439
11500.000 8.089
11505.000 8.078
11510.000 7.901
11515.000 7.881
11520.000 7.854
11525.000 7.745
11530.000 7.755
11535.000 7.861
11540.000 7.782
11545.000 7.854
11550.000 7.765
11555.000 7.876
11560.000 7.948
11565.000 7.684
11570.000 7.274
11575.000 8.112
11580.000 8.304
11585.000 8.413
11590.000 8.532
11595.000 8.769
11600.000 8.960
11605.000 9.333
11610.000 9.645
11615.000 9.972
11620.000 10.279
11625.000 10.749
11630.000 11.100
11635.000 11.796
11640.000 12.648
11645.000 13.127
11650.000 14.117
11655.000 15.408
11660.000 16.043
11665.000 17.690
11670.000 18.504
11675.000 20.441
11680.000 21.452
11685.000 23.188
11690.000 24.439
11695.000 24.568
11700.000 23.487
11705.000 22.925
11710.000 20.759
11715.000 18.255
11720.000 16.936
11725.000 14.714
11730.000 13.759
11735.000 12.112
11740.000 10.587
11745.000 10.077
11750.000 8.971
11755.000 8.055
11760.000 7.721
11765.000 6.848
11770.000 6.554
11775.000 6.087
11780.000 5.820
11785.000 5.471
11790.000 4.917
11795.000 4.755
11800.000 4.577
11805.000 4.224
11810.000 4.143
11815.000 3.853
11820.000 3.693
11825.000 3.489
11830.000 3.406
11835.000 3.317
11840.000 3.070
11845.000 2.840
11850.000 2.819
11855.000 2.772
11860.000 2.636
11865.000 2.492
11870.000 2.447
11875.000 2.369
11880.000 2.297
11885.000 2.240
11890.000 2.138
11895.000 2.033
11900.000 1.948
11905.000 1.980
11910.000 1.794
11915.000 1.858
11920.000 1.827
11925.000 1.735
11930.000 1.747
11935.000 1.536
11940.000 1.558
11945.000 1.524
11950.000 1.545
11955.000 1.457
11960.000 1.414
11965.000 1.415
11970.000 1.452
11975.000 1.294
11980.000 1.366
11985.000 1.263
11990.000 1.282
11995.000 1.200
12000.000 1.243
12005.000 0.998
12010.000 1.211
12015.000 0.691
12020.000 1.058
12025.000 1.023
12030.000 1.098
12035.000 1.005
12040.000 1.060
12045.000 0.991
12050.000 1.003
12055.000 0.992
12060.000 1.001
12065.000 0.967
12070.000 0.959
12075.000 0.825
12080.000 0.893
12085.000 0.904
12090.000 0.807
12095.000 0.871
12100.000 0.767
12105.000 0.857
12110.000 0.786
12115.000 0.755
12120.000 0.883
12125.000 0.843
12130.000 0.670
12135.000 0.846
12140.000 0.807
12145.000 0.748
12150.000 0.782
12155.000 0.752
12160.000 0.740
12165.000 0.724
12170.000 0.778
12175.000 0.759
12180.000 0.701
12185.000 0.682
12190.000 0.773
12195.000 0.623
12200.000 0.621
12205.000 0.645
12210.000 0.729
12215.000 0.609
12220.000 0.617
12225.000 0.643
12230.000 0.638
12235.000 0.669
12240.000 0.557
12245.000 0.674
12250.000 0.678
12255.000 0.672
12260.000 0.572
12265.000 0.624
12270.000 0.607
12275.000 0.706
12280.000 0.679
12285.000 0.608
12290.000 0.627
12295.000 0.610
12300.000 0.570
12305.000 0.560
12310.000 0.558
12315.000 0.567
12320.000 0.597
12325.000 0.530
12330.000 0.602
12335.000 0.452
12340.000 0.390
12345.000 0.495
12350.000 0.554
12355.000 0.460
12360.000 0.479
12365.000 0.499
12370.000 0.474
12375.000 0.505
12380.000 0.580
12385.000 0.516
12390.000 0.520
12395.000 0.495
12400.000 0.462
12405.000 0.430
12410.000 0.490
12415.000 0.486
12420.000 0.527
12425.000 0.538
12430.000 0.557
12435.000 0.452
12440.000 0.452
12445.000 0.542
12450.000 0.424
12455.000 0.535
12460.000 0.456
12465.000 0.420
12470.000 0.536
12475.000 0.529
12480.000 0.447
12485.000 0.496
12490.000 0.484
12495.000 0.543
12500.000 0.562
12505.000 0.461
12510.000 0.459
12515.000 0.417
12520.000 0.385
12525.000 0.427
12530.000 0.499
12535.000 0.472
12540.000 0.455
12545.000 0.422
12550.000 0.439
12555.000 0.457
12560.000 0.489
12565.000 0.379
12570.000 0.368
12575.000 0.413
12580.000 0.401
12585.000 0.518
12590.000 0.534
12595.000 0.513
12600.000 0.406
12605.000 0.386
12610.000 0.436
12615.000 0.413
12620.000 0.397
12625.000 0.366
12630.000 0.407
12635.000 0.384
12640.000 0.398
12645.000 0.442
12650.000 0.401
12655.000 0.405
12660.000 0.443
12665.000 0.364
12670.000 0.536
12675.000 0.417
12680.000 0.436
12685.000 0.508
12690.000 0.450
12695.000 0.508
12700.000 0.481
12705.000 0.455
12710.000 0.358
12715.000 0.438
12720.000 0.395
12725.000 0.368
12730.000 0.498
12735.000 0.438
12740.000 0.493
12745.000 0.540
12750.000 0.470
12755.000 0.449
12760.000 0.391
12765.000 0.532
12770.000 0.459
12775.000 0.438
12780.000 0.422
12785.000 0.400
12790.000 0.402
12795.000 0.415
12800.000 0.486
12805.000 0.407
12810.000 0.426
12815.000 0.540
12820.000 0.482
12825.000 0.458
12830.000 0.371
12835.000 0.519
12840.000 0.482
12845.000 0.564
12850.000 0.454
12855.000 0.414
12860.000 0.434
12865.000 0.506
12870.000 0.479
12875.000 0.544
12880.000 0.459
12885.000 0.475
12890.000 0.463
12895.000 0.528
12900.000 0.500
12905.000 0.510
12910.000 0.460
12915.000 0.460
12920.000 0.438
12925.000 0.481
12930.000 0.546
12935.000 0.509
12940.000 0.453
12945.000 0.516
12950.000 0.504
12955.000 0.542
12960.000 0.570
12965.000 0.544
12970.000 0.626
12975.000 0.557
12980.000 0.585
12985.000 0.536
12990.000 0.587
12995.000 0.553
13000.000 0.575
13005.000 0.517
13010.000 0.540
13015.000 0.525
13020.000 0.612
13025.000 0.538
13030.000 0.680
13035.000 0.584
13040.000 0.640
13045.000 0.552
13050.000 0.683
13055.000 0.622
13060.000 0.587
13065.000 0.630
13070.000 0.682
13075.000 0.596
13080.000 0.709
13085.000 0.651
13090.000 0.637
13095.000 0.613
13100.000 0.660
13105.000 0.709
13110.000 0.694
13115.000 0.760
13120.000 0.758
13125.000 0.660
13130.000 0.694
13135.000 0.766
13140.000 0.755
13145.000 0.688
13150.000 0.783
13155.000 0.750
13160.000 0.822
13165.000 0.843
13170.000 0.875
13175.000 0.890
13180.000 0.819
13185.000 0.899
13190.000 0.874
13195.000 0.799
13200.000 0.890
13205.000 0.888
13210.000 0.869
13215.000 0.831
13220.000 0.963
13225.000 1.046
13230.000 0.958
13235.000 1.015
13240.000 1.016
13245.000 1.051
13250.000 1.043
13255.000 1.097
13260.000 1.070
13265.000 1.081
13270.000 1.189
13275.000 1.176
13280.000 1.131
13285.000 1.305
13290.000 1.257
13295.000 1.266
13300.000 1.131
13305.000 1.309
13310.000 1.415
13315.000 1.370
13320.000 1.399
13325.000 1.405
13330.000 1.583
13335.000 1.537
13340.000 1.597
13345.000 1.650
13350.000 1.643
13355.000 1.731
13360.000 1.775
13365.000 1.837
13370.000 1.834
13375.000 1.949
13380.000 2.019
13385.000 2.009
13390.000 2.121
13395.000 2.223
13400.000 2.198
13405.000 1.894
13410.000 2.215
13415.000 2.519
13420.000 2.657
13425.000 2.775
13430.000 2.898
13435.000 3.133
13440.000 3.192
13445.000 3.391
13450.000 3.418
13455.000 3.629
13460.000 3.789
13465.000 4.050
13470.000 4.291
13475.000 4.636
13480.000 3.810
13485.000 4.351
13490.000 5.151
13495.000 5.256
13500.000 5.338
13505.000 6.385
13510.000 7.039
13515.000 7.471
13520.000 8.170
13525.000 8.881
13530.000 9.311
13535.000 9.764
13540.000 10.434
13545.000 11.100
13550.000 11.378
13555.000 11.808
13560.000 11.740
13565.000 11.716
13570.000 11.725
13575.000 11.353
13580.000 8.326
13585.000 10.500
13590.000 10.118
13595.000 9.521
13600.000 8.949
13605.000 8.737
13610.000 8.506
13615.000 5.901
13620.000 6.703
13625.000 6.150
13630.000 5.120
13635.000 6.665
13640.000 6.565
13645.000 6.406
13650.000 5.113
13655.000 5.997
13660.000 5.900
13665.000 5.745
13670.000 5.627
13675.000 5.383
13680.000 5.156
13685.000 4.964
13690.000 4.936
13695.000 4.919
13700.000 5.046
13705.000 4.988
13710.000 4.950
13715.000 4.769
13720.000 4.867
13725.000 4.886
13730.000 4.809
13735.000 4.806
13740.000 4.845
13745.000 4.733
13750.000 4.852
13755.000 4.899
13760.000 4.823
13765.000 4.902
13770.000 4.875
13775.000 4.802
13780.000 4.924
13785.000 5.021
13790.000 5.022
13795.000 5.050
13800.000 5.112
13805.000 5.254
13810.000 5.339
13815.000 5.479
13820.000 5.463
13825.000 5.637
13830.000 5.807
13835.000 5.792
13840.000 6.075
13845.000 6.297
13850.000 6.358
13855.000 6.533
13860.000 6.669
13865.000 6.691
13870.000 7.388
13875.000 7.631
13880.000 7.925
13885.000 8.186
13890.000 8.676
13895.000 9.281
13900.000 9.423
13905.000 10.037
13910.000 10.464
13915.000 10.977
13920.000 11.347
13925.000 11.863
13930.000 12.325
13935.000 12.585
13940.000 12.810
13945.000 12.651
13950.000 12.441
13955.000 11.894
13960.000 11.666
13965.000 10.895
13970.000 10.143
13975.000 9.686
13980.000 8.924
13985.000 8.500
13990.000 7.852
13995.000 7.215
14000.000 6.946
14005.000 6.408
14010.000 6.123
14015.000 5.711
14020.000 5.472
14025.000 5.160
14030.000 4.742
14035.000 4.661
14040.000 4.329
14045.000 4.220
14050.000 3.917
14055.000 3.735
14060.000 3.546
14065.000 3.411
14070.000 3.275
14075.000 3.143
14080.000 3.016
14085.000 2.937
14090.000 2.768
14095.000 2.797
14100.000 2.617
14105.000 2.522
14110.000 2.437
14115.000 2.392
14120.000 2.357
14125.000 2.236
14130.000 2.134
14135.000 2.036
14140.000 1.990
14145.000 1.986
14150.000 1.870
14155.000 1.817
14160.000 1.842
14165.000 1.803
14170.000 1.762
14175.000 1.673
14180.000 1.575
14185.000 1.539
14190.000 1.626
14195.000 1.564
14200.000 1.445
14205.000 1.456
14210.000 1.428
14215.000 1.413
14220.000 1.418
14225.000 1.377
14230.000 1.403
14235.000 1.345
14240.000 1.284
14245.000 1.328
14250.000 1.266
14255.000 1.298
14260.000 1.224
14265.000 1.303
14270.000 1.157
14275.000 1.190
14280.000 1.184
14285.000 1.178
14290.000 1.115
14295.000 1.156
14300.000 1.119
14305.000 1.124
14310.000 1.046
14315.000 1.043
14320.000 1.012
14325.000 1.025
14330.000 1.029
14335.000 0.939
14340.000 0.999
14345.000 1.022
14350.000 0.965
14355.000 0.944
14360.000 0.993
14365.000 0.921
14370.000 1.022
14375.000 0.911
14380.000 0.958
14385.000 0.884
14390.000 0.858
14395.000 0.913
14400.000 0.859
14405.000 0.931
14410.000 0.815
14415.000 0.810
14420.000 0.765
14425.000 0.805
14430.000 0.851
14435.000 0.758
14440.000 0.791
14445.000 0.806
14450.000 0.819
14455.000 0.809
14460.000 0.730
14465.000 0.731
14470.000 0.763
14475.000 0.750
14480.000 0.735
14485.000 0.733
14490.000 0.639
14495.000 0.721
14500.000 0.749
14505.000 0.700
14510.000 0.702
14515.000 0.675
14520.000 0.725
14525.000 0.701
14530.000 0.653
14535.000 0.613
14540.000 0.681
14545.000 0.676
14550.000 0.700
14555.000 0.695
14560.000 0.742
14565.000 0.727
14570.000 0.657
14575.000 0.591
14580.000 0.594
14585.000 0.609
14590.000 0.655
14595.000 0.642
14600.000 0.651
14605.000 0.674
14610.000 0.605
14615.000 0.663
14620.000 0.704
14625.000 0.714
14630.000 0.689
14635.000 0.670
14640.000 0.643
14645.000 0.619
14650.000 0.593
14655.000 0.646
14660.000 0.644
14665.000 0.623
14670.000 0.644
14675.000 0.655
14680.000 0.658
14685.000 0.603
14690.000 0.655
14695.000 0.568
14700.000 0.668
14705.000 0.634
14710.000 0.694
14715.000 0.654
14720.000 0.646
14725.000 0.611
14730.000 0.584
14735.000 0.614
14740.000 0.608
14745.000 0.643
14750.000 0.619
14755.000 0.585
14760.000 0.620
14765.000 0.634
14770.000 0.603
14775.000 0.676
14780.000 0.616
14785.000 0.571
14790.000 0.597
14795.000 0.632
14800.000 0.594
14805.000 0.591
14810.000 0.599
14815.000 0.621
14820.000 0.592
14825.000 0.648
14830.000 0.566
14835.000 0.623
14840.000 0.650
14845.000 0.610
14850.000 0.634
14855.000 0.605
14860.000 0.536
14865.000 0.622
14870.000 0.628
14875.000 0.639
14880.000 0.702
14885.000 0.647
14890.000 0.701
14895.000 0.656
14900.000 0.697
14905.000 0.638
14910.000 0.703
14915.000 0.649
14920.000 0.674
14925.000 0.673
14930.000 0.685
14935.000 0.757
14940.000 0.662
14945.000 0.677
14950.000 0.725
14955.000 0.710
14960.000 0.743
14965.000 0.694
14970.000 0.720
14975.000 0.703
14980.000 0.836
14985.000 0.760
14990.000 0.807
14995.000 0.849
15000.000 0.856
15005.000 0.875
15010.000 0.832
15015.000 0.883
15020.000 0.889
15025.000 0.756
15030.000 0.911
15035.000 0.912
15040.000 0.832
15045.000 0.946
15050.000 0.899
15055.000 0.924
15060.000 0.994
15065.000 1.041
15070.000 1.097
15075.000 1.073
15080.000 1.117
15085.000 1.073
15090.000 1.230
15095.000 1.179
15100.000 1.251
15105.000 1.267
15110.000 1.263
15115.000 1.317
15120.000 1.320
15125.000 1.416
15130.000 1.464
15135.000 1.531
15140.000 1.550
15145.000 1.658
15150.000 1.697
15155.000 1.758
15160.000 1.861
15165.000 1.945
15170.000 1.984
15175.000 2.258
15180.000 2.197
15185.000 2.391
15190.000 2.447
15195.000 2.682
15200.000 2.754
15205.000 2.961
15210.000 3.124
15215.000 3.434
15220.000 3.497
15225.000 3.761
15230.000 3.905
15235.000 4.209
15240.000 4.346
15245.000 4.296
15250.000 4.652
15255.000 4.546
15260.000 4.468
15265.000 4.301
15270.000 4.323
15275.000 3.959
15280.000 3.877
15285.000 3.475
15290.000 3.434
15295.000 3.267
15300.000 2.911
15305.000 2.879
15310.000 2.543
15315.000 2.491
15320.000 2.390
15325.000 2.198
15330.000 2.153
15335.000 2.033
15340.000 1.884
15345.000 1.848
15350.000 1.718
15355.000 1.685
15360.000 1.645
15365.000 1.479
15370.000 1.464
15375.000 1.503
15380.000 1.510
15385.000 1.418
15390.000 1.305
15395.000 1.225
15400.000 1.301
15405.000 1.207
15410.000 1.238
15415.000 1.066
15420.000 1.096
15425.000 1.052
15430.000 1.147
15435.000 1.001
15440.000 1.083
15445.000 1.036
15450.000 1.040
15455.000 0.947
15460.000 0.982
15465.000 0.985
15470.000 0.915
15475.000 0.973
15480.000 0.892
15485.000 0.897
15490.000 0.826
15495.000 0.809
15500.000 0.789
15505.000 0.804
15510.000 0.789
15515.000 0.829
15520.000 0.824
15525.000 0.791
15530.000 0.791
15535.000 0.772
15540.000 0.817
15545.000 0.726
15550.000 0.684
15555.000 0.761
15560.000 0.763
15565.000 0.666
15570.000 0.727
15575.000 0.746
15580.000 0.729
15585.000 0.698
15590.000 0.695
15595.000 0.740
15600.000 0.729
15605.000 0.730
15610.000 0.664
15615.000 0.746
15620.000 0.733
15625.000 0.778
15630.000 0.685
15635.000 0.713
15640.000 0.674
15645.000 0.747
15650.000 0.635
15655.000 0.716
15660.000 0.801
15665.000 0.730
15670.000 0.815
15675.000 0.719
15680.000 0.677
15685.000 0.729
15690.000 0.711
15700.000 0.636
15710.000 0.708
15720.000 0.761
15725.000 0.795
15730.000 0.749
15735.000 0.738
15745.000 0.733
15755.000 0.767
15760.000 0.730
15765.000 0.806
15770.000 0.813
15775.000 0.770
15780.000 0.807
15785.000 0.847
15790.000 0.813
15795.000 0.973
15800.000 0.775
15805.000 0.775
15810.000 0.827
15820.000 0.879
15830.000 0.956
15840.000 1.020
15845.000 0.940
15850.000 0.903
15855.000 0.962
15860.000 0.963
15865.000 0.938
15870.000 1.014
15880.000 1.016
15885.000 1.034
15890.000 1.121
15900.000 1.153
15910.000 1.176
15920.000 1.065
15925.000 1.237
15935.000 1.081
15940.000 1.248
15945.000 1.375
15950.000 1.488
15955.000 1.598
15960.000 1.551
15965.000 1.548
15970.000 1.632
15975.000 1.675
15980.000 1.822
15985.000 1.817
14560.000 0.225
14565.000 0.191
14570.000 0.181
14575.000 0.243
14580.000 0.301
14585.000 0.268
14590.000 0.239
14595.000 0.261
14600.000 0.267
14605.000 0.210
14610.000 0.167
14615.000 0.233
14620.000 0.244
14625.000 0.251
14630.000 0.146
14635.000 0.157
14640.000 0.173
14645.000 0.206
14650.000 0.224
14655.000 0.186
14660.000 0.253
14665.000 0.251
14670.000 0.242
14675.000 0.198
14680.000 0.184
14685.000 0.240
14690.000 0.234
