5.000 10.346
10.000 13.349
15.000 16.847
20.000 20.079
25.000 19.685
30.000 20.801
35.000 23.228
40.000 30.022
45.000 27.011
50.000 24.032
55.000 34.611
60.000 17.850
65.000 31.227
70.000 34.067
75.000 20.534
80.000 15.500
85.000 32.479
90.000 38.939
95.000 33.678
100.000 31.612
105.000 23.464
110.000 41.120
115.000 20.192
120.000 42.277
125.000 28.335
130.000 15.014
135.000 22.532
140.000 37.281
145.000 31.543
150.000 17.934
155.000 21.753
160.000 33.788
165.000 15.956
170.000 28.437
175.000 33.112
180.000 23.759
185.000 42.325
190.000 38.596
195.000 28.791
200.000 33.883
205.000 18.152
210.000 22.912
215.000 39.561
220.000 34.254
225.000 23.472
230.000 37.208
235.000 32.903
240.000 49.872
245.000 31.137
250.000 22.548
255.000 39.053
260.000 25.063
265.000 17.680
270.000 36.307
275.000 23.241
280.000 23.038
285.000 28.997
290.000 13.818
295.000 21.897
300.000 38.147
305.000 26.729
310.000 31.359
315.000 26.019
320.000 28.070
325.000 24.826
330.000 34.067
335.000 35.939
340.000 33.803
345.000 40.953
350.000 38.446
355.000 36.193
360.000 51.289
365.000 53.555
370.000 48.415
375.000 60.414
380.000 51.205
385.000 47.986
390.000 50.534
395.000 63.287
400.000 50.771
405.000 53.636
410.000 69.706
415.000 67.984
420.000 61.770
425.000 65.574
430.000 70.610
435.000 74.475
440.000 70.786
445.000 79.921
450.000 81.225
455.000 88.023
460.000 80.028
465.000 75.690
470.000 69.935
475.000 71.060
480.000 66.963
485.000 107.714
490.000 67.194
495.000 79.465
500.000 52.810
505.000 66.880
510.000 81.998
515.000 66.341
520.000 72.864
525.000 72.202
530.000 65.497
535.000 68.990
540.000 62.315
545.000 57.315
550.000 66.658
555.000 89.566
560.000 63.887
565.000 68.987
570.000 124.065
575.000 89.568
580.000 86.424
585.000 124.484
590.000 51.702
595.000 79.894
600.000 103.506
605.000 87.312
610.000 70.392
615.000 93.623
620.000 70.176
625.000 88.529
630.000 101.404
635.000 130.730
640.000 98.749
645.000 68.925
650.000 138.148
655.000 131.470
660.000 116.968
665.000 122.840
670.000 138.356
675.000 83.220
680.000 107.195
685.000 90.903
690.000 57.498
695.000 98.905
700.000 109.312
705.000 56.672
710.000 76.806
715.000 69.179
720.000 42.974
725.000 49.137
730.000 65.369
735.000 47.991
740.000 72.453
745.000 124.205
750.000 130.669
755.000 48.947
760.000 45.366
765.000 30.428
770.000 18.011
775.000 30.421
780.000 16.859
785.000 25.994
790.000 16.227
795.000 15.321
800.000 23.409
805.000 32.899
810.000 50.439
815.000 18.077
820.000 17.538
825.000 15.143
830.000 10.440
835.000 10.685
840.000 14.157
845.000 11.173
850.000 8.577
855.000 14.801
860.000 14.597
865.000 19.277
870.000 9.061
875.000 9.001
880.000 10.315
885.000 6.400
890.000 9.184
895.000 6.163
900.000 6.436
905.000 5.913
910.000 8.901
915.000 6.475
920.000 5.534
925.000 5.284
930.000 6.694
935.000 5.256
940.000 8.023
945.000 5.542
950.000 5.326
955.000 4.309
960.000 3.690
965.000 4.083
970.000 7.250
975.000 4.044
980.000 9.210
985.000 6.339
990.000 11.918
995.000 12.773
1000.000 16.168
1005.000 9.590
1010.000 7.679
1015.000 8.104
1020.000 6.417
1025.000 9.958
1030.000 7.426
1035.000 2.907
1040.000 4.754
1045.000 8.675
1050.000 4.200
1055.000 4.656
1060.000 7.194
1065.000 7.858
1070.000 6.438
1075.000 5.394
1080.000 6.498
1085.000 13.985
1090.000 5.902
1095.000 5.283
1100.000 5.285
1105.000 5.796
1110.000 6.003
1115.000 5.737
1120.000 6.348
1125.000 6.676
1130.000 6.622
1135.000 6.609
1140.000 6.854
1145.000 7.547
1150.000 8.593
1155.000 8.627
1160.000 9.517
1165.000 11.060
1170.000 10.452
1175.000 12.168
1180.000 13.887
1185.000 14.184
1190.000 16.993
1195.000 18.585
1200.000 19.959
1205.000 24.564
1210.000 25.031
1215.000 28.245
1220.000 25.170
1225.000 34.605
1230.000 44.130
1235.000 48.086
1240.000 40.186
1245.000 60.521
1250.000 62.420
1255.000 69.451
1260.000 75.559
1265.000 69.220
1270.000 54.669
1275.000 37.848
1280.000 51.365
1285.000 41.655
1290.000 38.547
1295.000 31.903
1300.000 32.202
1305.000 23.565
1310.000 30.120
1315.000 26.168
1320.000 22.554
1325.000 24.621
1330.000 21.910
1335.000 21.352
1340.000 19.831
1345.000 18.989
1350.000 18.550
1355.000 16.431
1360.000 16.653
1365.000 15.956
1370.000 16.059
1375.000 15.093
1380.000 20.407
1385.000 15.557
1390.000 13.302
1395.000 13.865
1400.000 12.576
1405.000 11.953
1410.000 11.515
1415.000 11.367
1420.000 11.373
1425.000 10.983
1430.000 10.618
1435.000 10.460
1440.000 13.556
1445.000 10.721
1450.000 9.242
1455.000 9.533
1460.000 9.335
1465.000 9.379
1470.000 9.159
1475.000 8.976
1480.000 8.606
1485.000 8.758
1490.000 8.663
1495.000 8.310
1500.000 8.601
1505.000 8.387
1510.000 8.375
1515.000 8.048
1520.000 7.970
1525.000 7.111
1530.000 7.945
1535.000 7.982
1540.000 7.820
1545.000 7.742
1550.000 7.624
1555.000 7.749
1560.000 7.703
1565.000 7.952
1570.000 7.760
1575.000 7.751
1580.000 7.833
1585.000 7.731
1590.000 7.905
1595.000 7.919
1600.000 7.864
1605.000 7.846
1610.000 7.864
1615.000 8.080
1620.000 8.112
1625.000 7.896
1630.000 8.062
1635.000 8.200
1640.000 8.181
1645.000 8.257
1650.000 8.420
1655.000 8.485
1660.000 8.390
1665.000 8.607
1670.000 8.955
1675.000 8.658
1680.000 8.519
1685.000 8.735
1690.000 8.865
1695.000 9.271
1700.000 9.109
1705.000 9.242
1710.000 9.389
1715.000 9.502
1720.000 9.580
1725.000 9.872
1730.000 9.767
1735.000 9.986
1740.000 10.488
1745.000 10.801
1750.000 10.704
1755.000 10.649
1760.000 10.777
1765.000 10.987
1770.000 11.115
1775.000 11.615
1780.000 11.514
1785.000 11.490
1790.000 11.760
1795.000 12.110
1800.000 12.204
1805.000 12.253
1810.000 12.529
1815.000 12.805
1820.000 13.102
1825.000 13.417
1830.000 11.112
1835.000 25.125
1840.000 13.764
1845.000 13.918
1850.000 14.071
1855.000 14.438
1860.000 14.628
1865.000 14.229
1870.000 14.104
1875.000 15.357
1880.000 15.568
1885.000 15.803
1890.000 16.017
1895.000 15.896
1900.000 16.444
1905.000 16.735
1910.000 17.158
1915.000 17.309
1920.000 17.456
1925.000 17.946
1930.000 17.948
1935.000 18.326
1940.000 18.846
1945.000 19.064
1950.000 18.865
1955.000 19.498
1960.000 19.752
1965.000 20.000
1970.000 20.171
1975.000 20.480
1980.000 20.801
1985.000 21.153
1990.000 21.470
1995.000 21.601
2000.000 22.105
2005.000 22.133
2010.000 22.619
2015.000 23.127
2020.000 23.344
2025.000 23.769
2030.000 23.800
2035.000 24.297
2040.000 24.917
2045.000 25.282
2050.000 25.647
2055.000 26.098
2060.000 26.237
2065.000 26.995
2070.000 27.351
2075.000 27.904
2080.000 28.033
2085.000 28.565
2090.000 29.479
2095.000 29.886
2100.000 30.688
2105.000 31.113
2110.000 32.041
2115.000 32.774
2120.000 33.123
2125.000 34.307
2130.000 34.716
2135.000 35.847
2140.000 36.988
2145.000 37.370
2150.000 38.773
2155.000 39.504
2160.000 40.882
2165.000 42.396
2170.000 43.359
2175.000 44.595
2180.000 46.264
2185.000 48.337
2190.000 50.615
2195.000 51.958
2200.000 54.568
2205.000 56.284
2210.000 59.492
2215.000 62.977
2220.000 65.304
2225.000 69.961
2230.000 72.350
2235.000 77.951
2240.000 80.707
2245.000 87.300
2250.000 95.472
2255.000 100.081
2260.000 106.323
2265.000 114.313
2270.000 123.199
2275.000 131.181
2280.000 132.165
2285.000 135.642
2290.000 139.950
2295.000 141.290
2300.000 144.603
2305.000 142.472
2310.000 145.282
2315.000 144.110
2320.000 145.880
2325.000 144.316
2330.000 143.150
2335.000 140.297
2340.000 138.576
2345.000 134.465
2350.000 122.400
2355.000 122.976
2360.000 113.688
2365.000 111.038
2370.000 104.123
2375.000 98.389
2380.000 93.359
2385.000 88.482
2390.000 85.570
2395.000 81.086
2400.000 77.377
2405.000 75.263
2410.000 72.965
2415.000 71.156
2420.000 67.517
2425.000 66.007
2430.000 65.080
2435.000 63.172
2440.000 62.347
2445.000 60.160
2450.000 58.826
2455.000 58.835
2460.000 57.542
2465.000 57.066
2470.000 56.024
2475.000 55.773
2480.000 55.625
2485.000 54.966
2490.000 54.366
2495.000 54.197
2500.000 53.981
2505.000 54.229
2510.000 54.009
2515.000 54.351
2520.000 53.778
2525.000 54.517
2530.000 54.963
2535.000 55.489
2540.000 55.841
2545.000 56.643
2550.000 57.197
2555.000 57.825
2560.000 59.267
2565.000 59.933
2570.000 61.993
2575.000 63.211
2580.000 64.170
2585.000 57.585
2590.000 67.144
2595.000 70.342
2600.000 72.931
2605.000 75.002
2610.000 79.424
2615.000 81.163
2620.000 84.290
2625.000 92.351
2630.000 95.389
2635.000 101.859
2640.000 104.716
2645.000 115.424
2650.000 113.548
2655.000 123.465
2660.000 133.010
2665.000 135.444
2670.000 139.194
2675.000 142.250
2680.000 143.585
2685.000 143.286
2690.000 142.921
2695.000 140.661
2700.000 138.435
2705.000 136.002
2710.000 130.327
2715.000 125.625
2720.000 111.657
2725.000 100.775
2730.000 83.430
2735.000 84.557
2740.000 80.444
2745.000 73.185
2750.000 66.467
2755.000 64.006
2760.000 58.642
2765.000 56.672
2770.000 52.315
2775.000 48.927
2780.000 47.028
2785.000 44.327
2790.000 43.025
2795.000 40.705
2800.000 38.543
2805.000 37.477
2810.000 35.644
2815.000 34.829
2820.000 33.145
2825.000 32.766
2830.000 31.145
2835.000 29.927
2840.000 29.100
2845.000 28.052
2850.000 27.516
2855.000 26.774
2860.000 25.712
2865.000 25.729
2870.000 24.924
2875.000 24.529
2880.000 23.840
2885.000 23.219
2890.000 23.074
2895.000 22.511
2900.000 22.334
2905.000 21.854
2910.000 21.330
2915.000 21.253
2920.000 21.060
2925.000 20.823
2930.000 20.505
2935.000 20.162
2940.000 20.140
2945.000 20.043
2950.000 19.732
2955.000 19.669
2960.000 19.629
2965.000 19.466
2970.000 19.316
2975.000 19.381
2980.000 19.277
2985.000 19.106
2990.000 19.366
2995.000 19.383
3000.000 19.315
3005.000 19.665
3010.000 19.518
3015.000 19.651
3020.000 19.777
3025.000 19.933
3030.000 20.005
3035.000 20.653
3040.000 20.686
3045.000 21.076
3050.000 21.357
3055.000 21.960
3060.000 22.451
3065.000 22.701
3070.000 23.459
3075.000 24.037
3080.000 24.881
3085.000 26.010
3090.000 26.356
3095.000 27.896
3100.000 28.590
3105.000 30.364
3110.000 32.397
3115.000 33.882
3120.000 36.357
3125.000 37.981
3130.000 41.945
3135.000 46.753
3140.000 49.366
3145.000 56.413
3150.000 60.407
3155.000 70.166
3160.000 80.637
3165.000 87.440
3170.000 97.015
3175.000 98.340
3180.000 95.073
3185.000 75.910
3190.000 73.217
3195.000 59.908
3200.000 54.238
3205.000 44.389
3210.000 37.614
3215.000 35.060
3220.000 30.646
3225.000 28.947
3230.000 25.239
3235.000 22.722
3240.000 21.252
3245.000 17.537
3250.000 14.433
3255.000 16.909
3260.000 15.567
3265.000 14.902
3270.000 13.828
3275.000 13.228
3280.000 12.572
3285.000 11.526
3290.000 11.292
3295.000 10.260
3300.000 10.135
3305.000 9.564
3310.000 9.117
3315.000 8.780
3320.000 8.255
3325.000 8.178
3330.000 7.673
3335.000 7.351
3340.000 7.180
3345.000 6.808
3350.000 6.615
3355.000 6.586
3360.000 6.039
3365.000 6.023
3370.000 5.609
3375.000 5.649
3380.000 5.494
3385.000 5.159
3390.000 5.124
3395.000 4.894
3400.000 4.575
3405.000 4.612
3410.000 4.597
3415.000 4.447
3420.000 4.390
3425.000 3.589
3430.000 4.149
3435.000 3.952
3440.000 3.762
3445.000 3.735
3450.000 3.677
3455.000 3.474
3460.000 3.529
3465.000 3.457
3470.000 3.685
3475.000 2.738
3480.000 3.121
3485.000 3.102
3490.000 3.002
3495.000 2.695
3500.000 2.829
3505.000 2.726
3510.000 2.884
3515.000 1.966
3520.000 2.430
3525.000 1.655
3530.000 2.531
3535.000 2.556
3540.000 2.534
3545.000 2.630
3550.000 2.524
3555.000 2.331
3560.000 2.289
3565.000 2.394
3570.000 2.389
3575.000 2.246
3580.000 2.314
3585.000 2.098
3590.000 1.897
3595.000 2.174
3600.000 2.002
3605.000 1.922
3610.000 2.070
3615.000 2.075
3620.000 2.005
3625.000 1.884
3630.000 1.934
3635.000 1.887
3640.000 1.844
3645.000 1.859
3650.000 1.902
3655.000 1.756
3660.000 1.847
3665.000 1.760
3670.000 1.732
3675.000 1.674
3680.000 1.752
3685.000 1.630
3690.000 1.765
3695.000 1.809
3700.000 1.639
3705.000 1.625
3710.000 1.616
3715.000 1.616
3720.000 1.655
3725.000 1.591
3730.000 1.610
3735.000 1.538
3740.000 1.505
3745.000 1.508
3750.000 1.629
3755.000 1.613
3760.000 1.579
3765.000 1.322
3770.000 1.558
3775.000 1.530
3780.000 1.155
3785.000 1.551
3790.000 1.247
3795.000 1.374
3800.000 1.448
3805.000 1.505
3810.000 1.404
3815.000 1.358
3820.000 1.471
3825.000 1.524
3830.000 1.499
3835.000 1.558
3840.000 1.465
3845.000 1.515
3850.000 1.447
3855.000 1.470
3860.000 1.469
3865.000 1.462
3870.000 1.526
3875.000 1.510
3880.000 1.403
3885.000 1.404
3890.000 1.304
3895.000 1.367
3900.000 1.449
3905.000 1.519
3910.000 1.393
3915.000 1.428
3920.000 1.440
3925.000 1.480
3930.000 1.481
3935.000 1.414
3940.000 1.448
3945.000 1.261
3950.000 1.323
3955.000 1.489
3960.000 1.416
3965.000 1.425
3970.000 1.497
3975.000 1.561
3980.000 1.430
3985.000 1.383
3990.000 1.430
3995.000 1.466
4000.000 1.572
4005.000 1.446
4010.000 1.544
4015.000 1.471
4020.000 1.411
4025.000 1.452
4030.000 1.348
4035.000 1.472
4040.000 1.488
4045.000 1.463
4050.000 1.348
4055.000 1.489
4060.000 1.515
4065.000 1.492
4070.000 1.403
4075.000 1.542
4080.000 1.511
4085.000 1.377
4090.000 1.541
4095.000 1.354
4100.000 1.537
4105.000 1.566
4110.000 1.548
4115.000 1.490
4120.000 1.610
4125.000 1.648
4130.000 1.544
4135.000 1.652
4140.000 1.610
4145.000 1.785
4150.000 1.742
4155.000 1.632
4160.000 1.682
4165.000 1.866
4170.000 1.952
4175.000 1.903
4180.000 1.880
4185.000 1.981
4190.000 1.865
4195.000 2.068
4200.000 2.082
4205.000 2.079
4210.000 2.166
4215.000 2.003
4220.000 2.155
4225.000 2.063
4230.000 2.307
4235.000 2.401
4240.000 2.375
4245.000 2.432
4250.000 2.436
4255.000 2.805
4260.000 2.743
4265.000 2.768
4270.000 2.882
4275.000 2.823
4280.000 3.104
4285.000 3.051
4290.000 3.285
4295.000 3.431
4300.000 3.333
4305.000 3.491
4310.000 3.607
4315.000 3.774
4320.000 3.727
4325.000 3.942
4330.000 4.212
4335.000 4.401
4340.000 4.537
4345.000 4.675
4350.000 4.993
4355.000 5.138
4360.000 5.337
4365.000 5.704
4370.000 5.709
4375.000 6.176
4380.000 6.412
4385.000 6.735
4390.000 7.141
4395.000 7.303
4400.000 7.688
4405.000 8.227
4410.000 8.695
4415.000 5.670
4420.000 9.159
4425.000 10.278
4430.000 11.115
4435.000 11.668
4440.000 12.642
4445.000 12.710
4450.000 14.088
4455.000 15.403
4460.000 16.164
4465.000 17.613
4470.000 18.541
4475.000 19.900
4480.000 22.387
4485.000 23.707
4490.000 26.050
4495.000 27.554
4500.000 30.962
4505.000 35.151
4510.000 37.542
4515.000 42.507
4520.000 45.809
4525.000 53.063
4530.000 62.434
4535.000 67.623
4540.000 81.262
4545.000 89.149
4550.000 102.498
4555.000 123.269
4560.000 130.420
4565.000 139.883
4570.000 138.064
4575.000 142.725
4580.000 144.001
4585.000 142.387
4590.000 136.083
4595.000 132.033
4600.000 124.655
4605.000 119.614
4610.000 109.051
4615.000 100.655
4620.000 96.512
4625.000 89.078
4630.000 84.983
4635.000 82.065
4640.000 76.498
4645.000 75.995
4650.000 73.220
4655.000 71.927
4660.000 69.468
4665.000 68.028
4670.000 67.285
4675.000 66.489
4680.000 65.754
4685.000 60.476
4690.000 64.681
4695.000 64.601
4700.000 64.665
4705.000 64.775
4710.000 65.224
4715.000 59.857
4720.000 66.438
4725.000 67.679
4730.000 67.030
4735.000 69.934
4740.000 72.392
4745.000 60.364
4750.000 76.370
4755.000 77.998
4760.000 81.785
4765.000 86.009
4770.000 81.854
4775.000 87.648
4780.000 95.292
4785.000 92.499
4790.000 90.979
4795.000 106.248
4800.000 107.681
4805.000 119.352
4810.000 121.520
4815.000 112.447
4820.000 135.445
4825.000 143.155
4830.000 130.621
4835.000 142.327
4840.000 144.087
4845.000 141.573
4850.000 139.523
4855.000 135.412
4860.000 128.151
4865.000 111.283
4870.000 105.169
4875.000 92.073
4880.000 87.409
4885.000 76.918
4890.000 55.853
4895.000 62.817
4900.000 59.184
4905.000 56.215
4910.000 51.746
4915.000 49.648
4920.000 45.813
4925.000 42.957
4930.000 44.565
4935.000 39.289
4940.000 38.192
4945.000 35.735
4950.000 33.868
4955.000 33.131
4960.000 31.582
4965.000 30.734
4970.000 29.496
4975.000 28.769
4980.000 28.025
4985.000 26.947
4990.000 26.586
4995.000 25.419
5000.000 24.769
5005.000 24.447
5010.000 23.801
5015.000 23.641
5020.000 23.014
5025.000 22.664
5030.000 22.404
5035.000 22.133
5040.000 22.040
5045.000 21.760
5050.000 21.554
5055.000 21.476
5060.000 21.143
5065.000 21.078
5070.000 21.252
5075.000 21.224
5080.000 21.213
5085.000 20.846
5090.000 21.188
5095.000 21.469
5100.000 21.905
5105.000 22.090
5110.000 22.171
5115.000 22.620
5120.000 23.185
5125.000 23.877
5130.000 24.181
5135.000 25.242
5140.000 25.889
5145.000 26.991
5150.000 28.330
5155.000 29.520
5160.000 31.382
5165.000 32.437
5170.000 35.273
5175.000 38.517
5180.000 40.685
5185.000 45.697
5190.000 48.797
5195.000 56.528
5200.000 65.900
5205.000 69.205
5210.000 80.994
5215.000 84.524
5220.000 86.472
5225.000 76.914
5230.000 69.757
5235.000 55.744
5240.000 49.625
5245.000 40.309
5250.000 33.475
5255.000 30.542
5260.000 26.050
5265.000 24.231
5270.000 21.123
5275.000 18.546
5280.000 17.546
5285.000 15.672
5290.000 14.750
5295.000 13.256
5300.000 12.207
5305.000 11.553
5310.000 10.572
5315.000 10.146
5320.000 9.363
5325.000 8.665
5330.000 8.345
5335.000 7.762
5340.000 7.361
5345.000 7.044
5350.000 6.557
5355.000 6.246
5360.000 5.924
5365.000 5.730
5370.000 5.245
5375.000 5.209
5380.000 4.853
5385.000 4.726
5390.000 4.569
5395.000 4.250
5400.000 4.093
5405.000 4.100
5410.000 3.851
5415.000 3.740
5420.000 3.544
5425.000 3.432
5430.000 3.356
5435.000 3.181
5440.000 3.215
5445.000 3.041
5450.000 2.766
5455.000 2.756
5460.000 2.789
5465.000 2.658
5470.000 2.628
5475.000 2.452
5480.000 2.343
5485.000 2.362
5490.000 2.287
5495.000 2.310
5500.000 2.167
5505.000 2.191
5510.000 1.956
5515.000 2.093
5520.000 2.057
5525.000 1.926
5530.000 1.758
5535.000 1.842
5540.000 1.841
5545.000 1.827
5550.000 1.830
5555.000 1.730
5560.000 1.532
5565.000 1.641
5570.000 1.581
5575.000 1.459
5580.000 1.531
5585.000 1.395
5590.000 1.521
5595.000 1.459
5600.000 1.507
5605.000 1.428
5610.000 1.395
5615.000 1.335
5620.000 1.326
5625.000 1.276
5630.000 1.247
5635.000 1.221
5640.000 1.155
5645.000 1.093
5650.000 1.118
5655.000 1.290
5660.000 1.029
5665.000 1.158
5670.000 1.004
5675.000 1.044
5680.000 0.981
5685.000 1.096
5690.000 0.946
5695.000 1.087
5700.000 1.057
5705.000 0.861
5710.000 1.031
5715.000 1.023
5720.000 1.007
5725.000 1.014
5730.000 0.860
5735.000 0.847
5740.000 0.871
5745.000 0.938
5750.000 0.935
5755.000 0.808
5760.000 0.894
5765.000 0.821
5770.000 0.749
5775.000 0.895
5780.000 0.753
5785.000 0.815
5790.000 0.813
5795.000 0.795
5800.000 0.728
5805.000 0.789
5810.000 0.912
5815.000 0.718
5820.000 0.798
5825.000 0.789
5830.000 0.760
5835.000 0.816
5840.000 0.736
5845.000 0.679
5850.000 0.672
5855.000 0.819
5860.000 0.661
5865.000 0.779
5870.000 0.710
5875.000 0.603
5880.000 0.722
5885.000 0.638
5890.000 0.706
5895.000 0.591
5900.000 1.108
5905.000 0.884
5910.000 0.686
5915.000 0.791
5920.000 0.517
5925.000 0.637
5930.000 0.602
5935.000 0.725
5940.000 0.730
5945.000 0.679
5950.000 0.642
5955.000 0.636
5960.000 0.569
5965.000 0.638
5970.000 0.708
5975.000 0.599
5980.000 0.603
5985.000 0.589
5990.000 0.559
5995.000 0.764
6000.000 0.607
6005.000 0.574
6010.000 0.552
6015.000 0.665
6020.000 0.710
6025.000 0.393
6030.000 0.559
6035.000 0.592
6040.000 0.627
6045.000 0.585
6050.000 0.660
6055.000 0.797
6060.000 0.687
6065.000 0.734
6070.000 0.637
6075.000 0.447
6080.000 0.625
6085.000 0.602
6090.000 0.741
6095.000 0.791
6100.000 0.697
6105.000 0.714
6110.000 0.784
6115.000 0.694
6120.000 0.595
6125.000 0.706
6130.000 0.573
6135.000 0.485
6140.000 0.699
6145.000 0.729
6150.000 0.569
6155.000 0.579
6160.000 0.642
6165.000 0.671
6170.000 0.640
6175.000 0.692
6180.000 0.623
6185.000 0.502
6190.000 0.633
6195.000 0.804
6200.000 0.649
6205.000 0.650
6210.000 0.643
6215.000 0.652
6220.000 0.667
6225.000 0.754
6230.000 0.690
6235.000 0.639
6240.000 0.751
6245.000 0.719
6250.000 0.797
6255.000 1.537
6260.000 0.733
6265.000 0.670
6270.000 0.617
6275.000 0.807
6280.000 0.780
6285.000 0.767
6290.000 0.759
6295.000 0.655
6300.000 0.753
6305.000 0.802
6310.000 0.806
6315.000 0.773
6320.000 0.745
6325.000 0.872
6330.000 0.851
6335.000 0.823
6340.000 0.815
6345.000 0.749
6350.000 0.847
6355.000 0.841
6360.000 0.879
6365.000 0.941
6370.000 0.826
6375.000 0.909
6380.000 0.875
6385.000 0.698
6390.000 0.803
6395.000 0.976
6400.000 0.954
6405.000 0.953
6410.000 1.016
6415.000 0.975
6420.000 1.030
6425.000 0.946
6430.000 0.995
6435.000 1.015
6440.000 1.002
6445.000 1.053
6450.000 0.980
6455.000 1.146
6460.000 1.150
6465.000 1.058
6470.000 1.232
6475.000 1.287
6480.000 1.284
6485.000 1.315
6490.000 1.141
6495.000 1.316
6500.000 1.326
6505.000 1.121
6510.000 1.108
6515.000 1.002
6520.000 1.407
6525.000 1.495
6530.000 1.522
6535.000 1.629
6540.000 1.708
6545.000 1.618
6550.000 1.650
6555.000 1.688
6560.000 1.512
6565.000 1.562
6570.000 1.929
6575.000 1.961
6580.000 1.763
6585.000 1.248
6590.000 1.970
6595.000 2.052
6600.000 1.890
6605.000 2.260
6610.000 2.321
6615.000 2.427
6620.000 2.605
6625.000 2.490
6630.000 2.660
6635.000 2.899
6640.000 2.990
6645.000 3.186
6650.000 3.123
6655.000 3.288
6660.000 3.135
6665.000 3.630
6670.000 3.777
6675.000 4.010
6680.000 4.213
6685.000 4.297
6690.000 4.636
6695.000 4.578
6700.000 4.873
6705.000 5.494
6710.000 5.488
6715.000 5.832
6720.000 6.043
6725.000 6.461
6730.000 7.127
6735.000 7.397
6740.000 8.034
6745.000 8.245
6750.000 9.128
6755.000 9.830
6760.000 10.388
6765.000 11.450
6770.000 12.208
6775.000 12.041
6780.000 15.303
6785.000 16.248
6790.000 18.594
6795.000 20.139
6800.000 23.533
6805.000 27.630
6810.000 30.137
6815.000 35.273
6820.000 34.062
6825.000 29.624
6830.000 57.621
6835.000 64.391
6840.000 73.760
6845.000 75.761
6850.000 72.393
6855.000 63.685
6860.000 58.950
6865.000 50.684
6870.000 47.505
6875.000 42.402
6880.000 38.477
6885.000 36.856
6890.000 34.199
6895.000 33.061
6900.000 31.355
6905.000 30.021
6910.000 29.478
6915.000 28.845
6920.000 28.501
6925.000 28.142
6930.000 28.024
6935.000 27.694
6940.000 27.744
6945.000 27.932
6950.000 28.277
6955.000 28.798
6960.000 29.010
6965.000 30.090
6970.000 30.426
6975.000 31.949
6980.000 33.512
6985.000 34.517
6990.000 36.904
6995.000 37.680
7000.000 41.382
7005.000 45.312
7010.000 47.572
7015.000 53.106
7020.000 56.415
7025.000 64.226
7030.000 72.977
7035.000 77.899
7040.000 86.879
7045.000 90.683
7050.000 92.247
7055.000 86.278
7060.000 80.989
7065.000 68.547
7070.000 62.722
7075.000 52.942
7080.000 45.536
7085.000 42.290
7090.000 37.033
7095.000 34.748
7100.000 31.170
7105.000 28.131
7110.000 27.071
7115.000 24.605
7120.000 23.514
7125.000 21.722
7130.000 20.447
7135.000 19.707
7140.000 18.457
7145.000 17.967
7150.000 17.124
7155.000 16.220
7160.000 15.838
7165.000 15.168
7170.000 15.043
7175.000 14.477
7180.000 13.939
7185.000 13.517
7190.000 13.350
7195.000 13.132
7200.000 12.782
7205.000 12.608
7210.000 12.446
7215.000 12.375
7220.000 12.393
7225.000 12.343
7230.000 12.215
7235.000 12.121
7240.000 12.186
7245.000 12.125
7250.000 12.352
7255.000 12.418
7260.000 12.660
7265.000 12.714
7270.000 12.878
7275.000 13.268
7280.000 13.500
7285.000 14.015
7290.000 14.618
7295.000 15.042
7300.000 15.827
7305.000 16.415
7310.000 17.622
7315.000 19.095
7320.000 20.009
7325.000 22.006
7330.000 23.273
7335.000 26.358
7340.000 30.020
7345.000 32.003
7350.000 35.969
7355.000 37.376
7360.000 38.296
7365.000 35.010
7370.000 32.312
7375.000 26.286
7380.000 23.742
7385.000 19.440
7390.000 16.070
7395.000 14.804
7400.000 12.613
7405.000 11.671
7410.000 10.082
7415.000 8.829
7420.000 8.373
7425.000 7.460
7430.000 7.099
7435.000 6.304
7440.000 5.748
7445.000 5.500
7450.000 5.062
7455.000 4.691
7460.000 4.368
7465.000 4.005
7470.000 3.908
7475.000 3.653
7480.000 3.633
7485.000 3.197
7490.000 3.048
7495.000 2.977
7500.000 2.827
7505.000 2.565
7510.000 2.550
7515.000 2.068
7520.000 2.257
7525.000 2.106
7530.000 2.153
7535.000 1.826
7540.000 1.819
7545.000 1.689
7550.000 1.722
7555.000 1.646
7560.000 1.594
7565.000 1.521
7570.000 1.432
7575.000 1.419
7580.000 1.501
7585.000 1.132
7590.000 1.344
7595.000 1.245
7600.000 1.159
7605.000 1.234
7610.000 1.153
7615.000 1.075
7620.000 1.108
7625.000 0.982
7630.000 1.160
7635.000 1.047
7640.000 1.104
7645.000 0.881
7650.000 0.969
7655.000 0.886
7660.000 0.870
7665.000 0.949
7670.000 0.940
7675.000 0.878
7680.000 0.732
7685.000 0.791
7690.000 0.766
7695.000 0.747
7700.000 0.855
7705.000 0.675
7710.000 0.749
7715.000 0.799
7720.000 0.681
7725.000 0.617
7730.000 0.610
7735.000 0.794
7740.000 0.748
7745.000 0.460
7750.000 0.601
7755.000 0.583
7760.000 0.703
7765.000 0.540
7770.000 0.617
7775.000 0.647
7780.000 0.601
7785.000 0.500
7790.000 0.532
7795.000 0.517
7800.000 0.526
7805.000 0.448
7810.000 0.595
7815.000 0.551
7820.000 0.487
7825.000 0.364
7830.000 0.568
7835.000 0.633
7840.000 0.433
7845.000 0.435
7850.000 0.514
7855.000 0.602
7860.000 0.650
7865.000 0.409
7870.000 0.372
7875.000 0.346
7880.000 0.473
7885.000 0.393
7890.000 0.442
7895.000 0.348
7900.000 0.362
7905.000 0.506
7910.000 0.377
7915.000 0.479
7920.000 0.466
7925.000 0.461
7930.000 0.419
7935.000 0.392
7940.000 0.274
7945.000 0.304
7950.000 0.408
7955.000 0.377
7960.000 0.278
7965.000 0.473
7970.000 0.395
7975.000 0.322
7980.000 0.453
7985.000 0.367
7990.000 0.386
7995.000 0.416
8000.000 0.387
8005.000 0.399
8010.000 0.423
8015.000 0.340
8020.000 0.358
8025.000 0.293
8030.000 0.389
8035.000 0.336
8040.000 0.323
8045.000 0.363
8050.000 0.324
8055.000 0.310
8060.000 0.271
8065.000 0.316
8070.000 0.310
8075.000 0.322
8080.000 0.441
8085.000 0.315
8090.000 0.285
8095.000 0.372
8100.000 0.231
8105.000 0.303
8110.000 0.230
8115.000 0.323
8120.000 0.291
8125.000 0.376
8130.000 0.333
8135.000 0.343
8140.000 0.214
8145.000 0.247
8150.000 0.309
8155.000 0.342
8160.000 0.322
8165.000 0.270
8170.000 0.289
8175.000 0.245
8180.000 0.277
8185.000 0.404
8190.000 0.224
8195.000 0.339
8200.000 0.366
8205.000 0.231
8210.000 0.382
8215.000 0.498
8220.000 0.427
8225.000 0.500
8230.000 0.332
8235.000 0.404
8240.000 0.334
8245.000 0.265
8250.000 0.277
8255.000 0.340
8260.000 0.324
8265.000 0.273
8270.000 0.294
8275.000 0.231
8280.000 0.306
8285.000 0.216
8290.000 0.331
8295.000 0.332
8300.000 0.268
8305.000 0.374
8310.000 0.402
8315.000 0.328
8320.000 0.365
8325.000 0.452
8330.000 0.360
8335.000 0.371
8340.000 0.222
8345.000 0.449
8350.000 0.366
8355.000 0.293
8360.000 0.223
8365.000 0.404
8370.000 0.336
8375.000 0.285
8380.000 0.341
8385.000 0.241
8390.000 0.394
8395.000 0.260
8400.000 0.400
8405.000 0.457
8410.000 0.363
8415.000 0.337
8420.000 0.293
8425.000 0.334
8430.000 0.272
8435.000 0.388
8440.000 0.272
8445.000 0.218
8450.000 0.254
8455.000 0.295
8460.000 0.378
8465.000 0.312
8470.000 0.393
8475.000 0.320
8480.000 0.276
8485.000 0.387
8490.000 0.292
8495.000 0.430
8500.000 0.324
8505.000 0.273
8510.000 0.330
8515.000 0.450
8520.000 0.395
8525.000 0.296
8530.000 0.324
8535.000 0.492
8540.000 0.382
8545.000 0.168
8550.000 0.437
8555.000 0.404
8560.000 0.265
8565.000 0.410
8570.000 0.451
8575.000 0.320
8580.000 0.453
8585.000 0.365
8590.000 0.453
8595.000 0.469
8600.000 0.493
8605.000 0.335
8610.000 0.379
8615.000 0.474
8620.000 0.412
8625.000 0.426
8630.000 0.364
8635.000 0.378
8640.000 0.307
8645.000 0.370
8650.000 0.533
8655.000 0.435
8660.000 0.344
8665.000 0.363
8670.000 0.434
8675.000 0.547
8680.000 0.460
8685.000 0.474
8690.000 0.510
8695.000 0.567
8700.000 0.415
8705.000 0.536
8710.000 0.647
8715.000 0.552
8720.000 0.520
8725.000 0.588
8730.000 0.616
8735.000 0.567
8740.000 0.649
8745.000 0.565
8750.000 0.669
8755.000 0.654
8760.000 0.769
8765.000 0.732
8770.000 0.769
8775.000 0.786
8780.000 0.677
8785.000 0.575
8790.000 0.692
8795.000 0.842
8800.000 0.792
8805.000 0.764
8810.000 0.815
8815.000 0.747
8820.000 0.902
8825.000 0.745
8830.000 0.923
8835.000 0.932
8840.000 0.985
8845.000 1.029
8850.000 0.863
8855.000 1.054
8860.000 1.023
8865.000 1.086
8870.000 1.248
8875.000 1.173
8880.000 1.173
8885.000 1.235
8890.000 1.242
8895.000 1.260
8900.000 1.410
8905.000 1.420
8910.000 1.382
8915.000 1.595
8920.000 1.706
8925.000 1.830
8930.000 1.770
8935.000 1.767
8940.000 1.979
8945.000 2.127
8950.000 2.137
8955.000 1.709
8960.000 2.016
8965.000 2.604
8970.000 2.302
8975.000 2.636
8980.000 3.067
8985.000 3.127
8990.000 2.138
8995.000 3.125
9000.000 3.442
9005.000 2.907
9010.000 4.330
9015.000 4.763
9020.000 5.316
9025.000 4.490
9030.000 6.198
9035.000 6.434
9040.000 7.414
9045.000 8.513
9050.000 8.955
9055.000 10.425
9060.000 11.239
9065.000 11.024
9070.000 15.597
9075.000 17.126
9080.000 20.658
9085.000 22.617
9090.000 26.922
9095.000 30.774
9100.000 32.265
9105.000 32.606
9110.000 31.184
9115.000 27.472
9120.000 19.863
9125.000 20.329
9130.000 21.372
9135.000 21.024
9140.000 19.116
9145.000 18.216
9150.000 17.690
9155.000 16.769
9160.000 16.377
9165.000 15.918
9170.000 15.597
9175.000 15.311
9180.000 15.149
9185.000 14.529
9190.000 15.309
9195.000 15.498
9200.000 14.963
9205.000 15.991
9210.000 16.244
9215.000 16.663
9220.000 17.615
9225.000 18.097
9230.000 18.823
9235.000 19.714
9240.000 21.144
9245.000 22.824
9250.000 23.807
9255.000 25.985
9260.000 25.238
9265.000 30.247
9270.000 33.497
9275.000 35.449
9280.000 38.679
9285.000 39.954
9290.000 41.509
9295.000 40.758
9300.000 39.564
9305.000 36.582
9310.000 34.648
9315.000 30.372
9320.000 26.277
9325.000 24.519
9330.000 19.692
9335.000 17.307
9340.000 17.912
9345.000 16.055
9350.000 15.478
9355.000 13.841
9360.000 13.413
9365.000 12.580
9370.000 12.101
9375.000 11.344
9380.000 10.764
9385.000 10.658
9390.000 10.002
9395.000 9.818
9400.000 9.441
9405.000 9.085
9410.000 9.073
9415.000 8.912
9420.000 8.467
9425.000 8.513
9430.000 8.378
9435.000 8.302
9440.000 8.247
9445.000 8.182
9450.000 8.334
9455.000 8.239
9460.000 8.292
9465.000 8.444
9470.000 8.406
9475.000 8.543
9480.000 8.846
9485.000 9.121
9490.000 9.344
9495.000 9.477
9500.000 10.101
9505.000 10.695
9510.000 11.024
9515.000 11.905
9520.000 12.397
9525.000 13.670
9530.000 15.084
9535.000 15.912
9540.000 17.652
9545.000 18.403
9550.000 19.684
9555.000 19.841
9560.000 19.403
9565.000 17.494
9570.000 16.232
9575.000 13.587
9580.000 11.432
9585.000 10.473
9590.000 8.782
9595.000 8.113
9600.000 7.087
9605.000 6.091
9610.000 5.727
9615.000 5.130
9620.000 4.709
9625.000 4.249
9630.000 3.795
9635.000 3.649
9640.000 3.256
9645.000 3.185
9650.000 2.917
9655.000 2.637
9660.000 2.490
9665.000 2.294
9670.000 2.183
9675.000 2.009
9680.000 1.644
9685.000 1.667
9690.000 1.711
9695.000 1.687
9700.000 1.566
9705.000 1.357
9710.000 1.457
9715.000 1.355
9720.000 1.269
9725.000 1.151
9730.000 1.191
9735.000 1.024
9740.000 0.829
9745.000 1.041
9750.000 0.955
9755.000 0.948
9760.000 0.900
9765.000 0.658
9770.000 0.641
9775.000 0.773
9780.000 0.673
9785.000 0.771
9790.000 0.724
9795.000 0.691
9800.000 0.640
9805.000 0.627
9810.000 0.587
9815.000 0.573
9820.000 0.543
9825.000 0.521
9830.000 0.537
9835.000 0.541
9840.000 0.465
9845.000 0.460
9850.000 0.500
9855.000 0.373
9860.000 0.472
9865.000 0.494
9870.000 0.389
9875.000 0.450
9880.000 0.400
9885.000 0.466
9890.000 0.443
9895.000 0.297
9900.000 0.389
9905.000 0.414
9910.000 0.316
9915.000 0.291
9920.000 0.293
9925.000 0.337
9930.000 0.210
9935.000 0.231
9940.000 0.243
9945.000 0.319
9950.000 0.311
9955.000 0.332
9960.000 0.306
9965.000 0.276
9970.000 0.187
9975.000 0.288
9980.000 0.264
9985.000 0.258
9990.000 0.151
9995.000 0.265
10000.000 0.265
10005.000 0.211
10010.000 0.218
10015.000 0.261
10020.000 0.280
10025.000 0.180
10030.000 0.240
10035.000 0.177
10040.000 0.230
10045.000 0.179
10050.000 0.137
10055.000 0.131
10060.000 0.228
10065.000 0.171
10070.000 0.219
10075.000 0.198
10080.000 0.130
10085.000 0.247
10090.000 0.238
10095.000 0.225
10100.000 0.188
10105.000 0.181
10110.000 0.344
10115.000 0.174
10120.000 0.205
10125.000 0.144
10130.000 0.113
10135.000 0.147
10140.000 0.161
10145.000 0.174
10150.000 0.141
10155.000 0.170
10160.000 0.173
10165.000 0.213
10170.000 0.184
10175.000 0.160
10180.000 0.157
10185.000 0.142
10190.000 0.113
10195.000 0.230
10200.000 0.187
10205.000 0.127
10210.000 0.103
10215.000 0.174
10220.000 0.179
10225.000 0.115
10230.000 0.168
10235.000 0.177
10240.000 0.142
10245.000 0.135
10250.000 0.098
10255.000 0.259
10260.000 0.134
10265.000 0.184
10270.000 0.149
10275.000 0.185
10280.000 0.191
10285.000 0.175
10290.000 0.101
10295.000 0.133
10300.000 0.104
10305.000 0.104
10310.000 0.118
10315.000 0.189
10320.000 0.097
10325.000 0.090
10330.000 0.107
10335.000 0.251
10340.000 0.111
10345.000 0.162
10350.000 0.153
10355.000 0.130
10360.000 0.171
10365.000 0.131
10370.000 0.187
10375.000 0.073
10380.000 0.188
10385.000 0.106
10390.000 0.163
10395.000 0.142
10400.000 0.158
10405.000 0.126
10410.000 0.200
10415.000 0.197
10420.000 0.200
10425.000 0.106
10430.000 0.157
10435.000 0.147
10440.000 0.131
10445.000 0.150
10450.000 0.473
10455.000 0.123
10460.000 0.145
10465.000 0.217
10470.000 0.102
10475.000 0.162
10480.000 0.162
10485.000 0.154
10490.000 0.116
10495.000 0.113
10500.000 0.164
10505.000 0.126
10510.000 0.140
10515.000 0.158
10520.000 0.147
10525.000 0.111
10530.000 0.134
10535.000 0.148
10540.000 0.147
10545.000 0.148
10550.000 0.148
10555.000 0.141
10560.000 0.187
10565.000 0.174
10570.000 0.158
10575.000 0.131
10580.000 0.167
10585.000 0.159
10590.000 0.149
10595.000 0.147
10600.000 0.171
10605.000 0.159
10610.000 0.149
10615.000 0.203
10620.000 0.143
10625.000 0.190
10630.000 0.108
10635.000 0.151
10640.000 0.140
10645.000 0.118
10650.000 0.143
10655.000 0.129
10660.000 0.132
10665.000 0.253
10670.000 0.120
10675.000 0.129
10680.000 0.163
10685.000 0.132
10690.000 0.118
10695.000 0.141
10700.000 0.128
10705.000 0.106
10710.000 0.183
10715.000 0.183
10720.000 0.269
10725.000 0.162
10730.000 0.239
10735.000 0.127
10740.000 0.213
10745.000 0.061
10750.000 0.153
10755.000 0.170
10760.000 0.146
10765.000 0.154
10770.000 0.154
10775.000 0.212
10780.000 0.177
10785.000 0.166
10790.000 0.159
10795.000 0.151
10800.000 0.208
10805.000 0.200
10810.000 0.142
10815.000 0.103
10820.000 0.174
10825.000 0.223
10830.000 0.284
10835.000 0.160
10840.000 0.111
10845.000 0.137
10850.000 0.206
10855.000 0.149
10860.000 0.205
10865.000 0.208
10870.000 0.179
10875.000 0.229
10880.000 0.243
10885.000 0.245
10890.000 0.201
10895.000 0.187
10900.000 0.250
10905.000 0.147
10910.000 0.248
10915.000 0.167
10920.000 0.271
10925.000 0.183
10930.000 0.228
10935.000 0.274
10940.000 0.276
10945.000 0.234
10950.000 0.144
10955.000 0.231
10960.000 0.294
10965.000 0.232
10970.000 0.217
10975.000 0.199
10980.000 0.260
10985.000 0.316
10990.000 0.254
10995.000 0.264
11000.000 0.347
11005.000 0.315
11010.000 0.250
11015.000 0.241
11020.000 0.365
11025.000 0.306
11030.000 0.359
11035.000 0.376
11040.000 0.231
11045.000 0.371
11050.000 0.370
11055.000 0.382
11060.000 0.421
11065.000 0.461
11070.000 0.464
11075.000 0.363
11080.000 0.387
11085.000 0.294
11090.000 0.461
11095.000 0.443
11100.000 0.510
11105.000 0.502
11110.000 0.599
11115.000 0.649
11120.000 0.698
11125.000 0.627
11130.000 0.635
11135.000 0.713
11140.000 0.664
11145.000 0.754
11150.000 0.748
11155.000 0.850
11160.000 0.919
11165.000 0.975
11170.000 0.902
11175.000 1.041
11180.000 1.083
11185.000 1.194
11190.000 1.242
11195.000 1.225
11200.000 1.337
11205.000 1.449
11210.000 1.445
11215.000 1.542
11220.000 1.689
11225.000 1.798
11230.000 1.889
11235.000 2.083
11240.000 2.155
11245.000 2.323
11250.000 2.593
11255.000 2.777
11260.000 2.894
11265.000 3.275
11270.000 3.554
11275.000 3.799
11280.000 4.432
11285.000 5.022
11290.000 5.458
11295.000 6.242
11300.000 6.760
11305.000 7.987
11310.000 9.520
11315.000 10.284
11320.000 12.255
11325.000 13.331
11330.000 15.313
11335.000 16.906
11340.000 17.183
11345.000 16.623
11350.000 16.032
11355.000 14.755
11360.000 13.244
11365.000 12.732
11370.000 11.615
11375.000 11.246
11380.000 10.422
11385.000 10.129
11390.000 9.737
11395.000 3.413
11400.000 2.508
11405.000 7.956
11410.000 8.599
11415.000 8.638
11420.000 8.645
11425.000 8.608
11430.000 8.494
11435.000 9.191
11440.000 8.841
11445.000 8.515
11450.000 9.060
11455.000 9.324
11460.000 9.637
11465.000 9.987
11470.000 10.541
11475.000 10.970
11480.000 11.648
11485.000 12.101
11490.000 12.908
11495.000 14.162
11500.000 14.832
11505.000 16.514
11510.000 17.313
11515.000 19.293
11520.000 21.265
11525.000 22.248
11530.000 23.912
11535.000 24.457
11540.000 24.505
11545.000 23.053
11550.000 22.083
11555.000 19.648
11560.000 18.491
11565.000 16.338
11570.000 14.453
11575.000 13.535
11580.000 12.258
11585.000 11.575
11590.000 10.540
11595.000 9.718
11600.000 9.393
11605.000 8.631
11610.000 8.427
11615.000 7.910
11620.000 7.487
11625.000 7.234
11630.000 7.046
11635.000 6.805
11640.000 6.603
11645.000 6.364
11650.000 6.309
11655.000 6.181
11660.000 6.073
11665.000 6.026
11670.000 5.941
11675.000 5.825
11680.000 5.879
11685.000 5.885
11690.000 5.852
11695.000 6.022
11700.000 6.061
11705.000 6.105
11710.000 6.219
11715.000 6.429
11720.000 6.717
11725.000 6.927
11730.000 7.255
11735.000 7.507
11740.000 8.004
11745.000 8.659
11750.000 8.977
11755.000 9.749
11760.000 10.223
11765.000 11.204
11770.000 12.087
11775.000 12.363
11780.000 12.459
11785.000 12.313
11790.000 11.212
11795.000 9.634
11800.000 8.861
11805.000 7.531
11810.000 6.884
11815.000 5.781
11820.000 5.027
11825.000 4.685
11830.000 4.099
11835.000 3.811
11840.000 3.365
11845.000 3.050
11850.000 2.848
11855.000 2.570
11860.000 2.433
11865.000 2.230
11870.000 2.026
11875.000 1.885
11880.000 1.873
11885.000 1.709
11890.000 1.584
11895.000 1.436
11900.000 1.503
11905.000 1.292
11910.000 1.353
11915.000 1.224
11920.000 0.820
11925.000 0.680
11930.000 1.051
11935.000 1.046
11940.000 0.898
11945.000 0.969
11950.000 0.770
11955.000 0.826
11960.000 0.809
11965.000 0.767
11970.000 0.717
11975.000 0.707
11980.000 0.629
11985.000 0.648
11990.000 0.594
11995.000 0.677
12000.000 0.599
12005.000 0.643
12010.000 0.613
12015.000 0.471
12020.000 0.510
12025.000 0.510
12030.000 0.466
12035.000 0.481
12040.000 0.458
12045.000 0.467
12050.000 0.407
12055.000 0.439
12060.000 0.487
12065.000 0.380
12070.000 0.412
12075.000 0.371
12080.000 0.315
12085.000 0.420
12090.000 0.387
12095.000 0.358
12100.000 0.350
12105.000 0.414
12110.000 0.309
12115.000 0.273
12120.000 0.335
12125.000 0.366
12130.000 0.305
12135.000 0.342
12140.000 0.281
12145.000 0.312
12150.000 0.319
12155.000 0.315
12160.000 0.363
12165.000 0.306
12170.000 0.274
12175.000 0.294
12180.000 0.242
12185.000 0.294
12190.000 0.248
12195.000 0.299
12200.000 0.268
12205.000 0.196
12210.000 0.255
12215.000 0.284
12220.000 0.193
12225.000 0.307
12230.000 0.178
12235.000 0.194
12240.000 0.224
12245.000 0.228
12250.000 0.243
12255.000 0.218
12260.000 0.226
12265.000 0.305
12270.000 0.177
12275.000 0.190
12280.000 0.203
12285.000 0.320
12290.000 0.249
12295.000 0.223
12300.000 0.207
12305.000 0.256
12310.000 0.281
12315.000 0.264
12320.000 0.188
12325.000 0.163
12330.000 0.152
12335.000 0.207
12340.000 0.229
12345.000 0.252
12350.000 0.171
12355.000 0.188
12360.000 0.209
12365.000 0.141
12370.000 0.240
12375.000 0.232
12380.000 0.207
12385.000 0.194
12390.000 0.208
12395.000 0.198
12400.000 0.180
12405.000 0.182
12410.000 0.178
12415.000 0.134
12420.000 0.248
12425.000 0.211
12430.000 0.212
12435.000 0.194
12440.000 0.299
12445.000 0.114
12450.000 0.194
12455.000 0.248
12460.000 0.198
12465.000 0.202
12470.000 0.161
12475.000 0.233
12480.000 0.157
12485.000 0.185
12490.000 0.162
12495.000 0.177
12500.000 0.193
12505.000 0.172
12510.000 0.167
12515.000 0.206
12520.000 0.133
12525.000 0.187
12530.000 0.164
12535.000 0.186
12540.000 0.222
12545.000 0.168
12550.000 0.238
12555.000 0.201
12560.000 0.166
12565.000 0.218
12570.000 0.239
12575.000 0.164
12580.000 0.136
12585.000 0.224
12590.000 0.181
12595.000 0.173
12600.000 0.140
12605.000 0.192
12610.000 0.194
12615.000 0.099
12620.000 0.171
12625.000 0.233
12630.000 0.206
12635.000 0.187
12640.000 0.180
12645.000 0.176
12650.000 0.227
12655.000 0.138
12660.000 0.205
12665.000 0.187
12670.000 0.262
12675.000 0.214
12680.000 0.142
12685.000 0.252
12690.000 0.167
12695.000 0.117
12700.000 0.182
12705.000 0.191
12710.000 0.144
12715.000 0.177
12720.000 0.251
12725.000 0.203
12730.000 0.142
12735.000 0.099
12740.000 0.197
12745.000 0.214
12750.000 0.215
12755.000 0.137
12760.000 0.213
12765.000 0.217
12770.000 0.191
12775.000 0.104
12780.000 0.141
12785.000 0.206
12790.000 0.197
12795.000 0.184
12800.000 0.123
12805.000 0.236
12810.000 0.194
12815.000 0.243
12820.000 0.187
12825.000 0.244
12830.000 0.190
12835.000 0.234
12840.000 0.150
12845.000 0.318
12850.000 0.191
12855.000 0.237
12860.000 0.241
12865.000 0.200
12870.000 0.151
12875.000 0.166
12880.000 0.167
12885.000 0.218
12890.000 0.223
12895.000 0.305
12900.000 0.207
12905.000 0.238
12910.000 0.311
12915.000 0.172
12920.000 0.118
12925.000 0.176
12930.000 0.145
12935.000 0.233
12940.000 0.216
12945.000 0.199
12950.000 0.210
12955.000 0.217
12960.000 0.221
12965.000 0.290
12970.000 0.297
12975.000 0.247
12980.000 0.225
12985.000 0.324
12990.000 0.243
12995.000 0.239
13000.000 0.194
13005.000 0.203
13010.000 0.216
13015.000 0.184
13020.000 0.298
13025.000 0.268
13030.000 0.235
13035.000 0.243
13040.000 0.242
13045.000 0.210
13050.000 0.212
13055.000 0.257
13060.000 0.305
13065.000 0.307
13070.000 0.275
13075.000 0.279
13080.000 0.256
13085.000 0.284
13090.000 0.254
13095.000 0.278
13100.000 0.271
13105.000 0.279
13110.000 0.277
13115.000 0.237
13120.000 0.257
13125.000 0.319
13130.000 0.263
13135.000 0.326
13140.000 0.404
13145.000 0.287
13150.000 0.257
13155.000 0.353
13160.000 0.390
13165.000 0.319
13170.000 0.339
13175.000 0.411
13180.000 0.390
13185.000 0.434
13190.000 0.381
13195.000 0.346
13200.000 0.452
13205.000 0.407
13210.000 0.458
13215.000 0.394
13220.000 0.458
13225.000 0.515
13230.000 0.444
13235.000 0.420
13240.000 0.533
13245.000 0.608
13250.000 0.563
13255.000 0.466
13260.000 0.491
13265.000 0.497
13270.000 0.522
13275.000 0.567
13280.000 0.601
13285.000 0.652
13290.000 0.648
13295.000 0.634
13300.000 0.689
13305.000 0.683
13310.000 0.766
13315.000 0.795
13320.000 0.802
13325.000 0.847
13330.000 0.890
13335.000 0.982
13340.000 0.982
13345.000 1.029
13350.000 1.061
13355.000 1.127
13360.000 1.127
13365.000 1.254
13370.000 1.257
13375.000 1.465
13380.000 1.463
13385.000 1.605
13390.000 1.661
13395.000 1.764
13400.000 1.998
13405.000 2.091
13410.000 2.302
13415.000 2.353
13420.000 2.633
13425.000 2.880
13430.000 3.086
13435.000 3.512
13440.000 3.728
13445.000 4.125
13450.000 4.855
13455.000 5.012
13460.000 5.702
13465.000 6.149
13470.000 6.877
13475.000 7.545
13480.000 7.779
13485.000 8.226
13490.000 8.154
13495.000 8.024
13500.000 7.606
13505.000 7.321
13510.000 6.924
13515.000 6.709
13520.000 6.222
13525.000 5.896
13530.000 5.723
13535.000 5.389
13540.000 5.297
13545.000 5.099
13550.000 4.857
13555.000 4.794
13560.000 4.557
13565.000 4.542
13570.000 4.516
13575.000 4.535
13580.000 4.477
13585.000 4.478
13590.000 4.427
13595.000 4.470
13600.000 4.484
13605.000 4.491
13610.000 4.506
13615.000 4.651
13620.000 4.655
13625.000 4.676
13630.000 4.830
13635.000 4.947
13640.000 5.010
13645.000 5.288
13650.000 5.473
13655.000 5.542
13660.000 5.760
13665.000 5.911
13670.000 6.250
13675.000 6.542
13680.000 6.868
13685.000 7.344
13690.000 7.503
13695.000 8.018
13700.000 8.686
13705.000 8.986
13710.000 9.550
13715.000 9.888
13720.000 10.502
13725.000 11.059
13730.000 11.250
13735.000 11.538
13740.000 11.555
13745.000 11.446
13750.000 11.015
13755.000 10.887
13760.000 10.277
13765.000 10.032
13770.000 9.459
13775.000 8.735
13780.000 8.428
13785.000 7.981
13790.000 7.730
13795.000 7.204
13800.000 6.704
13805.000 6.549
13810.000 6.208
13815.000 6.082
13820.000 5.730
13825.000 5.686
13830.000 5.379
13835.000 5.244
13840.000 5.173
13845.000 5.034
13850.000 4.986
13855.000 4.836
13860.000 4.710
13865.000 4.693
13870.000 4.662
13875.000 4.514
13880.000 4.513
13885.000 4.466
13890.000 4.523
13895.000 4.531
13900.000 4.510
13905.000 4.568
13910.000 4.575
13915.000 4.477
13920.000 4.660
13925.000 4.694
13930.000 4.840
13935.000 4.963
13940.000 4.980
13945.000 5.158
13950.000 5.290
13955.000 5.559
13960.000 5.840
13965.000 5.941
13970.000 6.352
13975.000 6.415
13980.000 6.830
13985.000 7.272
13990.000 7.501
13995.000 8.063
14000.000 8.274
14005.000 8.516
14010.000 8.650
14015.000 8.665
14020.000 8.353
14025.000 7.975
14030.000 7.343
14035.000 6.597
14040.000 6.160
14045.000 5.471
14050.000 5.124
14055.000 4.490
14060.000 3.971
14065.000 3.762
14070.000 3.397
14075.000 3.181
14080.000 2.813
14085.000 2.522
14090.000 2.461
14095.000 2.312
14100.000 2.216
14105.000 2.030
14110.000 1.895
14115.000 1.739
14120.000 1.645
14125.000 1.603
14130.000 1.456
14135.000 1.364
14140.000 1.346
14145.000 1.246
14150.000 1.165
14155.000 1.109
14160.000 1.068
14165.000 1.072
14170.000 0.983
14175.000 0.951
14180.000 0.928
14185.000 0.870
14190.000 0.848
14195.000 0.844
14200.000 0.785
14205.000 0.727
14210.000 0.729
14215.000 0.647
14220.000 0.666
14225.000 0.699
14230.000 0.699
14235.000 0.646
14240.000 0.567
14245.000 0.534
14250.000 0.545
14255.000 0.528
14260.000 0.558
14265.000 0.538
14270.000 0.477
14275.000 0.465
14280.000 0.426
14285.000 0.458
14290.000 0.479
14295.000 0.465
14300.000 0.370
14305.000 0.383
14310.000 0.386
14315.000 0.476
14320.000 0.404
14325.000 0.366
14330.000 0.333
14335.000 0.375
14340.000 0.360
14345.000 0.327
14350.000 0.361
14355.000 0.353
14360.000 0.335
14365.000 0.315
14370.000 0.341
14375.000 0.265
14380.000 0.240
14385.000 0.242
14390.000 0.275
14395.000 0.337
14400.000 0.247
14405.000 0.327
14410.000 0.294
14415.000 0.230
14420.000 0.299
14425.000 0.305
14430.000 0.309
14435.000 0.320
14440.000 0.279
14445.000 0.186
14450.000 0.246
14455.000 0.285
14460.000 0.235
14465.000 0.209
14470.000 0.284
14475.000 0.275
14480.000 0.291
14485.000 0.243
14490.000 0.305
14495.000 0.233
14500.000 0.214
14505.000 0.229
14510.000 0.225
14515.000 0.204
14520.000 0.246
14525.000 0.222
14530.000 0.245
14535.000 0.232
14540.000 0.266
14545.000 0.186
14550.000 0.258
14555.000 0.164
