5.000 16.487
10.000 13.393
15.000 16.668
20.000 7.278
25.000 17.992
30.000 18.622
35.000 10.621
40.000 14.294
45.000 21.823
50.000 12.143
55.000 14.601
60.000 28.581
65.000 22.051
70.000 19.674
75.000 9.835
80.000 21.085
85.000 22.319
90.000 12.518
95.000 18.497
100.000 8.596
105.000 12.924
110.000 21.353
115.000 19.263
120.000 11.468
125.000 14.834
130.000 10.903
135.000 25.250
140.000 16.552
145.000 17.036
150.000 10.802
155.000 15.383
160.000 12.057
165.000 9.328
170.000 16.097
175.000 14.152
180.000 14.722
185.000 22.770
190.000 37.405
195.000 11.208
200.000 23.712
205.000 11.465
210.000 15.723
215.000 14.480
220.000 24.571
225.000 24.481
230.000 12.932
235.000 14.813
240.000 21.227
245.000 18.062
250.000 16.957
255.000 17.535
260.000 17.448
265.000 18.885
270.000 28.617
275.000 23.223
280.000 17.583
285.000 25.111
290.000 26.207
295.000 25.785
300.000 21.585
305.000 25.417
310.000 27.635
315.000 29.800
320.000 31.851
325.000 32.517
330.000 32.978
335.000 39.628
340.000 37.530
345.000 54.217
350.000 71.887
355.000 69.899
360.000 57.263
365.000 54.016
370.000 60.588
375.000 69.193
380.000 70.284
385.000 73.836
390.000 80.400
395.000 88.570
400.000 94.133
405.000 108.120
410.000 110.369
415.000 119.529
420.000 123.830
425.000 128.997
430.000 135.670
435.000 139.350
440.000 140.686
445.000 143.193
450.000 143.620
455.000 142.598
460.000 144.092
465.000 143.923
470.000 142.748
475.000 145.922
480.000 147.011
485.000 147.611
490.000 147.239
495.000 148.816
500.000 147.756
505.000 145.916
510.000 145.309
515.000 143.978
520.000 141.885
525.000 134.414
530.000 126.945
535.000 123.461
540.000 114.144
545.000 89.348
550.000 91.996
555.000 78.269
560.000 72.081
565.000 65.965
570.000 58.512
575.000 53.528
580.000 52.982
585.000 50.788
590.000 47.174
595.000 44.841
600.000 55.120
605.000 34.580
610.000 38.536
615.000 33.075
620.000 33.619
625.000 27.524
630.000 31.556
635.000 26.119
640.000 28.222
645.000 20.983
650.000 21.266
655.000 21.403
660.000 19.080
665.000 29.678
670.000 24.524
675.000 20.517
680.000 20.713
685.000 17.268
690.000 14.749
695.000 13.886
700.000 11.736
705.000 17.039
710.000 13.780
715.000 12.379
720.000 15.695
725.000 12.191
730.000 16.886
735.000 15.862
740.000 13.886
745.000 10.747
750.000 11.093
755.000 12.837
760.000 10.286
765.000 10.926
770.000 11.478
775.000 11.765
780.000 12.415
785.000 10.255
790.000 9.315
795.000 10.688
800.000 10.388
805.000 9.986
810.000 10.468
815.000 11.008
820.000 8.476
825.000 11.311
830.000 11.909
835.000 9.600
840.000 9.377
845.000 10.914
850.000 10.140
855.000 10.456
860.000 20.730
865.000 14.484
870.000 10.858
875.000 11.228
880.000 13.170
885.000 11.094
890.000 11.096
895.000 13.856
900.000 13.500
905.000 13.534
910.000 13.934
915.000 22.577
920.000 17.229
925.000 20.281
930.000 20.403
935.000 20.722
940.000 26.088
945.000 29.600
950.000 25.528
955.000 30.689
960.000 29.362
965.000 29.655
970.000 26.743
975.000 19.818
980.000 19.768
985.000 19.659
990.000 14.438
995.000 28.947
1000.000 24.797
1005.000 18.952
1010.000 10.549
1015.000 9.746
1020.000 10.107
1025.000 9.113
1030.000 7.003
1035.000 7.839
1040.000 7.211
1045.000 7.684
1050.000 7.344
1055.000 6.092
1060.000 6.036
1065.000 4.864
1070.000 5.371
1075.000 4.977
1080.000 5.009
1085.000 5.555
1090.000 5.361
1095.000 5.205
1100.000 4.495
1105.000 4.825
1110.000 4.596
1115.000 5.586
1120.000 4.478
1125.000 4.728
1130.000 7.723
1135.000 7.202
1140.000 3.959
1145.000 5.222
1150.000 4.431
1155.000 4.468
1160.000 4.800
1165.000 5.648
1170.000 15.681
1175.000 6.896
1180.000 5.877
1185.000 5.519
1190.000 8.996
1195.000 8.031
1200.000 6.802
1205.000 7.147
1210.000 7.241
1215.000 7.962
1220.000 8.182
1225.000 8.364
1230.000 8.932
1235.000 8.653
1240.000 8.876
1245.000 9.693
1250.000 9.740
1255.000 10.445
1260.000 10.342
1265.000 11.107
1270.000 11.152
1275.000 11.690
1280.000 12.428
1285.000 13.088
1290.000 13.694
1295.000 14.290
1300.000 14.538
1305.000 15.481
1310.000 17.044
1315.000 17.426
1320.000 19.787
1325.000 19.315
1330.000 21.889
1335.000 24.207
1340.000 24.506
1345.000 29.342
1350.000 30.966
1355.000 37.273
1360.000 39.733
1365.000 46.853
1370.000 55.751
1375.000 61.981
1380.000 71.174
1385.000 75.094
1390.000 75.527
1395.000 65.322
1400.000 58.391
1405.000 47.400
1410.000 42.107
1415.000 35.515
1420.000 33.117
1425.000 27.358
1430.000 23.640
1435.000 22.921
1440.000 20.508
1445.000 19.532
1450.000 17.283
1455.000 16.218
1460.000 14.703
1465.000 13.810
1470.000 13.829
1475.000 12.648
1480.000 11.643
1485.000 11.367
1490.000 11.353
1495.000 10.484
1500.000 10.026
1505.000 9.634
1510.000 9.427
1515.000 8.972
1520.000 8.789
1525.000 8.444
1530.000 8.227
1535.000 8.333
1540.000 7.823
1545.000 7.578
1550.000 7.528
1555.000 7.275
1560.000 7.269
1565.000 7.083
1570.000 6.965
1575.000 6.766
1580.000 6.741
1585.000 6.844
1590.000 6.466
1595.000 6.576
1600.000 6.453
1605.000 6.444
1610.000 6.005
1615.000 6.566
1620.000 6.367
1625.000 6.133
1630.000 6.374
1635.000 6.252
1640.000 6.234
1645.000 6.245
1650.000 6.280
1655.000 5.986
1660.000 6.248
1665.000 5.978
1670.000 6.118
1675.000 6.162
1680.000 6.091
1685.000 6.085
1690.000 6.165
1695.000 6.460
1700.000 6.302
1705.000 6.385
1710.000 6.262
1715.000 6.519
1720.000 6.508
1725.000 6.504
1730.000 6.561
1735.000 6.620
1740.000 6.603
1745.000 6.738
1750.000 6.853
1755.000 6.931
1760.000 6.695
1765.000 6.945
1770.000 7.120
1775.000 7.020
1780.000 7.109
1785.000 7.153
1790.000 7.214
1795.000 7.260
1800.000 7.461
1805.000 7.691
1810.000 7.562
1815.000 7.837
1820.000 7.999
1825.000 7.738
1830.000 8.330
1835.000 8.000
1840.000 8.323
1845.000 8.261
1850.000 8.461
1855.000 8.664
1860.000 8.806
1865.000 8.835
1870.000 9.072
1875.000 9.155
1880.000 9.157
1885.000 9.462
1890.000 9.412
1895.000 9.549
1900.000 9.868
1905.000 9.726
1910.000 9.959
1915.000 10.180
1920.000 10.168
1925.000 10.186
1930.000 10.424
1935.000 10.554
1940.000 10.833
1945.000 10.930
1950.000 11.385
1955.000 11.151
1960.000 11.218
1965.000 11.711
1970.000 11.849
1975.000 12.073
1980.000 12.089
1985.000 12.245
1990.000 12.684
1995.000 12.717
2000.000 12.672
2005.000 13.028
2010.000 13.185
2015.000 13.489
2020.000 13.662
2025.000 13.938
2030.000 14.134
2035.000 14.420
2040.000 15.081
2045.000 14.741
2050.000 15.227
2055.000 15.380
2060.000 15.950
2065.000 16.392
2070.000 16.411
2075.000 16.799
2080.000 17.246
2085.000 17.444
2090.000 18.057
2095.000 18.226
2100.000 18.733
2105.000 19.272
2110.000 19.703
2115.000 20.304
2120.000 20.952
2125.000 21.379
2130.000 22.389
2135.000 22.754
2140.000 23.561
2145.000 23.936
2150.000 25.070
2155.000 25.835
2160.000 26.954
2165.000 28.255
2170.000 29.204
2175.000 30.769
2180.000 31.443
2185.000 33.236
2190.000 35.650
2195.000 36.410
2200.000 38.581
2205.000 40.050
2210.000 43.057
2215.000 46.664
2220.000 47.971
2225.000 52.898
2230.000 55.143
2235.000 61.041
2240.000 63.612
2245.000 71.197
2250.000 80.327
2255.000 85.143
2260.000 96.196
2265.000 105.469
2270.000 112.540
2275.000 129.372
2280.000 127.171
2285.000 139.518
2290.000 143.597
2295.000 145.271
2300.000 144.655
2305.000 145.611
2310.000 143.314
2315.000 142.527
2320.000 138.249
2325.000 133.754
2330.000 127.665
2335.000 124.086
2340.000 112.264
2345.000 104.458
2350.000 95.946
2355.000 92.917
2360.000 92.394
2365.000 86.552
2370.000 82.519
2375.000 80.726
2380.000 78.299
2385.000 75.586
2390.000 75.223
2395.000 71.951
2400.000 71.434
2405.000 70.035
2410.000 70.084
2415.000 69.964
2420.000 69.723
2425.000 69.687
2430.000 68.171
2435.000 70.047
2440.000 70.726
2445.000 71.396
2450.000 72.947
2455.000 73.804
2460.000 75.892
2465.000 76.422
2470.000 79.694
2475.000 82.864
2480.000 84.530
2485.000 87.037
2490.000 90.536
2495.000 97.325
2500.000 105.180
2505.000 107.870
2510.000 111.829
2515.000 119.440
2520.000 124.180
2525.000 130.420
2530.000 135.824
2535.000 139.546
2540.000 141.600
2545.000 142.990
2550.000 142.976
2555.000 141.823
2560.000 140.958
2565.000 140.093
2570.000 135.819
2575.000 132.069
2580.000 124.851
2585.000 113.039
2590.000 100.756
2595.000 94.656
2600.000 89.772
2605.000 80.723
2610.000 73.075
2615.000 69.768
2620.000 64.163
2625.000 61.475
2630.000 56.975
2635.000 53.088
2640.000 51.289
2645.000 48.281
2650.000 44.824
2655.000 43.600
2660.000 40.754
2665.000 40.970
2670.000 39.345
2675.000 38.240
2680.000 32.458
2685.000 35.591
2690.000 33.389
2695.000 33.739
2700.000 32.682
2705.000 32.224
2710.000 31.313
2715.000 31.161
2720.000 30.376
2725.000 29.899
2730.000 29.780
2735.000 29.401
2740.000 29.087
2745.000 28.760
2750.000 28.582
2755.000 28.613
2760.000 28.373
2765.000 28.133
2770.000 28.109
2775.000 28.273
2780.000 28.028
2785.000 28.088
2790.000 28.581
2795.000 28.866
2800.000 29.218
2805.000 29.491
2810.000 30.031
2815.000 30.768
2820.000 31.543
2825.000 31.963
2830.000 33.079
2835.000 34.211
2840.000 35.416
2845.000 36.422
2850.000 37.095
2855.000 39.083
2860.000 41.530
2865.000 44.456
2870.000 45.974
2875.000 50.161
2880.000 52.297
2885.000 57.388
2890.000 63.625
2895.000 67.884
2900.000 71.769
2905.000 82.508
2910.000 95.360
2915.000 102.135
2920.000 108.331
2925.000 124.491
2930.000 122.733
2935.000 125.713
2940.000 121.563
2945.000 103.554
2950.000 95.610
2955.000 79.690
2960.000 66.900
2965.000 57.274
2970.000 53.314
2975.000 46.497
2980.000 44.052
2985.000 39.494
2990.000 37.323
2995.000 33.817
3000.000 30.915
3005.000 29.775
3010.000 27.443
3015.000 25.520
3020.000 24.694
3025.000 23.230
3030.000 22.482
3035.000 21.266
3040.000 20.644
3045.000 19.797
3050.000 19.273
3055.000 18.505
3060.000 17.720
3065.000 17.110
3070.000 16.840
3075.000 16.618
3080.000 16.074
3085.000 15.689
3090.000 15.369
3095.000 15.103
3100.000 14.873
3105.000 14.711
3110.000 14.537
3115.000 14.333
3120.000 14.239
3125.000 14.093
3130.000 14.093
3135.000 14.041
3140.000 14.050
3145.000 14.160
3150.000 14.058
3155.000 14.064
3160.000 14.146
3165.000 14.552
3170.000 14.591
3175.000 14.944
3180.000 15.189
3185.000 15.373
3190.000 16.000
3195.000 16.532
3200.000 16.918
3205.000 17.937
3210.000 19.009
3215.000 19.542
3220.000 21.081
3225.000 21.962
3230.000 24.129
3235.000 25.401
3240.000 28.299
3245.000 32.542
3250.000 35.343
3255.000 41.611
3260.000 49.545
3265.000 53.870
3270.000 60.165
3275.000 58.602
3280.000 53.718
3285.000 41.699
3290.000 36.280
3295.000 28.473
3300.000 22.683
3305.000 20.716
3310.000 18.808
3315.000 15.973
3320.000 13.628
3325.000 12.963
3330.000 11.213
3335.000 9.944
3340.000 9.512
3345.000 8.385
3350.000 8.014
3355.000 7.243
3360.000 7.013
3365.000 6.258
3370.000 5.877
3375.000 5.579
3380.000 5.285
3385.000 4.801
3390.000 4.515
3395.000 4.309
3400.000 4.195
3405.000 4.006
3410.000 3.745
3415.000 3.469
3420.000 3.321
3425.000 3.230
3430.000 2.969
3435.000 2.892
3440.000 2.675
3445.000 2.696
3450.000 2.580
3455.000 2.486
3460.000 2.407
3465.000 2.275
3470.000 1.935
3475.000 2.099
3480.000 1.897
3485.000 1.915
3490.000 1.875
3495.000 1.803
3500.000 1.779
3505.000 1.626
3510.000 1.750
3515.000 1.575
3520.000 1.607
3525.000 1.633
3530.000 1.396
3535.000 1.451
3540.000 1.530
3545.000 1.484
3550.000 1.279
3555.000 1.206
3560.000 1.396
3565.000 1.240
3570.000 1.145
3575.000 1.096
3580.000 1.175
3585.000 1.096
3590.000 1.018
3595.000 1.191
3600.000 1.157
3605.000 1.085
3610.000 0.997
3615.000 0.901
3620.000 1.057
3625.000 0.970
3630.000 0.939
3635.000 0.931
3640.000 0.693
3645.000 0.867
3650.000 0.841
3655.000 1.016
3660.000 0.802
3665.000 0.788
3670.000 0.805
3675.000 0.818
3680.000 0.794
3685.000 0.747
3690.000 0.797
3695.000 0.646
3700.000 0.762
3705.000 0.673
3710.000 0.668
3715.000 0.696
3720.000 0.775
3725.000 0.639
3730.000 0.670
3735.000 0.584
3740.000 0.657
3745.000 0.802
3750.000 0.699
3755.000 0.682
3760.000 0.576
3765.000 0.548
3770.000 0.574
3775.000 0.590
3780.000 0.562
3785.000 0.583
3790.000 0.654
3795.000 0.807
3800.000 0.627
3805.000 0.549
3810.000 0.503
3815.000 0.677
3820.000 0.784
3825.000 0.522
3830.000 0.571
3835.000 0.626
3840.000 0.752
3845.000 0.581
3850.000 0.547
3855.000 0.517
3860.000 0.550
3865.000 0.603
3870.000 0.616
3875.000 0.564
3880.000 0.506
3885.000 0.586
3890.000 0.549
3895.000 0.501
3900.000 0.612
3905.000 0.466
3910.000 0.642
3915.000 0.400
3920.000 0.503
3925.000 0.524
3930.000 0.503
3935.000 0.442
3940.000 0.607
3945.000 0.500
3950.000 0.534
3955.000 0.645
3960.000 0.629
3965.000 0.609
3970.000 0.508
3975.000 0.587
3980.000 0.608
3985.000 0.522
3990.000 0.612
3995.000 0.526
4000.000 0.556
4005.000 0.476
4010.000 0.481
4015.000 0.729
4020.000 0.660
4025.000 0.613
4030.000 0.604
4035.000 0.557
4040.000 0.650
4045.000 0.662
4050.000 0.618
4055.000 0.711
4060.000 0.616
4065.000 0.559
4070.000 0.522
4075.000 0.481
4080.000 0.822
4085.000 0.672
4090.000 0.632
4095.000 0.696
4100.000 0.645
4105.000 0.593
4110.000 0.665
4115.000 0.443
4120.000 0.619
4125.000 0.830
4130.000 0.743
4135.000 0.554
4140.000 0.704
4145.000 0.748
4150.000 0.633
4155.000 0.783
4160.000 0.604
4165.000 0.685
4170.000 0.780
4175.000 0.779
4180.000 0.687
4185.000 0.853
4190.000 0.703
4195.000 0.910
4200.000 0.861
4205.000 0.753
4210.000 0.946
4215.000 0.928
4220.000 0.985
4225.000 0.887
4230.000 0.908
4235.000 0.991
4240.000 1.081
4245.000 0.930
4250.000 1.103
4255.000 1.086
4260.000 1.080
4265.000 1.208
4270.000 1.286
4275.000 1.257
4280.000 1.323
4285.000 1.331
4290.000 1.308
4295.000 1.516
4300.000 1.551
4305.000 1.566
4310.000 1.589
4315.000 1.639
4320.000 1.652
4325.000 1.907
4330.000 1.900
4335.000 1.895
4340.000 2.009
4345.000 2.232
4350.000 2.435
4355.000 2.489
4360.000 2.477
4365.000 2.675
4370.000 2.807
4375.000 3.046
4380.000 3.141
4385.000 3.354
4390.000 3.647
4395.000 3.813
4400.000 3.992
4405.000 4.209
4410.000 4.468
4415.000 4.955
4420.000 5.467
4425.000 5.562
4430.000 5.906
4435.000 6.394
4440.000 7.041
4445.000 7.708
4450.000 8.158
4455.000 8.651
4460.000 9.816
4465.000 10.815
4470.000 12.048
4475.000 12.284
4480.000 12.903
4485.000 15.206
4490.000 16.975
4495.000 18.088
4500.000 20.610
4505.000 22.755
4510.000 26.018
4515.000 30.892
4520.000 33.347
4525.000 40.518
4530.000 44.316
4535.000 53.528
4540.000 67.865
4545.000 76.630
4550.000 98.210
4555.000 120.894
4560.000 126.216
4565.000 137.632
4570.000 139.095
4575.000 134.058
4580.000 132.106
4585.000 119.968
4590.000 106.922
4595.000 102.115
4600.000 96.022
4605.000 88.944
4610.000 86.183
4615.000 81.843
4620.000 80.403
4625.000 78.336
4630.000 76.633
4635.000 76.722
4640.000 76.976
4645.000 77.232
4650.000 78.267
4655.000 79.259
4660.000 81.963
4665.000 85.405
4670.000 87.190
4675.000 92.182
4680.000 93.447
4685.000 101.700
4690.000 110.206
4695.000 114.728
4700.000 122.903
4705.000 127.749
4710.000 134.772
4715.000 140.229
4720.000 143.450
4725.000 144.763
4730.000 145.361
4735.000 145.297
4740.000 145.045
4745.000 144.319
4750.000 138.954
4755.000 135.393
4760.000 126.228
4765.000 111.227
4770.000 104.398
4775.000 90.737
4780.000 85.644
4785.000 76.223
4790.000 68.900
4795.000 65.677
4800.000 60.164
4805.000 57.850
4810.000 53.768
4815.000 50.336
4820.000 48.714
4825.000 46.037
4830.000 44.750
4835.000 42.577
4840.000 40.619
4845.000 39.756
4850.000 38.337
4855.000 37.259
4860.000 36.596
4865.000 35.597
4870.000 35.409
4875.000 34.666
4880.000 34.325
4885.000 33.857
4890.000 33.679
4895.000 33.481
4900.000 33.134
4905.000 33.406
4910.000 33.458
4915.000 33.645
4920.000 31.957
4925.000 34.817
4930.000 35.188
4935.000 36.185
4940.000 36.757
4945.000 38.140
4950.000 40.040
4955.000 40.966
4960.000 43.344
4965.000 44.819
4970.000 47.926
4975.000 52.130
4980.000 54.434
4985.000 60.518
4990.000 64.381
4995.000 53.397
5000.000 55.165
5005.000 85.655
5010.000 103.182
5015.000 107.615
5020.000 120.330
5025.000 127.471
5030.000 124.585
5035.000 96.543
5040.000 96.426
5045.000 75.319
5050.000 66.302
5055.000 55.710
5060.000 51.359
5065.000 47.647
5070.000 41.681
5075.000 36.861
5080.000 34.821
5085.000 31.643
5090.000 29.913
5095.000 27.245
5100.000 25.334
5105.000 23.615
5110.000 22.737
5115.000 21.467
5120.000 20.670
5125.000 19.805
5130.000 19.054
5135.000 18.260
5140.000 17.915
5145.000 17.206
5150.000 16.696
5155.000 16.276
5160.000 15.991
5165.000 15.790
5170.000 15.494
5175.000 15.110
5180.000 15.082
5185.000 14.948
5190.000 14.986
5195.000 15.018
5200.000 14.809
5205.000 15.091
5210.000 14.138
5215.000 4.575
5220.000 15.408
5225.000 15.998
5230.000 13.924
5235.000 16.828
5240.000 17.653
5245.000 18.605
5250.000 20.262
5255.000 21.103
5260.000 23.251
5265.000 24.760
5270.000 28.188
5275.000 32.628
5280.000 35.308
5285.000 40.340
5290.000 42.474
5295.000 40.823
5300.000 37.139
5305.000 32.977
5310.000 25.203
5315.000 19.833
5320.000 17.725
5325.000 14.513
5330.000 13.101
5335.000 10.851
5340.000 9.365
5345.000 8.544
5350.000 7.447
5355.000 7.204
5360.000 6.329
5365.000 5.480
5370.000 5.240
5375.000 4.808
5380.000 4.565
5385.000 4.090
5390.000 3.782
5395.000 3.345
5400.000 3.500
5405.000 3.213
5410.000 2.815
5415.000 2.631
5420.000 2.491
5425.000 2.380
5430.000 2.231
5435.000 2.086
5440.000 2.039
5445.000 1.932
5450.000 1.741
5455.000 1.659
5460.000 1.587
5465.000 1.564
5470.000 1.524
5475.000 1.283
5480.000 1.343
5485.000 1.212
5490.000 1.141
5495.000 1.007
5500.000 1.013
5505.000 1.276
5510.000 1.138
5515.000 1.063
5520.000 0.995
5525.000 0.952
5530.000 0.906
5535.000 0.792
5540.000 0.827
5545.000 0.808
5550.000 0.730
5555.000 0.713
5560.000 0.840
5565.000 0.686
5570.000 0.700
5575.000 0.709
5580.000 0.595
5585.000 0.617
5590.000 0.644
5595.000 0.604
5600.000 0.473
5605.000 0.604
5610.000 0.609
5615.000 0.507
5620.000 0.502
5625.000 0.529
5630.000 0.451
5635.000 0.397
5640.000 0.446
5645.000 0.578
5650.000 0.461
5655.000 0.428
5660.000 0.581
5665.000 0.406
5670.000 0.453
5675.000 0.437
5680.000 0.442
5685.000 0.388
5690.000 0.466
5695.000 0.412
5700.000 0.564
5705.000 0.344
5710.000 0.381
5715.000 0.406
5720.000 0.307
5725.000 0.364
5730.000 0.360
5735.000 0.472
5740.000 0.321
5745.000 0.470
5750.000 0.389
5755.000 0.270
5760.000 0.352
5765.000 0.278
5770.000 0.323
5775.000 0.399
5780.000 0.252
5785.000 0.229
5790.000 0.258
5795.000 0.266
5800.000 0.292
5805.000 0.374
5810.000 0.333
5815.000 0.312
5820.000 0.287
5825.000 0.250
5830.000 0.301
5835.000 0.220
5840.000 0.398
5845.000 0.236
5850.000 0.279
5855.000 0.248
5860.000 0.271
5865.000 0.156
5870.000 0.245
5875.000 0.311
5880.000 0.206
5885.000 0.341
5890.000 0.306
5895.000 0.285
5900.000 0.266
5905.000 0.245
5910.000 0.269
5915.000 0.235
5920.000 0.237
5925.000 0.270
5930.000 0.335
5935.000 0.350
5940.000 0.210
5945.000 0.244
5950.000 0.318
5955.000 0.222
5960.000 0.311
5965.000 0.247
5970.000 0.208
5975.000 0.330
5980.000 0.216
5985.000 0.367
5990.000 0.242
5995.000 0.290
6000.000 0.295
6005.000 0.301
6010.000 0.238
6015.000 0.402
6020.000 0.238
6025.000 0.306
6030.000 0.230
6035.000 0.295
6040.000 0.128
6045.000 0.332
6050.000 0.263
6055.000 0.272
6060.000 0.209
6065.000 0.293
6070.000 0.188
6075.000 0.221
6080.000 0.252
6085.000 0.220
6090.000 0.291
6095.000 0.340
6100.000 0.261
6105.000 0.218
6110.000 0.319
6115.000 0.211
6120.000 0.175
6125.000 0.283
6130.000 0.325
6135.000 0.320
6140.000 0.182
6145.000 0.246
6150.000 0.185
6155.000 0.312
6160.000 0.213
6165.000 0.227
6170.000 0.230
6175.000 0.302
6180.000 0.250
6185.000 0.289
6190.000 0.251
6195.000 0.210
6200.000 0.160
6205.000 0.249
6210.000 0.310
6215.000 0.234
6220.000 0.283
6225.000 0.363
6230.000 0.370
6235.000 0.198
6240.000 0.179
6245.000 0.300
6250.000 0.242
6255.000 0.279
6260.000 0.217
6265.000 0.327
6270.000 0.275
6275.000 0.185
6280.000 0.359
6285.000 0.332
6290.000 0.276
6295.000 0.382
6300.000 0.245
6305.000 0.144
6310.000 0.210
6315.000 0.334
6320.000 0.253
6325.000 0.284
6330.000 0.417
6335.000 0.251
6340.000 0.419
6345.000 0.340
6350.000 0.263
6355.000 0.447
6360.000 0.304
6365.000 0.341
6370.000 0.312
6375.000 0.458
6380.000 0.375
6385.000 0.300
6390.000 0.396
6395.000 0.382
6400.000 0.477
6405.000 0.437
6410.000 0.495
6415.000 0.342
6420.000 0.324
6425.000 0.364
6430.000 0.333
6435.000 0.322
6440.000 0.344
6445.000 0.391
6450.000 0.470
6455.000 0.458
6460.000 0.406
6465.000 0.410
6470.000 0.460
6475.000 0.503
6480.000 0.464
6485.000 0.476
6490.000 0.509
6495.000 0.451
6500.000 0.508
6505.000 0.515
6510.000 0.501
6515.000 0.488
6520.000 0.622
6525.000 0.558
6530.000 0.572
6535.000 0.551
6540.000 0.640
6545.000 0.711
6550.000 0.489
6555.000 0.656
6560.000 0.671
6565.000 0.808
6570.000 0.762
6575.000 0.746
6580.000 0.938
6585.000 0.760
6590.000 0.826
6595.000 0.822
6600.000 0.973
6605.000 1.043
6610.000 0.931
6615.000 0.987
6620.000 1.120
6625.000 1.069
6630.000 1.091
6635.000 1.136
6640.000 1.221
6645.000 1.258
6650.000 1.516
6655.000 1.552
6660.000 1.614
6665.000 1.646
6670.000 1.664
6675.000 1.927
6680.000 1.928
6685.000 2.017
6690.000 2.177
6695.000 2.346
6700.000 2.432
6705.000 2.626
6710.000 2.750
6715.000 3.069
6720.000 3.367
6725.000 3.429
6730.000 3.882
6735.000 3.938
6740.000 4.324
6745.000 4.739
6750.000 5.195
6755.000 5.756
6760.000 6.156
6765.000 7.019
6770.000 7.630
6775.000 8.694
6780.000 10.240
6785.000 10.963
6790.000 13.036
6795.000 15.670
6800.000 19.376
6805.000 21.492
6810.000 23.943
6815.000 30.695
6820.000 39.361
6825.000 44.286
6830.000 53.848
6835.000 57.649
6840.000 57.767
6845.000 53.894
6850.000 48.246
6855.000 42.438
6860.000 40.011
6865.000 36.558
6870.000 34.132
6875.000 33.265
6880.000 32.066
6885.000 31.885
6890.000 30.035
6895.000 30.772
6900.000 31.934
6905.000 32.982
6910.000 33.552
6915.000 35.373
6920.000 36.648
6925.000 39.707
6930.000 43.682
6935.000 46.229
6940.000 51.829
6945.000 59.335
6950.000 63.847
6955.000 73.271
6960.000 77.903
6965.000 83.945
6970.000 84.728
6975.000 79.117
6980.000 67.062
6985.000 61.459
6990.000 51.337
6995.000 47.170
7000.000 40.026
7005.000 35.473
7010.000 33.284
7015.000 29.895
7020.000 27.946
7025.000 25.737
7030.000 24.799
7035.000 23.057
7040.000 21.748
7045.000 21.101
7050.000 20.192
7055.000 20.182
7060.000 19.036
7065.000 18.380
7070.000 18.083
7075.000 17.724
7080.000 17.516
7085.000 17.306
7090.000 17.245
7095.000 17.280
7100.000 17.419
7105.000 17.587
7110.000 17.668
7115.000 18.186
7120.000 18.286
7125.000 18.951
7130.000 19.358
7135.000 20.346
7140.000 21.427
7145.000 22.049
7150.000 23.673
7155.000 24.581
7160.000 27.108
7165.000 30.055
7170.000 31.900
7175.000 36.345
7180.000 38.860
7185.000 44.835
7190.000 51.273
7195.000 54.166
7200.000 57.044
7205.000 56.263
7210.000 50.427
7215.000 42.158
7220.000 38.196
7225.000 31.563
7230.000 28.951
7235.000 24.809
7240.000 21.294
7245.000 18.931
7250.000 17.785
7255.000 16.071
7260.000 15.336
7265.000 14.022
7270.000 13.507
7275.000 12.367
7280.000 12.067
7285.000 11.272
7290.000 10.653
7295.000 10.592
7300.000 10.002
7305.000 9.813
7310.000 9.503
7315.000 9.290
7320.000 9.187
7325.000 9.067
7330.000 8.991
7335.000 8.910
7340.000 8.836
7345.000 8.864
7350.000 8.960
7355.000 9.410
7360.000 9.659
7365.000 9.788
7370.000 9.974
7375.000 10.591
7380.000 11.420
7385.000 11.920
7390.000 13.046
7395.000 13.737
7400.000 15.421
7405.000 17.308
7410.000 18.353
7415.000 19.479
7420.000 19.486
7425.000 17.634
7430.000 16.166
7435.000 12.841
7440.000 10.163
7445.000 9.100
7450.000 7.425
7455.000 6.621
7460.000 5.537
7465.000 4.567
7470.000 4.290
7475.000 3.812
7480.000 3.437
7485.000 2.996
7490.000 2.629
7495.000 2.503
7500.000 2.280
7505.000 2.139
7510.000 1.882
7515.000 1.736
7520.000 1.731
7525.000 1.500
7530.000 1.536
7535.000 1.367
7540.000 1.239
7545.000 1.122
7550.000 1.072
7555.000 1.010
7560.000 0.968
7565.000 0.789
7570.000 0.917
7575.000 0.901
7580.000 0.899
7585.000 0.756
7590.000 0.869
7595.000 0.628
7600.000 0.721
7605.000 0.680
7610.000 0.687
7615.000 0.658
7620.000 0.449
7625.000 0.638
7630.000 0.510
7635.000 0.468
7640.000 0.502
7645.000 0.498
7650.000 0.498
7655.000 0.465
7660.000 0.420
7665.000 0.400
7670.000 0.339
7675.000 0.477
7680.000 0.409
7685.000 0.387
7690.000 0.316
7695.000 0.182
7700.000 0.256
7705.000 0.400
7710.000 0.320
7715.000 0.230
7720.000 0.298
7725.000 0.253
7730.000 0.309
7735.000 0.237
7740.000 0.251
7745.000 0.460
7750.000 0.375
7755.000 0.333
7760.000 0.265
7765.000 0.223
7770.000 0.277
7775.000 0.293
7780.000 0.253
7785.000 0.266
7790.000 0.232
7795.000 0.191
7800.000 0.375
7805.000 0.337
7810.000 0.219
7815.000 0.285
7820.000 0.244
7825.000 0.233
7830.000 0.330
7835.000 0.156
7840.000 0.119
7845.000 0.141
7850.000 0.259
7855.000 0.266
7860.000 0.240
7865.000 0.247
7870.000 0.173
7875.000 0.140
7880.000 0.162
7885.000 0.224
7890.000 0.184
7895.000 0.148
7900.000 0.254
7905.000 0.217
7910.000 0.122
7915.000 0.158
7920.000 0.128
7925.000 0.160
7930.000 0.166
7935.000 0.105
7940.000 0.147
7945.000 0.184
7950.000 0.155
7955.000 0.190
7960.000 0.238
7965.000 0.219
7970.000 0.135
7975.000 0.176
7980.000 0.162
7985.000 0.114
7990.000 0.179
7995.000 0.260
8000.000 0.099
8005.000 0.126
8010.000 0.126
8015.000 0.159
8020.000 0.161
8025.000 0.330
8030.000 0.105
8035.000 0.223
8040.000 0.161
8045.000 0.202
8050.000 0.125
8055.000 0.153
8060.000 0.212
8065.000 0.181
8070.000 0.127
8075.000 0.164
8080.000 0.131
8085.000 0.230
8090.000 0.126
8095.000 0.151
8100.000 0.172
8105.000 0.223
8110.000 0.181
8115.000 0.112
8120.000 0.129
8125.000 0.247
8130.000 0.183
8135.000 0.116
8140.000 0.217
8145.000 0.235
8150.000 0.138
8155.000 0.135
8160.000 0.266
8165.000 0.135
8170.000 0.227
8175.000 0.235
8180.000 0.162
8185.000 0.121
8190.000 0.181
8195.000 0.146
8200.000 0.210
8205.000 0.239
8210.000 0.210
8215.000 0.208
8220.000 0.174
8225.000 0.193
8230.000 0.199
8235.000 0.236
8240.000 0.187
8245.000 0.260
8250.000 0.177
8255.000 0.193
8260.000 0.128
8265.000 0.281
8270.000 0.203
8275.000 0.194
8280.000 0.236
8285.000 0.160
8290.000 0.235
8295.000 0.149
8300.000 0.222
8305.000 0.157
8310.000 0.121
8315.000 0.218
8320.000 0.168
8325.000 0.142
8330.000 0.265
8335.000 0.220
8340.000 0.181
8345.000 0.154
8350.000 0.218
8355.000 0.156
8360.000 0.129
8365.000 0.115
8370.000 0.176
8375.000 0.258
8380.000 0.152
8385.000 0.164
8390.000 0.189
8395.000 0.116
8400.000 0.212
8405.000 0.112
8410.000 0.157
8415.000 0.141
8420.000 0.123
8425.000 0.259
8430.000 0.177
8435.000 0.223
8440.000 0.133
8445.000 0.220
8450.000 0.177
8455.000 0.121
8460.000 0.150
8465.000 0.283
8470.000 0.237
8475.000 0.198
8480.000 0.114
8485.000 0.222
8490.000 0.158
8495.000 0.149
8500.000 0.137
8505.000 0.256
8510.000 0.177
8515.000 0.246
8520.000 0.163
8525.000 0.152
8530.000 0.177
8535.000 0.187
8540.000 0.205
8545.000 0.308
8550.000 0.278
8555.000 0.211
8560.000 0.239
8565.000 0.158
8570.000 0.127
8575.000 0.108
8580.000 0.146
8585.000 0.259
8590.000 0.224
8595.000 0.204
8600.000 0.163
8605.000 0.200
8610.000 0.247
8615.000 0.197
8620.000 0.128
8625.000 0.259
8630.000 0.277
8635.000 0.208
8640.000 0.161
8645.000 0.122
8650.000 0.215
8655.000 0.272
8660.000 0.190
8665.000 0.187
8670.000 0.130
8675.000 0.268
8680.000 0.245
8685.000 0.196
8690.000 0.219
8695.000 0.260
8700.000 0.373
8705.000 0.282
8710.000 0.282
8715.000 0.259
8720.000 0.126
8725.000 0.293
8730.000 0.216
8735.000 0.259
8740.000 0.173
8745.000 0.222
8750.000 0.298
8755.000 0.347
8760.000 0.201
8765.000 0.295
8770.000 0.336
8775.000 0.287
8780.000 0.254
8785.000 0.372
8790.000 0.349
8795.000 0.356
8800.000 0.352
8805.000 0.325
8810.000 0.332
8815.000 0.350
8820.000 0.342
8825.000 0.298
8830.000 0.329
8835.000 0.432
8840.000 0.358
8845.000 0.341
8850.000 0.442
8855.000 0.402
8860.000 0.547
8865.000 0.462
8870.000 0.435
8875.000 0.564
8880.000 0.525
8885.000 0.420
8890.000 0.545
8895.000 0.551
8900.000 0.621
8905.000 0.555
8910.000 0.613
8915.000 0.652
8920.000 0.785
8925.000 0.747
8930.000 0.741
8935.000 0.748
8940.000 0.855
8945.000 0.930
8950.000 0.961
8955.000 1.130
8960.000 1.050
8965.000 1.354
8970.000 1.419
8975.000 1.493
8980.000 1.516
8985.000 1.543
8990.000 1.731
8995.000 1.928
9000.000 2.095
9005.000 2.263
9010.000 2.528
9015.000 2.780
9020.000 3.089
9025.000 3.447
9030.000 3.916
9035.000 4.232
9040.000 4.814
9045.000 5.812
9050.000 6.314
9055.000 7.575
9060.000 8.636
9065.000 10.628
9070.000 11.792
9075.000 14.851
9080.000 18.556
9085.000 20.453
9090.000 23.715
9095.000 24.545
9100.000 24.247
9105.000 22.092
9110.000 21.112
9115.000 19.249
9120.000 18.447
9125.000 17.487
9130.000 16.645
9135.000 16.295
9140.000 16.181
9145.000 16.188
9150.000 16.512
9155.000 16.900
9160.000 17.276
9165.000 18.223
9170.000 18.780
9175.000 20.206
9180.000 22.117
9185.000 23.353
9190.000 25.954
9195.000 29.214
9200.000 31.080
9205.000 34.323
9210.000 35.739
9215.000 36.431
9220.000 35.647
9225.000 34.158
9230.000 30.485
9235.000 28.384
9240.000 24.811
9245.000 21.838
9250.000 20.539
9255.000 18.404
9260.000 16.770
9265.000 15.976
9270.000 14.956
9275.000 14.332
9280.000 13.522
9285.000 13.217
9290.000 12.258
9295.000 12.007
9300.000 11.976
9305.000 11.688
9310.000 7.848
9315.000 10.550
9320.000 10.786
9325.000 11.159
9330.000 11.207
9335.000 11.451
9340.000 11.448
9345.000 11.299
9350.000 12.005
9355.000 12.434
9360.000 12.736
9365.000 13.548
9370.000 14.500
9375.000 15.676
9380.000 16.431
9385.000 18.035
9390.000 19.085
9395.000 21.442
9400.000 22.699
9405.000 25.375
9410.000 25.996
9415.000 28.110
9420.000 28.307
9425.000 26.933
9430.000 23.224
9435.000 20.325
9440.000 18.821
9445.000 17.301
9450.000 14.959
9455.000 13.048
9460.000 11.663
9465.000 10.980
9470.000 9.911
9475.000 9.111
9480.000 8.752
9485.000 8.168
9490.000 7.882
9495.000 7.409
9500.000 7.297
9505.000 6.811
9510.000 6.534
9515.000 6.464
9520.000 6.419
9525.000 6.410
9530.000 6.246
9535.000 6.189
9540.000 6.312
9545.000 6.262
9550.000 6.497
9555.000 6.658
9560.000 6.584
9565.000 6.826
9570.000 7.139
9575.000 7.732
9580.000 7.579
9585.000 8.656
9590.000 9.377
9595.000 9.728
9600.000 10.336
9605.000 10.450
9610.000 10.136
9615.000 8.942
9620.000 8.181
9625.000 6.757
9630.000 5.479
9635.000 5.073
9640.000 4.189
9645.000 3.842
9650.000 3.192
9655.000 2.917
9660.000 2.457
9665.000 2.223
9670.000 1.954
9675.000 1.789
9680.000 1.818
9685.000 1.561
9690.000 1.347
9695.000 1.261
9700.000 1.123
9705.000 1.089
9710.000 0.952
9715.000 0.963
9720.000 0.897
9725.000 0.826
9730.000 0.837
9735.000 0.768
9740.000 0.638
9745.000 0.638
9750.000 0.617
9755.000 0.526
9760.000 0.557
9765.000 0.446
9770.000 0.498
9775.000 0.458
9780.000 0.407
9785.000 0.402
9790.000 0.509
9795.000 0.346
9800.000 0.415
9805.000 0.456
9810.000 0.377
9815.000 0.393
9820.000 0.306
9825.000 0.281
9830.000 0.367
9835.000 0.315
9840.000 0.335
9845.000 0.258
9850.000 0.294
9855.000 0.209
9860.000 0.222
9865.000 0.315
9870.000 0.283
9875.000 0.273
9880.000 0.350
9885.000 0.173
9890.000 0.202
9895.000 0.295
9900.000 0.192
9905.000 0.325
9910.000 0.255
9915.000 0.210
9920.000 0.240
9925.000 0.190
9930.000 0.192
9935.000 0.208
9940.000 0.192
9945.000 0.220
9950.000 0.183
9955.000 0.148
9960.000 0.187
9965.000 0.300
9970.000 0.123
9975.000 0.165
9980.000 0.210
9985.000 0.216
9990.000 0.159
9995.000 0.210
10000.000 0.225
10005.000 0.190
10010.000 0.121
10015.000 0.279
10020.000 0.161
10025.000 0.163
10030.000 0.169
10035.000 0.153
10040.000 0.132
10045.000 0.112
10050.000 0.105
10055.000 0.147
10060.000 0.134
10065.000 0.144
10070.000 0.174
10075.000 0.147
10080.000 0.156
10085.000 0.133
10090.000 0.127
10095.000 0.211
10100.000 0.130
10105.000 0.204
10110.000 0.173
10115.000 0.158
10120.000 0.096
10125.000 0.146
10130.000 0.242
10135.000 0.178
10140.000 0.196
10145.000 0.175
10150.000 0.195
10155.000 0.121
10160.000 0.151
10165.000 0.136
10170.000 0.183
10175.000 0.097
10180.000 0.086
10185.000 0.110
10190.000 0.133
10195.000 0.156
10200.000 0.154
10205.000 0.159
10210.000 0.169
10215.000 0.146
10220.000 0.130
10225.000 0.134
10230.000 0.146
10235.000 0.148
10240.000 0.192
10245.000 0.185
10250.000 0.123
10255.000 0.169
10260.000 0.101
10265.000 0.239
10270.000 0.125
10275.000 0.126
10280.000 0.178
10285.000 0.138
10290.000 0.152
10295.000 0.105
10300.000 0.157
10305.000 0.134
10310.000 0.173
10315.000 0.104
10320.000 0.168
10325.000 0.140
10330.000 0.071
10335.000 0.107
10340.000 0.124
10345.000 0.137
10350.000 0.203
10355.000 0.139
10360.000 0.117
10365.000 0.137
10370.000 0.200
10375.000 0.172
10380.000 0.207
10385.000 0.198
10390.000 0.151
10395.000 0.220
10400.000 0.102
10405.000 0.090
10410.000 0.116
10415.000 0.178
10420.000 0.154
10425.000 0.182
10430.000 0.074
10435.000 0.139
10440.000 0.074
10445.000 0.128
10450.000 0.382
10455.000 0.171
10460.000 0.126
10465.000 0.160
10470.000 0.120
10475.000 0.110
10480.000 0.202
10485.000 0.148
10490.000 0.111
10495.000 0.113
10500.000 0.103
10505.000 0.183
10510.000 0.155
10515.000 0.165
10520.000 0.183
10525.000 0.125
10530.000 0.143
10535.000 0.091
10540.000 0.140
10545.000 0.170
10550.000 0.183
10555.000 0.158
10560.000 0.124
10565.000 0.156
10570.000 0.153
10575.000 0.134
10580.000 0.144
10585.000 0.148
10590.000 0.195
10595.000 0.189
10600.000 0.134
10605.000 0.180
10610.000 0.178
10615.000 0.100
10620.000 0.144
10625.000 0.152
10630.000 0.209
10635.000 0.133
10640.000 0.118
10645.000 0.197
10650.000 0.145
10655.000 0.093
10660.000 0.162
10665.000 0.124
10670.000 0.126
10675.000 0.084
10680.000 0.165
10685.000 0.130
10690.000 0.160
10695.000 0.094
10700.000 0.104
10705.000 0.188
10710.000 0.108
10715.000 0.179
10720.000 0.221
10725.000 0.153
10730.000 0.192
10735.000 0.190
10740.000 0.133
10745.000 0.161
10750.000 0.250
10755.000 0.152
10760.000 0.200
10765.000 0.124
10770.000 0.141
10775.000 0.123
10780.000 0.132
10785.000 0.167
10790.000 0.131
10795.000 0.151
10800.000 0.066
10805.000 0.151
10810.000 0.181
10815.000 0.118
10820.000 0.196
10825.000 0.172
10830.000 0.202
10835.000 0.120
10840.000 0.093
10845.000 0.142
10850.000 0.122
10855.000 0.217
10860.000 0.225
10865.000 0.165
10870.000 0.108
10875.000 0.174
10880.000 0.165
10885.000 0.196
10890.000 0.152
10895.000 0.173
10900.000 0.140
10905.000 0.158
10910.000 0.144
10915.000 0.205
10920.000 0.083
10925.000 0.151
10930.000 0.131
10935.000 0.199
10940.000 0.163
10945.000 0.153
10950.000 0.168
10955.000 0.153
10960.000 0.215
10965.000 0.184
10970.000 0.214
10975.000 0.134
10980.000 0.184
10985.000 0.165
10990.000 0.213
10995.000 0.205
11000.000 0.298
11005.000 0.216
11010.000 0.136
11015.000 0.192
11020.000 0.164
11025.000 0.187
11030.000 0.261
11035.000 0.187
11040.000 0.252
11045.000 0.259
11050.000 0.271
11055.000 0.243
11060.000 0.305
11065.000 0.177
11070.000 0.278
11075.000 0.269
11080.000 0.274
11085.000 0.231
11090.000 0.320
11095.000 0.336
11100.000 0.201
11105.000 0.307
11110.000 0.319
11115.000 0.320
11120.000 0.410
11125.000 0.339
11130.000 0.352
11135.000 0.300
11140.000 0.483
11145.000 0.408
11150.000 0.364
11155.000 0.522
11160.000 0.363
11165.000 0.538
11170.000 0.580
11175.000 0.513
11180.000 0.522
11185.000 0.611
11190.000 0.665
11195.000 0.701
11200.000 0.760
11205.000 0.827
11210.000 0.849
11215.000 0.883
11220.000 0.997
11225.000 1.026
11230.000 1.155
11235.000 1.357
11240.000 1.366
11245.000 1.586
11250.000 1.747
11255.000 1.871
11260.000 2.136
11265.000 2.352
11270.000 2.611
11275.000 2.926
11280.000 3.680
11285.000 4.035
11290.000 4.558
11295.000 5.556
11300.000 6.935
11305.000 8.489
11310.000 9.387
11315.000 10.205
11320.000 11.590
11325.000 12.028
11330.000 11.356
11335.000 10.987
11340.000 10.124
11345.000 9.628
11350.000 9.030
11355.000 8.538
11360.000 8.492
11365.000 8.208
11370.000 7.862
11375.000 8.065
11380.000 8.175
11385.000 8.413
11390.000 8.540
11395.000 8.931
11400.000 9.388
11405.000 9.784
11410.000 10.502
11415.000 10.890
11420.000 12.058
11425.000 13.442
11430.000 14.239
11435.000 16.033
11440.000 17.114
11445.000 19.078
11450.000 20.508
11455.000 20.769
11460.000 20.839
11465.000 19.722
11470.000 17.845
11475.000 16.085
11480.000 14.773
11485.000 13.117
11490.000 12.431
11495.000 11.177
11500.000 10.651
11505.000 9.871
11510.000 9.534
11515.000 8.991
11520.000 8.445
11525.000 8.065
11530.000 7.999
11535.000 7.822
11540.000 7.568
11545.000 7.555
11550.000 7.389
11555.000 7.420
11560.000 7.454
11565.000 7.499
11570.000 7.632
11575.000 7.624
11580.000 7.870
11585.000 8.009
11590.000 8.357
11595.000 8.791
11600.000 9.171
11605.000 9.753
11610.000 10.130
11615.000 11.046
11620.000 12.128
11625.000 12.818
11630.000 14.201
11635.000 14.920
11640.000 16.506
11645.000 17.499
11650.000 17.745
11655.000 17.415
11660.000 16.723
11665.000 14.919
11670.000 12.972
11675.000 12.124
11680.000 10.574
11685.000 9.933
11690.000 8.712
11695.000 7.837
11700.000 7.417
11705.000 6.787
11710.000 6.523
11715.000 6.078
11720.000 5.729
11725.000 5.375
11730.000 5.276
11735.000 5.058
11740.000 4.889
11745.000 4.861
11750.000 4.792
11755.000 4.764
11760.000 4.710
11765.000 4.695
11770.000 4.864
11775.000 4.923
11780.000 5.046
11785.000 5.253
11790.000 5.412
11795.000 5.820
11800.000 6.264
11805.000 6.462
11810.000 6.887
11815.000 7.235
11820.000 7.175
11825.000 6.988
11830.000 5.227
11835.000 5.311
11840.000 4.760
11845.000 4.008
11850.000 3.693
11855.000 2.957
11860.000 2.495
11865.000 2.345
11870.000 1.922
11875.000 1.853
11880.000 1.512
11885.000 1.316
11890.000 1.346
11895.000 1.128
11900.000 1.091
11905.000 1.010
11910.000 0.895
11915.000 0.868
11920.000 0.812
11925.000 0.723
11930.000 0.649
11935.000 0.618
11940.000 0.584
11945.000 0.472
11950.000 0.440
11955.000 0.461
11960.000 0.473
11965.000 0.393
11970.000 0.346
11975.000 0.466
11980.000 0.414
11985.000 0.360
11990.000 0.360
11995.000 0.377
12000.000 0.307
12005.000 0.352
12010.000 0.314
12015.000 0.327
12020.000 0.287
12025.000 0.212
12030.000 0.279
12035.000 0.267
12040.000 0.299
12045.000 0.217
12050.000 0.268
12055.000 0.195
12060.000 0.212
12065.000 0.277
12070.000 0.242
12075.000 0.213
12080.000 0.183
12085.000 0.218
12090.000 0.169
12095.000 0.266
12100.000 0.148
12105.000 0.192
12110.000 0.230
12115.000 0.187
12120.000 0.218
12125.000 0.222
12130.000 0.321
12135.000 0.159
12140.000 0.133
12145.000 0.230
12150.000 0.142
12155.000 0.178
12160.000 0.176
12165.000 0.188
12170.000 0.132
12175.000 0.193
12180.000 0.177
12185.000 0.142
12190.000 0.119
12195.000 0.124
12200.000 0.157
12205.000 0.157
12210.000 0.185
12215.000 0.130
12220.000 0.176
12225.000 0.131
12230.000 0.108
12235.000 0.131
12240.000 0.197
12245.000 0.175
12250.000 0.143
12255.000 0.095
12260.000 0.253
12265.000 0.113
12270.000 0.198
12275.000 0.173
12280.000 0.225
12285.000 0.137
12290.000 0.123
12295.000 0.149
12300.000 0.116
12305.000 0.191
12310.000 0.143
12315.000 0.147
12320.000 0.131
12325.000 0.133
12330.000 0.232
12335.000 0.200
12340.000 0.167
12345.000 0.164
12350.000 0.218
12355.000 0.219
12360.000 0.166
12365.000 0.174
12370.000 0.177
12375.000 0.123
12380.000 0.170
12385.000 0.178
12390.000 0.121
12395.000 0.122
12400.000 0.112
12405.000 0.116
12410.000 0.125
12415.000 0.137
12420.000 0.132
12425.000 0.193
12430.000 0.193
12435.000 0.140
12440.000 0.140
12445.000 0.154
12450.000 0.163
12455.000 0.151
12460.000 0.156
12465.000 0.104
12470.000 0.139
12475.000 0.115
12480.000 0.128
12485.000 0.186
12490.000 0.139
12495.000 0.141
12500.000 0.108
12505.000 0.071
12510.000 0.106
12515.000 0.104
12520.000 0.108
12525.000 0.104
12530.000 0.165
12535.000 0.166
12540.000 0.149
12545.000 0.231
12550.000 0.135
12555.000 0.190
12560.000 0.082
12565.000 0.117
12570.000 0.129
12575.000 0.132
12580.000 0.147
12585.000 0.120
12590.000 0.148
12595.000 0.119
12600.000 0.181
12605.000 0.120
12610.000 0.102
12615.000 0.168
12620.000 0.124
12625.000 0.163
12630.000 0.093
12635.000 0.133
12640.000 0.094
12645.000 0.148
12650.000 0.151
12655.000 0.084
12660.000 0.114
12665.000 0.154
12670.000 0.112
12675.000 0.123
12680.000 0.100
12685.000 0.142
12690.000 0.103
12695.000 0.165
12700.000 0.144
12705.000 0.106
12710.000 0.135
12715.000 0.163
12720.000 0.144
12725.000 0.215
12730.000 0.101
12735.000 0.134
12740.000 0.157
12745.000 0.092
12750.000 0.172
12755.000 0.174
12760.000 0.156
12765.000 0.102
12770.000 0.104
12775.000 0.085
12780.000 0.181
12785.000 0.095
12790.000 0.159
12795.000 0.151
12800.000 0.125
12805.000 0.113
12810.000 0.150
12815.000 0.098
12820.000 0.157
12825.000 0.183
12830.000 0.128
12835.000 0.110
12840.000 0.173
12845.000 0.180
12850.000 0.168
12855.000 0.142
12860.000 0.162
12865.000 0.126
12870.000 0.178
12875.000 0.113
12880.000 0.171
12885.000 0.179
12890.000 0.131
12895.000 0.136
12900.000 0.172
12905.000 0.117
12910.000 0.186
12915.000 0.204
12920.000 0.160
12925.000 0.158
12930.000 0.177
12935.000 0.102
12940.000 0.069
12945.000 0.125
12950.000 0.174
12955.000 0.199
12960.000 0.107
12965.000 0.142
12970.000 0.122
12975.000 0.072
12980.000 0.094
12985.000 0.095
12990.000 0.190
12995.000 0.208
13000.000 0.100
13005.000 0.095
13010.000 0.144
13015.000 0.196
13020.000 0.145
13025.000 0.091
13030.000 0.098
13035.000 0.163
13040.000 0.208
13045.000 0.140
13050.000 0.153
13055.000 0.224
13060.000 0.112
13065.000 0.151
13070.000 0.147
13075.000 0.157
13080.000 0.251
13085.000 0.172
13090.000 0.157
13095.000 0.150
13100.000 0.195
13105.000 0.095
13110.000 0.171
13115.000 0.133
13120.000 0.113
13125.000 0.177
13130.000 0.215
13135.000 0.157
13140.000 0.214
13145.000 0.189
13150.000 0.162
13155.000 0.192
13160.000 0.176
13165.000 0.149
13170.000 0.215
13175.000 0.131
13180.000 0.185
13185.000 0.284
13190.000 0.182
13195.000 0.246
13200.000 0.151
13205.000 0.208
13210.000 0.294
13215.000 0.202
13220.000 0.209
13225.000 0.235
13230.000 0.285
13235.000 0.226
13240.000 0.214
13245.000 0.247
13250.000 0.242
13255.000 0.221
13260.000 0.331
13265.000 0.283
13270.000 0.281
13275.000 0.407
13280.000 0.225
13285.000 0.262
13290.000 0.325
13295.000 0.321
13300.000 0.340
13305.000 0.412
13310.000 0.314
13315.000 0.553
13320.000 0.474
13325.000 0.495
13330.000 0.564
13335.000 0.559
13340.000 0.691
13345.000 0.632
13350.000 0.597
13355.000 0.720
13360.000 0.743
13365.000 0.835
13370.000 0.946
13375.000 0.958
13380.000 1.039
13385.000 1.147
13390.000 1.202
13395.000 1.388
13400.000 1.595
13405.000 1.747
13410.000 2.004
13415.000 2.221
13420.000 2.606
13425.000 3.016
13430.000 3.378
13435.000 3.851
13440.000 4.545
13445.000 4.820
13450.000 5.357
13455.000 5.557
13460.000 5.615
13465.000 5.576
13470.000 5.185
13475.000 4.793
13480.000 4.678
13485.000 4.456
13490.000 4.286
13495.000 4.151
13500.000 4.076
13505.000 3.877
13510.000 3.875
13515.000 3.735
13520.000 3.846
13525.000 3.814
13530.000 3.889
13535.000 3.915
13540.000 4.018
13545.000 4.036
13550.000 4.235
13555.000 4.391
13560.000 4.547
13565.000 4.668
13570.000 4.957
13575.000 5.146
13580.000 5.410
13585.000 5.902
13590.000 6.426
13595.000 6.631
13600.000 7.243
13605.000 7.532
13610.000 8.131
13615.000 8.510
13620.000 9.041
13625.000 9.284
13630.000 9.458
13635.000 9.403
13640.000 9.376
13645.000 8.896
13650.000 8.365
13655.000 8.089
13660.000 7.569
13665.000 7.315
13670.000 6.791
13675.000 6.578
13680.000 5.482
13685.000 5.920
13690.000 5.689
13695.000 5.449
13700.000 5.250
13705.000 5.031
13710.000 4.956
13715.000 4.856
13720.000 4.803
13725.000 4.769
13730.000 4.141
13735.000 4.697
13740.000 4.655
13745.000 4.719
13750.000 4.635
13755.000 4.700
13760.000 4.753
13765.000 4.940
13770.000 5.013
13775.000 5.138
13780.000 5.116
13785.000 5.231
13790.000 5.554
13795.000 5.926
13800.000 6.023
13805.000 6.217
13810.000 6.651
13815.000 6.861
13820.000 7.346
13825.000 6.591
13830.000 8.489
13835.000 8.752
13840.000 9.043
13845.000 9.553
13850.000 9.925
13855.000 9.946
13860.000 9.885
13865.000 9.718
13870.000 9.380
13875.000 8.744
13880.000 8.414
13885.000 7.720
13890.000 7.313
13895.000 6.781
13900.000 6.521
13905.000 4.447
13910.000 5.612
13915.000 5.514
13920.000 5.166
13925.000 4.856
13930.000 4.730
13935.000 4.588
13940.000 4.468
13945.000 4.270
13950.000 4.265
13955.000 4.197
13960.000 4.066
13965.000 4.116
13970.000 4.026
13975.000 4.045
13980.000 4.059
13985.000 4.068
13990.000 4.159
13995.000 4.324
14000.000 4.324
14005.000 4.454
14010.000 4.715
14015.000 4.821
14020.000 4.980
14025.000 5.308
14030.000 5.431
14035.000 5.724
14040.000 5.859
14045.000 5.958
14050.000 5.911
14055.000 5.632
14060.000 5.197
14065.000 4.891
14070.000 4.295
14075.000 3.993
14080.000 3.403
14085.000 2.926
14090.000 2.759
14095.000 2.378
14100.000 2.084
14105.000 1.890
14110.000 1.760
14115.000 1.664
14120.000 1.506
14125.000 1.401
14130.000 1.228
14135.000 1.143
14140.000 1.139
14145.000 1.051
14150.000 0.998
14155.000 0.883
14160.000 0.885
14165.000 0.837
14170.000 0.784
14175.000 0.817
14180.000 0.688
14185.000 0.619
14190.000 0.617
14195.000 0.559
14200.000 0.613
14205.000 0.476
14210.000 0.579
14215.000 0.454
14220.000 0.507
14225.000 0.481
14230.000 0.555
14235.000 0.417
14240.000 0.392
14245.000 0.407
14250.000 0.397
14255.000 0.432
14260.000 0.399
14265.000 0.426
14270.000 0.336
14275.000 0.378
14280.000 0.335
14285.000 0.360
14290.000 0.270
14295.000 0.357
14300.000 0.325
14305.000 0.323
14310.000 0.259
14315.000 0.296
14320.000 0.333
14325.000 0.238
14330.000 0.304
14335.000 0.271
14340.000 0.258
14345.000 0.263
14350.000 0.265
14355.000 0.226
14360.000 0.230
14365.000 0.247
14370.000 0.230
14375.000 0.283
14380.000 0.228
14385.000 0.318
14390.000 0.208
14395.000 0.181
14400.000 0.257
14405.000 0.236
14410.000 0.229
14415.000 0.191
14420.000 0.294
14425.000 0.271
14430.000 0.209
14435.000 0.247
14440.000 0.202
14445.000 0.148
14450.000 0.155
14455.000 0.242
14460.000 0.214
14465.000 0.190
14470.000 0.178
14475.000 0.254
14480.000 0.191
14485.000 0.180
14490.000 0.143
14495.000 0.178
14500.000 0.147
14505.000 0.187
14510.000 0.200
14515.000 0.273
14520.000 0.203
14525.000 0.173
14530.000 0.150
14535.000 0.213
14540.000 0.235
14545.000 0.211
14550.000 0.219
14555.000 0.149
14560.000 0.202
14565.000 0.181
14570.000 0.165
14575.000 0.178
14580.000 0.190
14585.000 0.209
14590.000 0.184
14595.000 0.214
14600.000 0.261
14605.000 0.210
14610.000 0.205
14615.000 0.218
14620.000 0.165
14625.000 0.184
14630.000 0.169
14635.000 0.197
14640.000 0.175
14645.000 0.182
14650.000 0.185
14655.000 0.236
14660.000 0.213
14665.000 0.160
14670.000 0.217
14675.000 0.206
14680.000 0.169
14685.000 0.155
14690.000 0.139
14695.000 0.250
14700.000 0.156
14705.000 0.217
14710.000 0.175
14715.000 0.197
14720.000 0.256
14725.000 0.151
14730.000 0.268
14735.000 0.159
14740.000 0.223
14745.000 0.218
14750.000 0.185
14755.000 0.220
14760.000 0.227
14765.000 0.139
14770.000 0.230
14775.000 0.234
14780.000 0.197
14785.000 0.248
14790.000 0.254
14795.000 0.201
14800.000 0.212
14805.000 0.206
14810.000 0.189
14815.000 0.242
14820.000 0.195
14825.000 0.196
14830.000 0.270
14835.000 0.223
14840.000 0.293
14845.000 0.270
14850.000 0.315
14855.000 0.282
14860.000 0.183
14865.000 0.263
14870.000 0.267
14875.000 0.229
14880.000 0.316
14885.000 0.332
14890.000 0.236
14895.000 0.247
14900.000 0.326
14905.000 0.315
14910.000 0.278
14915.000 0.344
14920.000 0.403
14925.000 0.362
14930.000 0.394
14935.000 0.390
14940.000 0.384
14945.000 0.361
14950.000 0.478
14955.000 0.452
14960.000 0.539
14965.000 0.587
14970.000 0.630
14975.000 0.664
14980.000 0.700
14985.000 0.720
14990.000 0.713
14995.000 0.813
15000.000 0.839
15005.000 0.925
15010.000 0.968
15015.000 1.222
15020.000 1.224
15025.000 1.313
15030.000 1.504
15035.000 1.572
15040.000 1.738
15045.000 1.783
15050.000 1.687
15055.000 1.724
15060.000 1.646
15065.000 1.643
15070.000 1.591
15075.000 1.491
15080.000 1.443
15085.000 1.341
15090.000 1.205
15095.000 1.210
15100.000 1.171
15105.000 1.095
15110.000 1.080
15115.000 1.118
15120.000 1.006
15125.000 1.030
15130.000 1.009
15135.000 0.942
15140.000 1.046
15145.000 0.977
15150.000 1.052
15155.000 0.961
15160.000 1.072
15165.000 1.027
15170.000 1.065
15175.000 1.048
15180.000 1.091
15185.000 1.107
15190.000 1.243
15195.000 1.088
15200.000 1.285
15205.000 1.351
15210.000 1.408
15215.000 1.484
15220.000 1.515
15225.000 1.702
15230.000 1.796
15235.000 1.827
15240.000 2.011
15245.000 2.002
15250.000 2.272
15255.000 2.477
15260.000 2.442
15265.000 2.635
15270.000 2.667
15275.000 2.665
15280.000 2.638
15285.000 2.573
15290.000 2.447
15295.000 2.236
15300.000 2.194
15305.000 1.977
15310.000 1.771
15315.000 1.707
15320.000 1.693
15325.000 1.573
15330.000 1.525
15335.000 1.400
15340.000 1.420
15345.000 1.292
15350.000 1.329
15355.000 1.182
15360.000 1.146
15365.000 1.127
15370.000 1.142
15375.000 1.159
15380.000 1.108
15385.000 1.014
15390.000 1.117
15395.000 1.057
15400.000 1.112
15405.000 1.129
15410.000 1.125
15415.000 1.074
15420.000 1.067
15425.000 1.156
15430.000 1.206
15435.000 1.249
15440.000 1.332
15445.000 1.329
15450.000 1.391
15455.000 1.358
15460.000 1.504
15465.000 1.503
15470.000 1.509
15475.000 1.468
15480.000 1.521
15485.000 1.479
15490.000 1.321
15495.000 1.200
15500.000 1.125
15505.000 0.993
15510.000 0.948
15515.000 0.828
15520.000 0.820
15525.000 0.754
15530.000 0.591
15535.000 0.576
15540.000 0.535
15545.000 0.425
15550.000 0.406
15555.000 0.412
15560.000 0.352
15565.000 0.315
15570.000 0.352
15575.000 0.308
15580.000 0.243
15585.000 0.287
15590.000 0.274
15595.000 0.297
15600.000 0.210
15605.000 0.273
15610.000 0.140
15615.000 0.233
15620.000 0.199
15625.000 0.157
15630.000 0.131
15635.000 0.181
15640.000 0.121
15645.000 0.142
15650.000 0.123
15655.000 0.140
15660.000 0.143
15665.000 0.178
15670.000 0.118
15675.000 0.110
15680.000 0.136
15685.000 0.131
15690.000 0.109
15695.000 0.098
15700.000 0.101
15705.000 0.144
15710.000 0.165
15715.000 0.104
15720.000 0.084
15725.000 0.108
15730.000 0.152
15735.000 0.122
15740.000 0.107
15745.000 0.089
15750.000 0.106
15755.000 0.136
15760.000 0.092
15765.000 0.138
15770.000 0.096
15775.000 0.124
15780.000 0.097
15785.000 0.095
15790.000 0.099
15795.000 0.142
15800.000 0.085
15805.000 0.175
15810.000 0.107
15815.000 0.097
15820.000 0.150
15825.000 0.088
15830.000 0.079
15835.000 0.161
15840.000 0.134
15845.000 0.092
15850.000 0.199
15855.000 0.090
15860.000 0.123
15865.000 0.181
15870.000 0.149
15875.000 0.157
15880.000 0.185
15885.000 0.123
15890.000 0.112
15895.000 0.159
15900.000 0.175
15905.000 0.158
15910.000 0.120
15915.000 0.152
15920.000 0.070
15925.000 0.205
15930.000 0.152
15935.000 0.125
15940.000 0.209
15945.000 0.123
15950.000 0.227
15955.000 0.215
15960.000 0.141
15965.000 0.142
15970.000 0.139
15975.000 0.119
15980.000 0.150
15985.000 0.134
15990.000 0.162
15995.000 0.203
16000.000 0.215
