5.000 13.384
10.000 11.353
15.000 14.926
20.000 19.151
25.000 20.468
30.000 31.272
35.000 22.979
40.000 40.873
45.000 7.333
50.000 27.027
55.000 40.417
60.000 61.042
65.000 36.337
70.000 19.423
75.000 45.516
80.000 54.225
85.000 30.742
90.000 69.664
95.000 21.552
100.000 54.522
105.000 42.130
110.000 44.457
115.000 44.610
120.000 47.253
125.000 61.411
130.000 19.621
135.000 41.433
140.000 67.343
145.000 46.747
150.000 41.766
155.000 35.241
160.000 62.964
165.000 58.062
170.000 53.453
175.000 35.925
180.000 70.471
185.000 34.977
190.000 64.032
195.000 36.402
200.000 39.619
205.000 80.289
210.000 81.316
215.000 95.591
220.000 60.946
225.000 51.560
230.000 43.776
235.000 83.148
240.000 56.025
245.000 45.825
250.000 79.043
255.000 70.846
260.000 58.166
265.000 47.722
270.000 85.763
275.000 69.933
280.000 65.660
285.000 60.275
290.000 65.681
295.000 60.289
300.000 36.491
305.000 73.893
310.000 59.587
315.000 96.776
320.000 79.354
325.000 70.161
330.000 64.367
335.000 62.889
340.000 73.665
345.000 86.954
350.000 68.343
355.000 80.953
360.000 83.396
365.000 81.414
370.000 74.944
375.000 99.335
380.000 89.314
385.000 78.676
390.000 97.566
395.000 106.336
400.000 103.897
405.000 106.876
410.000 99.055
415.000 109.588
420.000 116.101
425.000 125.693
430.000 117.340
435.000 114.037
440.000 110.622
445.000 128.259
450.000 114.152
455.000 102.973
460.000 105.094
465.000 129.612
470.000 100.065
475.000 105.278
480.000 100.334
485.000 88.361
490.000 84.244
495.000 84.738
500.000 87.160
505.000 79.198
510.000 74.352
515.000 73.568
520.000 69.215
525.000 61.235
530.000 56.826
535.000 53.887
540.000 54.083
545.000 47.436
550.000 52.104
555.000 48.764
560.000 45.528
565.000 44.756
570.000 47.921
575.000 62.571
580.000 34.626
585.000 34.704
590.000 41.787
595.000 32.472
600.000 42.595
605.000 23.716
610.000 37.679
615.000 42.995
620.000 41.004
625.000 50.765
630.000 33.475
635.000 41.628
640.000 22.757
645.000 21.373
650.000 44.757
655.000 31.120
660.000 32.682
665.000 40.334
670.000 28.649
675.000 34.659
680.000 27.209
685.000 26.358
690.000 39.171
695.000 55.083
700.000 67.904
705.000 62.484
710.000 61.206
715.000 28.795
720.000 23.029
725.000 15.948
730.000 15.483
735.000 23.608
740.000 25.791
745.000 20.526
750.000 35.788
755.000 13.649
760.000 11.705
765.000 12.056
770.000 11.690
775.000 11.768
780.000 12.751
785.000 12.914
790.000 10.303
795.000 11.104
800.000 9.561
805.000 8.976
810.000 7.705
815.000 9.000
820.000 8.230
825.000 8.379
830.000 8.679
835.000 7.529
840.000 10.617
845.000 6.961
850.000 8.516
855.000 8.134
860.000 6.712
865.000 6.896
870.000 5.872
875.000 5.887
880.000 15.181
885.000 6.164
890.000 5.731
895.000 5.726
900.000 5.425
905.000 6.652
910.000 5.979
915.000 5.104
920.000 5.146
925.000 6.388
930.000 5.456
935.000 5.276
940.000 4.228
945.000 4.749
950.000 4.166
955.000 6.178
960.000 4.505
965.000 4.903
970.000 7.224
975.000 6.031
980.000 10.418
985.000 8.644
990.000 10.121
995.000 8.430
1000.000 4.027
1005.000 10.828
1010.000 4.584
1015.000 11.832
1020.000 4.206
1025.000 4.291
1030.000 7.457
1035.000 8.770
1040.000 6.568
1045.000 8.312
1050.000 4.537
1055.000 5.592
1060.000 4.286
1065.000 4.384
1070.000 10.801
1075.000 5.951
1080.000 4.516
1085.000 5.145
1090.000 5.460
1095.000 4.371
1100.000 4.952
1105.000 4.691
1110.000 3.768
1115.000 3.789
1120.000 4.940
1125.000 5.374
1130.000 6.828
1135.000 3.874
1140.000 6.801
1145.000 7.213
1150.000 5.477
1155.000 4.859
1160.000 5.146
1165.000 4.477
1170.000 5.258
1175.000 5.271
1180.000 7.740
1185.000 7.065
1190.000 7.534
1195.000 7.708
1200.000 7.628
1205.000 8.984
1210.000 8.168
1215.000 7.312
1220.000 8.253
1225.000 7.253
1230.000 8.168
1235.000 8.907
1240.000 7.698
1245.000 8.823
1250.000 7.510
1255.000 10.882
1260.000 10.368
1265.000 10.117
1270.000 10.309
1275.000 10.875
1280.000 9.918
1285.000 10.647
1290.000 11.260
1295.000 13.226
1300.000 12.709
1305.000 11.671
1310.000 10.869
1315.000 10.441
1320.000 11.905
1325.000 11.489
1330.000 11.218
1335.000 11.934
1340.000 11.899
1345.000 12.180
1350.000 12.294
1355.000 11.743
1360.000 11.844
1365.000 12.261
1370.000 12.473
1375.000 12.797
1380.000 12.411
1385.000 13.188
1390.000 11.704
1395.000 12.482
1400.000 13.512
1405.000 12.750
1410.000 12.885
1415.000 14.121
1420.000 15.314
1425.000 13.239
1430.000 12.901
1435.000 14.211
1440.000 12.014
1445.000 14.386
1450.000 14.012
1455.000 13.526
1460.000 12.977
1465.000 12.898
1470.000 13.936
1475.000 14.057
1480.000 13.199
1485.000 14.351
1490.000 16.562
1495.000 14.882
1500.000 15.554
1505.000 13.464
1510.000 13.861
1515.000 16.464
1520.000 14.183
1525.000 15.016
1530.000 15.141
1535.000 16.318
1540.000 16.209
1545.000 15.189
1550.000 15.848
1555.000 17.099
1560.000 16.952
1565.000 17.668
1570.000 16.325
1575.000 18.356
1580.000 18.714
1585.000 18.840
1590.000 19.497
1595.000 20.302
1600.000 18.594
1605.000 19.479
1610.000 19.843
1615.000 21.131
1620.000 21.283
1625.000 21.433
1630.000 22.025
1635.000 22.205
1640.000 21.361
1645.000 22.029
1650.000 23.536
1655.000 24.961
1660.000 24.691
1665.000 25.695
1670.000 25.347
1675.000 26.399
1680.000 27.326
1685.000 28.032
1690.000 28.482
1695.000 29.494
1700.000 29.552
1705.000 30.623
1710.000 30.996
1715.000 31.668
1720.000 32.361
1725.000 32.620
1730.000 33.826
1735.000 34.438
1740.000 34.681
1745.000 36.566
1750.000 36.518
1755.000 33.578
1760.000 35.064
1765.000 38.621
1770.000 39.446
1775.000 40.276
1780.000 41.893
1785.000 39.381
1790.000 42.552
1795.000 43.034
1800.000 44.440
1805.000 46.043
1810.000 45.928
1815.000 46.703
1820.000 47.026
1825.000 48.833
1830.000 46.445
1835.000 46.831
1840.000 45.006
1845.000 42.852
1850.000 52.331
1855.000 52.092
1860.000 47.218
1865.000 52.204
1870.000 54.442
1875.000 54.339
1880.000 54.952
1885.000 59.259
1890.000 60.758
1895.000 61.405
1900.000 55.865
1905.000 53.168
1910.000 60.590
1915.000 64.976
1920.000 64.328
1925.000 66.392
1930.000 66.600
1935.000 67.774
1940.000 68.556
1945.000 69.224
1950.000 69.800
1955.000 62.843
1960.000 69.253
1965.000 72.897
1970.000 72.808
1975.000 73.953
1980.000 73.806
1985.000 73.495
1990.000 73.602
1995.000 69.835
2000.000 77.249
2005.000 77.929
2010.000 75.508
2015.000 75.498
2020.000 75.221
2025.000 72.007
2030.000 76.330
2035.000 79.930
2040.000 77.558
2045.000 77.838
2050.000 82.313
2055.000 82.873
2060.000 82.870
2065.000 82.085
2070.000 74.613
2075.000 80.788
2080.000 80.937
2085.000 83.081
2090.000 87.272
2095.000 88.083
2100.000 84.898
2105.000 78.795
2110.000 86.723
2115.000 82.511
2120.000 88.715
2125.000 91.987
2130.000 89.175
2135.000 88.147
2140.000 86.802
2145.000 83.843
2150.000 92.100
2155.000 94.928
2160.000 96.640
2165.000 96.690
2170.000 101.119
2175.000 100.761
2180.000 100.559
2185.000 105.618
2190.000 104.333
2195.000 106.757
2200.000 104.347
2205.000 110.066
2210.000 107.958
2215.000 113.511
2220.000 115.636
2225.000 115.030
2230.000 111.402
2235.000 116.899
2240.000 122.684
2245.000 123.837
2250.000 122.897
2255.000 114.392
2260.000 122.141
2265.000 117.254
2270.000 114.006
2275.000 126.384
2280.000 96.821
2285.000 122.918
2290.000 128.392
2295.000 132.233
2300.000 134.271
2305.000 127.180
2310.000 121.053
2315.000 128.850
2320.000 126.805
2325.000 127.676
2330.000 129.705
2335.000 131.314
2340.000 136.770
2345.000 136.583
2350.000 138.164
2355.000 141.730
2360.000 139.426
2365.000 144.682
2370.000 145.638
2375.000 146.281
2380.000 143.780
2385.000 145.759
2390.000 145.541
2395.000 146.220
2400.000 145.348
2405.000 146.066
2410.000 147.066
2415.000 146.457
2420.000 145.497
2425.000 144.452
2430.000 142.038
2435.000 142.186
2440.000 142.159
2445.000 142.770
2450.000 139.244
2455.000 138.883
2460.000 135.179
2465.000 127.257
2470.000 133.747
2475.000 122.780
2480.000 109.184
2485.000 116.682
2490.000 117.748
2495.000 104.316
2500.000 51.905
2505.000 102.982
2510.000 98.050
2515.000 79.161
2520.000 97.711
2525.000 85.337
2530.000 71.049
2535.000 73.066
2540.000 70.376
2545.000 65.043
2550.000 62.987
2555.000 67.184
2560.000 54.382
2565.000 54.334
2570.000 46.996
2575.000 67.434
2580.000 66.597
2585.000 56.964
2590.000 55.564
2595.000 58.300
2600.000 61.849
2605.000 45.689
2610.000 53.676
2615.000 48.705
2620.000 52.910
2625.000 47.924
2630.000 54.282
2635.000 51.258
2640.000 50.699
2645.000 46.988
2650.000 49.898
2655.000 46.724
2660.000 47.560
2665.000 46.301
2670.000 45.520
2675.000 44.653
2680.000 43.243
2685.000 42.347
2690.000 42.122
2695.000 41.240
2700.000 39.771
2705.000 39.516
2710.000 38.523
2715.000 38.267
2720.000 36.853
2725.000 36.415
2730.000 34.922
2735.000 34.862
2740.000 34.636
2745.000 34.098
2750.000 33.313
2755.000 33.177
2760.000 32.604
2765.000 32.617
2770.000 31.746
2775.000 29.472
2780.000 30.654
2785.000 29.965
2790.000 29.657
2795.000 29.344
2800.000 28.729
2805.000 28.567
2810.000 26.556
2815.000 27.627
2820.000 27.216
2825.000 26.749
2830.000 26.499
2835.000 26.184
2840.000 25.984
2845.000 25.224
2850.000 25.074
2855.000 24.777
2860.000 24.452
2865.000 24.100
2870.000 23.849
2875.000 23.333
2880.000 23.254
2885.000 23.046
2890.000 22.489
2895.000 22.418
2900.000 22.033
2905.000 21.941
2910.000 21.709
2915.000 21.756
2920.000 21.035
2925.000 20.926
2930.000 20.754
2935.000 20.512
2940.000 19.970
2945.000 19.229
2950.000 19.663
2955.000 18.347
2960.000 17.876
2965.000 19.148
2970.000 19.024
2975.000 18.838
2980.000 18.684
2985.000 18.017
2990.000 18.320
2995.000 18.167
3000.000 17.346
3005.000 17.438
3010.000 17.615
3015.000 17.232
3020.000 16.490
3025.000 16.826
3030.000 16.923
3035.000 16.835
3040.000 16.627
3045.000 16.072
3050.000 16.497
3055.000 16.172
3060.000 16.131
3065.000 14.649
3070.000 16.011
3075.000 15.844
3080.000 14.808
3085.000 15.653
3090.000 15.477
3095.000 15.295
3100.000 15.286
3105.000 15.015
3110.000 14.853
3115.000 14.948
3120.000 14.766
3125.000 14.578
3130.000 14.540
3135.000 14.477
3140.000 14.549
3145.000 14.296
3150.000 13.413
3155.000 14.141
3160.000 13.963
3165.000 14.049
3170.000 13.369
3175.000 13.720
3180.000 13.661
3185.000 13.759
3190.000 13.572
3195.000 13.552
3200.000 13.230
3205.000 13.506
3210.000 13.398
3215.000 13.265
3220.000 13.177
3225.000 12.682
3230.000 13.136
3235.000 12.789
3240.000 12.867
3245.000 9.015
3250.000 12.639
3255.000 12.846
3260.000 12.685
3265.000 12.376
3270.000 11.060
3275.000 11.808
3280.000 12.419
3285.000 12.504
3290.000 12.266
3295.000 12.382
3300.000 12.156
3305.000 12.226
3310.000 12.217
3315.000 12.199
3320.000 12.112
3325.000 11.964
3330.000 11.912
3335.000 11.850
3340.000 11.903
3345.000 11.796
3350.000 11.786
3355.000 11.798
3360.000 11.655
3365.000 11.596
3370.000 11.697
3375.000 11.458
3380.000 11.468
3385.000 11.456
3390.000 11.488
3395.000 10.628
3400.000 11.252
3405.000 11.351
3410.000 10.409
3415.000 10.512
3420.000 10.649
3425.000 10.570
3430.000 10.579
3435.000 11.091
3440.000 10.656
3445.000 10.416
3450.000 9.278
3455.000 9.454
3460.000 10.567
3465.000 11.037
3470.000 8.016
3475.000 8.478
3480.000 9.743
3485.000 10.169
3490.000 10.131
3495.000 10.252
3500.000 9.990
3505.000 10.502
3510.000 10.596
3515.000 10.510
3520.000 9.545
3525.000 10.365
3530.000 10.409
3535.000 9.239
3540.000 10.076
3545.000 8.994
3550.000 8.488
3555.000 10.246
3560.000 10.445
3565.000 10.541
3570.000 10.444
3575.000 9.935
3580.000 9.851
3585.000 10.240
3590.000 10.309
3595.000 8.794
3600.000 9.016
3605.000 10.151
3610.000 10.158
3615.000 10.031
3620.000 10.022
3625.000 6.846
3630.000 6.570
3635.000 5.946
3640.000 6.271
3645.000 7.149
3650.000 6.769
3655.000 5.999
3660.000 5.669
3665.000 6.734
3670.000 7.599
3675.000 8.550
3680.000 6.500
3685.000 9.251
3690.000 9.036
3695.000 9.981
3700.000 9.967
3705.000 9.888
3710.000 9.821
3715.000 9.773
3720.000 9.917
3725.000 10.014
3730.000 10.066
3735.000 10.017
3740.000 9.914
3745.000 9.891
3750.000 10.061
3755.000 9.947
3760.000 9.909
3765.000 10.034
3770.000 10.077
3775.000 10.019
3780.000 9.930
3785.000 10.067
3790.000 9.111
3795.000 9.948
3800.000 9.028
3805.000 9.793
3810.000 9.623
3815.000 9.002
3820.000 10.113
3825.000 9.618
3830.000 10.094
3835.000 10.008
3840.000 9.996
3845.000 10.182
3850.000 10.135
3855.000 10.230
3860.000 10.164
3865.000 10.131
3870.000 10.210
3875.000 10.434
3880.000 10.407
3885.000 10.432
3890.000 10.453
3895.000 10.130
3900.000 9.340
3905.000 10.480
3910.000 10.411
3915.000 10.419
3920.000 10.514
3925.000 10.597
3930.000 10.645
3935.000 10.661
3940.000 10.534
3945.000 10.678
3950.000 10.355
3955.000 10.666
3960.000 10.706
3965.000 8.970
3970.000 9.911
3975.000 10.737
3980.000 10.873
3985.000 10.125
3990.000 10.766
3995.000 10.777
4000.000 10.801
4005.000 11.030
4010.000 10.928
4015.000 10.896
4020.000 10.875
4025.000 10.886
4030.000 10.984
4035.000 10.884
4040.000 10.862
4045.000 10.744
4050.000 10.857
4055.000 10.731
4060.000 10.627
4065.000 10.707
4070.000 10.678
4075.000 10.647
4080.000 10.631
4085.000 10.685
4090.000 9.837
4095.000 10.639
4100.000 10.592
4105.000 10.603
4110.000 10.691
4115.000 10.437
4120.000 10.969
4125.000 9.974
4130.000 10.927
4135.000 11.004
4140.000 11.035
4145.000 10.804
4150.000 10.575
4155.000 11.445
4160.000 10.853
4165.000 11.700
4170.000 9.591
4175.000 12.174
4180.000 12.442
4185.000 12.228
4190.000 12.560
4195.000 12.590
4200.000 12.813
4205.000 13.026
4210.000 13.055
4215.000 13.311
4220.000 13.801
4225.000 13.687
4230.000 14.139
4235.000 14.467
4240.000 14.606
4245.000 14.800
4250.000 14.957
4255.000 15.228
4260.000 15.382
4265.000 15.756
4270.000 16.062
4275.000 16.514
4280.000 16.797
4285.000 16.942
4290.000 17.572
4295.000 17.915
4300.000 18.192
4305.000 18.917
4310.000 19.401
4315.000 17.297
4320.000 17.448
4325.000 15.110
4330.000 20.983
4335.000 19.563
4340.000 22.092
4345.000 21.212
4350.000 23.076
4355.000 23.794
4360.000 24.185
4365.000 25.743
4370.000 25.967
4375.000 26.451
4380.000 27.661
4385.000 28.054
4390.000 29.931
4395.000 31.213
4400.000 31.794
4405.000 31.935
4410.000 32.611
4415.000 35.429
4420.000 33.272
4425.000 37.975
4430.000 39.722
4435.000 39.846
4440.000 41.150
4445.000 45.051
4450.000 45.105
4455.000 48.312
4460.000 49.805
4465.000 51.012
4470.000 53.455
4475.000 54.813
4480.000 56.209
4485.000 59.984
4490.000 59.508
4495.000 67.094
4500.000 69.499
4505.000 72.847
4510.000 72.761
4515.000 79.004
4520.000 76.424
4525.000 87.955
4530.000 92.789
4535.000 85.043
4540.000 93.044
4545.000 104.578
4550.000 112.835
4555.000 115.870
4560.000 107.980
4565.000 126.130
4570.000 122.096
4575.000 130.141
4580.000 139.960
4585.000 134.239
4590.000 139.754
4595.000 139.310
4600.000 143.873
4605.000 143.319
4610.000 144.376
4615.000 145.021
4620.000 144.622
4625.000 144.905
4630.000 144.958
4635.000 144.734
4640.000 145.131
4645.000 144.854
4650.000 144.664
4655.000 144.308
4660.000 144.635
4665.000 144.867
4670.000 145.212
4675.000 144.606
4680.000 143.144
4685.000 143.580
4690.000 141.847
4695.000 136.432
4700.000 135.975
4705.000 124.322
4710.000 126.265
4715.000 122.522
4720.000 120.983
4725.000 115.393
4730.000 105.767
4735.000 109.162
4740.000 101.441
4745.000 98.288
4750.000 92.827
4755.000 90.099
4760.000 85.971
4765.000 83.087
4770.000 78.753
4775.000 75.749
4780.000 75.185
4785.000 67.800
4790.000 64.825
4795.000 66.893
4800.000 63.612
4805.000 59.849
4810.000 57.140
4815.000 57.981
4820.000 54.060
4825.000 48.801
4830.000 48.824
4835.000 48.297
4840.000 43.315
4845.000 45.450
4850.000 47.052
4855.000 45.447
4860.000 44.853
4865.000 43.593
4870.000 40.661
4875.000 41.421
4880.000 39.017
4885.000 39.122
4890.000 38.371
4895.000 32.877
4900.000 36.375
4905.000 29.497
4910.000 34.891
4915.000 34.302
4920.000 33.826
4925.000 32.475
4930.000 32.164
4935.000 31.663
4940.000 29.828
4945.000 29.906
4950.000 29.774
4955.000 26.476
4960.000 27.278
4965.000 28.149
4970.000 27.790
4975.000 27.077
4980.000 26.504
4985.000 26.348
4990.000 25.747
4995.000 25.452
5000.000 24.833
5005.000 23.945
5010.000 23.833
5015.000 22.448
5020.000 23.231
5025.000 21.858
5030.000 22.443
5035.000 22.224
5040.000 21.796
5045.000 21.686
5050.000 21.272
5055.000 20.885
5060.000 20.710
5065.000 20.310
5070.000 19.589
5075.000 19.585
5080.000 19.516
5085.000 19.132
5090.000 18.799
5095.000 18.821
5100.000 18.529
5105.000 18.415
5110.000 17.933
5115.000 17.714
5120.000 17.592
5125.000 17.267
5130.000 17.166
5135.000 16.860
5140.000 16.522
5145.000 16.482
5150.000 16.507
5155.000 16.054
5160.000 15.552
5165.000 15.606
5170.000 15.499
5175.000 15.306
5180.000 15.309
5185.000 15.016
5190.000 14.944
5195.000 14.727
5200.000 14.477
5205.000 14.324
5210.000 14.169
5215.000 14.161
5220.000 13.981
5225.000 13.734
5230.000 13.614
5235.000 13.522
5240.000 12.885
5245.000 12.963
5250.000 9.331
5255.000 12.508
5260.000 10.507
5265.000 12.753
5270.000 11.503
5275.000 11.749
5280.000 11.639
5285.000 12.143
5290.000 12.266
5295.000 12.212
5300.000 11.875
5305.000 11.898
5310.000 11.914
5315.000 11.628
5320.000 11.634
5325.000 11.633
5330.000 11.648
5335.000 11.414
5340.000 11.196
5345.000 11.254
5350.000 11.060
5355.000 11.105
5360.000 11.024
5365.000 10.905
5370.000 10.958
5375.000 10.878
5380.000 10.908
5385.000 10.779
5390.000 10.615
5395.000 10.613
5400.000 10.543
5405.000 10.417
5410.000 10.379
5415.000 10.361
5420.000 10.243
5425.000 10.111
5430.000 10.031
5435.000 10.148
5440.000 10.069
5445.000 10.045
5450.000 10.055
5455.000 9.912
5460.000 9.885
5465.000 9.727
5470.000 9.788
5475.000 9.653
5480.000 9.639
5485.000 9.525
5490.000 9.556
5495.000 9.535
5500.000 9.286
5505.000 9.321
5510.000 9.342
5515.000 8.790
5520.000 9.162
5525.000 9.208
5530.000 9.114
5535.000 9.116
5540.000 9.097
5545.000 8.989
5550.000 8.895
5555.000 8.915
5560.000 8.882
5565.000 8.817
5570.000 8.729
5575.000 8.744
5580.000 8.794
5585.000 8.682
5590.000 8.645
5595.000 8.629
5600.000 8.547
5605.000 8.801
5610.000 8.404
5615.000 8.502
5620.000 8.613
5625.000 8.415
5630.000 8.359
5635.000 8.486
5640.000 8.399
5645.000 8.354
5650.000 8.297
5655.000 8.233
5660.000 8.283
5665.000 8.214
5670.000 8.161
5675.000 8.236
5680.000 8.100
5685.000 8.182
5690.000 8.050
5695.000 8.102
5700.000 8.088
5705.000 7.997
5710.000 7.903
5715.000 7.984
5720.000 8.013
5725.000 7.877
5730.000 7.997
5735.000 7.943
5740.000 7.862
5745.000 7.894
5750.000 7.835
5755.000 7.998
5760.000 7.807
5765.000 7.855
5770.000 7.887
5775.000 7.795
5780.000 7.690
5785.000 7.780
5790.000 7.656
5795.000 7.708
5800.000 7.765
5805.000 6.689
5810.000 7.604
5815.000 7.649
5820.000 7.725
5825.000 7.663
5830.000 7.597
5835.000 7.589
5840.000 7.506
5845.000 7.611
5850.000 7.605
5855.000 7.520
5860.000 7.689
5865.000 7.467
5870.000 7.652
5875.000 7.606
5880.000 7.690
5885.000 7.455
5890.000 7.435
5895.000 6.991
5900.000 7.317
5905.000 7.460
5910.000 7.484
5915.000 7.532
5920.000 7.560
5925.000 7.510
5930.000 7.535
5935.000 7.445
5940.000 7.526
5945.000 7.394
5950.000 7.557
5955.000 7.471
5960.000 7.571
5965.000 7.647
5970.000 7.201
5975.000 7.302
5980.000 7.469
5985.000 7.451
5990.000 7.527
5995.000 7.130
6000.000 7.022
6005.000 6.579
6010.000 7.487
6015.000 7.566
6020.000 7.470
6025.000 7.723
6030.000 7.407
6035.000 7.587
6040.000 7.618
6045.000 7.611
6050.000 7.601
6055.000 7.664
6060.000 7.706
6065.000 7.732
6070.000 7.595
6075.000 7.571
6080.000 7.417
6085.000 7.542
6090.000 7.634
6095.000 7.385
6100.000 7.628
6105.000 7.724
6110.000 7.714
6115.000 7.394
6120.000 7.881
6125.000 7.784
6130.000 7.922
6135.000 7.763
6140.000 7.851
6145.000 7.834
6150.000 7.802
6155.000 7.890
6160.000 8.024
6165.000 7.966
6170.000 7.998
6175.000 8.036
6180.000 8.062
6185.000 8.085
6190.000 8.149
6195.000 8.132
6200.000 8.133
6205.000 7.682
6210.000 8.157
6215.000 8.092
6220.000 8.169
6225.000 8.201
6230.000 8.242
6235.000 8.017
6240.000 8.310
6245.000 8.339
6250.000 8.330
6255.000 8.551
6260.000 8.444
6265.000 8.436
6270.000 8.456
6275.000 7.831
6280.000 8.497
6285.000 8.520
6290.000 8.595
6295.000 8.563
6300.000 7.341
6305.000 8.737
6310.000 8.509
6315.000 8.558
6320.000 7.226
6325.000 8.516
6330.000 8.986
6335.000 9.051
6340.000 8.165
6345.000 9.169
6350.000 8.430
6355.000 9.042
6360.000 9.322
6365.000 8.661
6370.000 9.294
6375.000 8.965
6380.000 9.320
6385.000 9.393
6390.000 9.488
6395.000 9.348
6400.000 9.733
6405.000 9.758
6410.000 9.777
6415.000 9.828
6420.000 10.004
6425.000 10.105
6430.000 10.072
6435.000 10.176
6440.000 10.251
6445.000 10.429
6450.000 10.492
6455.000 10.382
6460.000 10.605
6465.000 9.848
6470.000 9.218
6475.000 7.849
6480.000 10.722
6485.000 9.376
6490.000 10.871
6495.000 11.095
6500.000 10.859
6505.000 11.396
6510.000 11.589
6515.000 11.629
6520.000 11.742
6525.000 11.889
6530.000 11.700
6535.000 12.199
6540.000 12.128
6545.000 12.195
6550.000 12.607
6555.000 12.808
6560.000 12.969
6565.000 13.125
6570.000 13.223
6575.000 13.346
6580.000 12.851
6585.000 13.222
6590.000 12.996
6595.000 13.949
6600.000 13.132
6605.000 13.463
6610.000 13.354
6615.000 14.593
6620.000 14.055
6625.000 14.719
6630.000 15.440
6635.000 14.330
6640.000 13.205
6645.000 16.174
6650.000 16.357
6655.000 15.511
6660.000 16.579
6665.000 17.168
6670.000 17.717
6675.000 16.047
6680.000 17.648
6685.000 17.376
6690.000 19.112
6695.000 19.554
6700.000 19.837
6705.000 20.298
6710.000 20.610
6715.000 19.945
6720.000 17.562
6725.000 16.769
6730.000 22.068
6735.000 23.053
6740.000 23.840
6745.000 24.679
6750.000 25.219
6755.000 26.086
6760.000 22.530
6765.000 27.174
6770.000 28.330
6775.000 27.947
6780.000 30.396
6785.000 30.469
6790.000 32.560
6795.000 33.202
6800.000 34.820
6805.000 36.706
6810.000 37.631
6815.000 39.691
6820.000 40.453
6825.000 43.412
6830.000 45.878
6835.000 48.022
6840.000 51.577
6845.000 52.663
6850.000 57.423
6855.000 60.232
6860.000 65.961
6865.000 72.518
6870.000 76.516
6875.000 83.103
6880.000 86.606
6885.000 93.171
6890.000 104.050
6895.000 112.945
6900.000 121.818
6905.000 125.071
6910.000 123.864
6915.000 132.205
6920.000 123.578
6925.000 115.483
6930.000 113.714
6935.000 118.821
6940.000 100.081
6945.000 92.484
6950.000 84.181
6955.000 78.321
6960.000 72.316
6965.000 66.175
6970.000 61.160
6975.000 59.290
6980.000 54.383
6985.000 51.938
6990.000 48.011
6995.000 44.094
7000.000 43.216
7005.000 40.645
7010.000 39.266
7015.000 36.704
7020.000 34.406
7025.000 33.718
7030.000 32.049
7035.000 31.269
7040.000 29.626
7045.000 29.220
7050.000 27.753
7055.000 26.370
7060.000 25.861
7065.000 24.749
7070.000 23.849
7075.000 23.399
7080.000 22.514
7085.000 22.142
7090.000 20.242
7095.000 20.442
7100.000 20.210
7105.000 19.421
7110.000 19.357
7115.000 18.618
7120.000 17.108
7125.000 17.438
7130.000 17.012
7135.000 16.174
7140.000 16.422
7145.000 16.164
7150.000 14.234
7155.000 15.319
7160.000 15.139
7165.000 14.844
7170.000 14.517
7175.000 14.265
7180.000 13.934
7185.000 13.268
7190.000 13.406
7195.000 13.147
7200.000 12.954
7205.000 12.642
7210.000 12.478
7215.000 12.315
7220.000 12.264
7225.000 11.881
7230.000 11.709
7235.000 11.487
7240.000 11.382
7245.000 11.142
7250.000 10.954
7255.000 10.934
7260.000 10.709
7265.000 10.548
7270.000 10.408
7275.000 10.222
7280.000 8.474
7285.000 4.147
7290.000 5.306
7295.000 3.404
7300.000 8.144
7305.000 8.940
7310.000 9.052
7315.000 8.855
7320.000 8.882
7325.000 8.140
7330.000 8.724
7335.000 8.551
7340.000 8.423
7345.000 8.383
7350.000 8.417
7355.000 8.324
7360.000 8.296
7365.000 8.124
7370.000 8.112
7375.000 7.895
7380.000 7.895
7385.000 7.785
7390.000 7.722
7395.000 7.732
7400.000 7.566
7405.000 7.434
7410.000 7.457
7415.000 7.227
7420.000 7.344
7425.000 7.345
7430.000 7.101
7435.000 7.158
7440.000 6.939
7445.000 7.083
7450.000 6.870
7455.000 6.237
7460.000 6.810
7465.000 6.651
7470.000 6.661
7475.000 6.493
7480.000 6.506
7485.000 6.176
7490.000 6.361
7495.000 6.394
7500.000 6.412
7505.000 6.453
7510.000 6.271
7515.000 6.274
7520.000 6.283
7525.000 6.162
7530.000 6.135
7535.000 6.134
7540.000 5.995
7545.000 5.999
7550.000 6.053
7555.000 5.993
7560.000 5.964
7565.000 5.788
7570.000 5.834
7575.000 5.854
7580.000 5.747
7585.000 5.687
7590.000 5.728
7595.000 5.670
7600.000 5.661
7605.000 5.673
7610.000 5.562
7615.000 5.598
7620.000 5.584
7625.000 5.452
7630.000 5.418
7635.000 5.360
7640.000 5.332
7645.000 5.426
7650.000 5.114
7655.000 5.187
7660.000 5.219
7665.000 5.211
7670.000 5.177
7675.000 5.218
7680.000 5.137
7685.000 5.179
7690.000 4.932
7695.000 5.008
7700.000 5.066
7705.000 4.918
7710.000 4.932
7715.000 4.921
7720.000 4.919
7725.000 4.856
7730.000 4.950
7735.000 4.867
7740.000 4.783
7745.000 4.797
7750.000 4.829
7755.000 4.792
7760.000 4.726
7765.000 4.723
7770.000 4.703
7775.000 4.652
7780.000 4.588
7785.000 4.635
7790.000 4.488
7795.000 4.673
7800.000 4.558
7805.000 4.589
7810.000 4.638
7815.000 4.519
7820.000 4.456
7825.000 4.444
7830.000 4.431
7835.000 4.543
7840.000 4.427
7845.000 4.411
7850.000 4.350
7855.000 4.469
7860.000 4.516
7865.000 4.307
7870.000 3.690
7875.000 4.356
7880.000 4.340
7885.000 4.273
7890.000 4.471
7895.000 4.267
7900.000 4.263
7905.000 4.231
7910.000 4.293
7915.000 4.115
7920.000 3.363
7925.000 3.935
7930.000 4.229
7935.000 4.159
7940.000 4.206
7945.000 4.168
7950.000 4.210
7955.000 4.151
7960.000 4.148
7965.000 4.167
7970.000 4.002
7975.000 4.149
7980.000 4.156
7985.000 4.080
7990.000 3.953
7995.000 3.982
8000.000 4.043
8005.000 3.984
8010.000 4.090
8015.000 3.940
8020.000 3.871
8025.000 3.994
8030.000 3.983
8035.000 3.905
8040.000 4.056
8045.000 3.987
8050.000 4.058
8055.000 4.048
8060.000 3.987
8065.000 4.033
8070.000 3.980
8075.000 3.951
8080.000 3.861
8085.000 4.030
8090.000 4.026
8095.000 3.897
8100.000 3.940
8105.000 3.892
8110.000 3.938
8115.000 4.084
8120.000 3.979
8125.000 3.988
8130.000 3.885
8135.000 3.921
8140.000 4.001
8145.000 3.863
8150.000 3.770
8155.000 3.991
8160.000 3.890
8165.000 3.912
8170.000 4.018
8175.000 3.934
8180.000 3.934
8185.000 4.051
8190.000 3.870
8195.000 3.890
8200.000 4.067
8205.000 3.799
8210.000 3.835
8215.000 4.003
8220.000 4.043
8225.000 3.939
8230.000 4.008
8235.000 4.030
8240.000 3.918
8245.000 4.020
8250.000 4.029
8255.000 3.990
8260.000 3.939
8265.000 4.089
8270.000 4.023
8275.000 3.900
8280.000 4.000
8285.000 3.977
8290.000 3.815
8295.000 3.959
8300.000 3.936
8305.000 3.930
8310.000 3.942
8315.000 3.922
8320.000 3.914
8325.000 4.012
8330.000 3.957
8335.000 3.983
8340.000 4.053
8345.000 4.090
8350.000 4.079
8355.000 4.004
8360.000 4.023
8365.000 4.124
8370.000 4.087
8375.000 4.047
8380.000 4.157
8385.000 4.194
8390.000 4.102
8395.000 4.035
8400.000 4.188
8405.000 4.116
8410.000 4.196
8415.000 4.276
8420.000 4.150
8425.000 4.229
8430.000 4.265
8435.000 4.212
8440.000 4.130
8445.000 4.241
8450.000 4.226
8455.000 4.285
8460.000 4.307
8465.000 4.271
8470.000 4.311
8475.000 4.175
8480.000 4.410
8485.000 4.252
8490.000 4.362
8495.000 4.422
8500.000 4.288
8505.000 4.357
8510.000 4.368
8515.000 4.402
8520.000 4.372
8525.000 4.559
8530.000 4.506
8535.000 4.470
8540.000 4.515
8545.000 4.477
8550.000 4.440
8555.000 4.480
8560.000 4.592
8565.000 4.580
8570.000 4.654
8575.000 4.602
8580.000 4.585
8585.000 4.526
8590.000 4.670
8595.000 4.624
8600.000 4.751
8605.000 4.746
8610.000 4.689
8615.000 4.811
8620.000 4.875
8625.000 4.784
8630.000 4.879
8635.000 4.911
8640.000 4.851
8645.000 4.694
8650.000 5.046
8655.000 5.025
8660.000 5.061
8665.000 5.008
8670.000 5.105
8675.000 5.175
8680.000 5.189
8685.000 5.427
8690.000 5.301
8695.000 5.375
8700.000 5.379
8705.000 5.350
8710.000 5.393
8715.000 5.360
8720.000 5.524
8725.000 5.385
8730.000 5.545
8735.000 5.613
8740.000 5.662
8745.000 5.704
8750.000 5.742
8755.000 5.839
8760.000 5.840
8765.000 5.801
8770.000 5.803
8775.000 5.987
8780.000 6.125
8785.000 6.008
8790.000 6.204
8795.000 6.246
8800.000 6.179
8805.000 6.316
8810.000 6.348
8815.000 6.405
8820.000 6.493
8825.000 6.655
8830.000 6.548
8835.000 6.775
8840.000 6.802
8845.000 6.962
8850.000 6.992
8855.000 7.105
8860.000 7.206
8865.000 7.157
8870.000 7.307
8875.000 7.316
8880.000 7.466
8885.000 7.652
8890.000 7.771
8895.000 7.751
8900.000 7.851
8905.000 7.966
8910.000 7.748
8915.000 8.126
8920.000 8.371
8925.000 8.474
8930.000 8.567
8935.000 8.810
8940.000 8.849
8945.000 8.159
8950.000 9.163
8955.000 8.908
8960.000 8.136
8965.000 8.626
8970.000 8.037
8975.000 9.890
8980.000 10.371
8985.000 10.227
8990.000 10.747
8995.000 10.792
9000.000 11.129
9005.000 11.555
9010.000 11.578
9015.000 11.895
9020.000 10.965
9025.000 12.049
9030.000 12.958
9035.000 13.034
9040.000 13.620
9045.000 14.188
9050.000 14.558
9055.000 15.135
9060.000 15.712
9065.000 16.118
9070.000 16.947
9075.000 17.173
9080.000 17.365
9085.000 18.873
9090.000 18.935
9095.000 20.362
9100.000 21.061
9105.000 22.323
9110.000 22.430
9115.000 20.472
9120.000 24.564
9125.000 23.147
9130.000 28.892
9135.000 29.146
9140.000 32.686
9145.000 35.520
9150.000 36.216
9155.000 36.872
9160.000 41.944
9165.000 45.625
9170.000 50.547
9175.000 51.128
9180.000 57.457
9185.000 53.669
9190.000 60.910
9195.000 59.732
9200.000 59.870
9205.000 61.174
9210.000 57.489
9215.000 55.495
9220.000 46.366
9225.000 50.266
9230.000 46.532
9235.000 40.692
9240.000 40.711
9245.000 37.222
9250.000 34.010
9255.000 31.086
9260.000 30.521
9265.000 18.594
9270.000 25.193
9275.000 24.767
9280.000 22.662
9285.000 22.108
9290.000 20.764
9295.000 19.221
9300.000 18.876
9305.000 17.766
9310.000 17.201
9315.000 15.815
9320.000 14.713
9325.000 12.286
9330.000 10.805
9335.000 10.993
9340.000 13.540
9350.000 12.846
9355.000 12.547
9360.000 12.038
9370.000 11.318
9375.000 11.012
9380.000 10.771
9385.000 10.398
9390.000 10.187
9395.000 9.901
9400.000 9.591
9405.000 9.261
9410.000 9.255
9415.000 8.978
9420.000 8.775
9425.000 8.503
9430.000 8.088
9435.000 8.256
9440.000 8.049
9445.000 7.927
9450.000 7.822
9455.000 7.736
9460.000 7.456
9465.000 7.350
9470.000 7.136
9475.000 7.047
9480.000 7.039
9485.000 6.955
9490.000 6.774
9495.000 6.639
9500.000 6.590
9505.000 6.485
9510.000 6.384
9515.000 6.337
9520.000 6.179
9525.000 6.104
9530.000 6.073
9535.000 5.910
9540.000 5.849
9545.000 5.837
9550.000 5.713
9555.000 5.573
9560.000 5.582
9565.000 5.465
9570.000 5.494
9575.000 3.137
9580.000 5.373
9585.000 5.383
9590.000 5.352
9595.000 5.182
9600.000 5.155
9605.000 5.186
9610.000 5.065
9615.000 4.986
9620.000 4.939
9625.000 4.824
9630.000 4.878
9635.000 4.724
9640.000 4.693
9645.000 4.719
9650.000 4.742
9655.000 4.611
9660.000 4.560
9665.000 4.492
9670.000 4.463
9675.000 4.468
9680.000 4.351
9685.000 4.305
9690.000 4.278
9695.000 4.316
9700.000 4.269
9705.000 4.263
9710.000 4.111
9715.000 4.226
9720.000 4.121
9725.000 4.133
9730.000 4.079
9735.000 4.068
9740.000 4.011
9745.000 3.802
9750.000 3.904
9755.000 3.868
9760.000 3.844
9765.000 3.862
9770.000 3.780
9775.000 3.797
9780.000 3.741
9785.000 3.666
9790.000 3.685
9795.000 2.869
9800.000 3.654
9805.000 3.559
9810.000 3.389
9815.000 2.976
9820.000 3.305
9825.000 3.066
9830.000 2.687
9835.000 3.213
9840.000 3.366
9845.000 3.219
9850.000 3.421
9855.000 3.453
9860.000 3.259
9865.000 3.281
9870.000 3.236
9875.000 3.340
9880.000 3.342
9885.000 3.234
9890.000 3.167
9895.000 2.642
9900.000 3.111
9905.000 3.174
9910.000 3.114
9915.000 3.036
9920.000 3.079
9925.000 2.901
9930.000 2.378
9935.000 2.382
9940.000 2.931
9945.000 2.783
9950.000 2.569
9955.000 2.895
9960.000 2.496
9965.000 2.764
9970.000 2.890
9975.000 2.757
9980.000 2.668
9985.000 2.747
9990.000 2.852
9995.000 2.794
10000.000 2.745
10005.000 2.670
10010.000 2.744
10015.000 2.794
10020.000 2.642
10025.000 2.586
10030.000 2.733
10035.000 2.662
10040.000 2.644
10045.000 2.527
10050.000 2.387
10055.000 2.295
10060.000 2.177
10065.000 2.498
10070.000 2.563
10075.000 2.427
10080.000 2.106
10085.000 2.272
10090.000 2.126
10095.000 2.311
10100.000 2.561
10105.000 2.477
10110.000 2.026
10115.000 2.334
10120.000 2.498
10125.000 2.534
10130.000 2.441
10135.000 2.455
10140.000 2.443
10145.000 2.364
10150.000 2.512
10155.000 2.449
10160.000 2.493
10165.000 2.462
10170.000 2.405
10175.000 2.370
10180.000 2.436
10185.000 2.406
10190.000 2.456
10195.000 2.392
10200.000 2.036
10205.000 1.187
10210.000 1.696
10215.000 2.297
10220.000 1.607
10225.000 1.455
10230.000 2.223
10235.000 2.070
10240.000 2.197
10245.000 1.428
10250.000 2.116
10255.000 1.933
10260.000 2.062
10265.000 2.158
10270.000 2.038
10275.000 2.014
10280.000 1.859
10285.000 2.275
10290.000 2.329
10295.000 2.002
10300.000 2.192
10305.000 1.731
10310.000 2.207
10315.000 2.141
10320.000 2.124
10325.000 1.829
10330.000 2.053
10335.000 1.950
10340.000 2.139
10345.000 2.151
10350.000 2.200
10355.000 1.948
10360.000 2.195
10365.000 2.112
10370.000 1.899
10375.000 2.227
10380.000 1.984
10385.000 2.045
10390.000 2.232
10395.000 2.198
10400.000 1.982
10405.000 2.116
10410.000 2.278
10415.000 1.625
10420.000 2.024
10425.000 2.157
10430.000 2.122
10435.000 2.154
10440.000 1.914
10445.000 1.700
10450.000 1.996
10455.000 1.956
10460.000 2.155
10465.000 1.767
10470.000 2.059
10475.000 2.169
10480.000 2.079
10485.000 2.001
10490.000 1.962
10495.000 2.160
10500.000 2.160
10505.000 2.016
10510.000 2.174
10515.000 2.173
10520.000 1.838
10525.000 0.848
10530.000 0.920
10535.000 0.958
10540.000 2.054
10545.000 2.093
10550.000 2.178
10555.000 2.262
10560.000 2.158
10565.000 2.263
10570.000 2.272
10575.000 2.274
10580.000 1.027
10585.000 0.932
10590.000 1.301
10595.000 2.273
10600.000 2.314
10605.000 2.385
10610.000 2.292
10615.000 2.105
10620.000 1.464
10625.000 2.122
10630.000 2.176
10635.000 1.759
10640.000 1.724
10645.000 0.962
10650.000 2.141
10655.000 1.792
10660.000 1.660
10665.000 2.291
10670.000 1.926
10675.000 1.926
10680.000 2.221
10685.000 2.291
10690.000 2.020
10695.000 2.287
10700.000 2.382
10705.000 2.375
10710.000 2.306
10715.000 2.441
10720.000 2.335
10725.000 2.456
10730.000 2.407
10735.000 2.523
10740.000 2.334
10745.000 2.389
10750.000 2.230
10755.000 1.559
10760.000 1.876
10765.000 2.122
10770.000 2.440
10775.000 2.421
10780.000 2.435
10785.000 2.439
10790.000 2.543
10795.000 2.507
10800.000 2.481
10805.000 1.964
10810.000 2.539
10815.000 2.481
10820.000 2.621
10825.000 2.223
10830.000 2.052
10835.000 2.299
10840.000 2.546
10845.000 2.045
10850.000 2.460
10855.000 2.619
10860.000 2.649
10865.000 2.477
10870.000 2.694
10875.000 2.620
10880.000 2.693
10885.000 2.518
10890.000 2.465
10895.000 1.531
10900.000 2.295
10905.000 2.705
10910.000 2.894
10915.000 2.761
10920.000 2.909
10925.000 2.763
10930.000 2.749
10935.000 2.873
10940.000 2.825
10945.000 2.906
10950.000 1.775
10955.000 1.224
10960.000 1.800
10965.000 2.478
10970.000 2.902
10975.000 2.807
10980.000 3.086
10985.000 3.040
10990.000 2.788
10995.000 1.908
11000.000 2.516
11005.000 1.879
11010.000 2.999
11015.000 2.717
11020.000 2.125
11025.000 3.131
11030.000 3.215
11035.000 3.326
11040.000 3.451
11045.000 3.393
11050.000 3.476
11055.000 3.524
11060.000 3.555
11065.000 3.457
11070.000 3.580
11075.000 3.576
11080.000 3.677
11085.000 3.632
11090.000 3.830
11095.000 3.747
11100.000 3.484
11105.000 3.229
11110.000 3.782
11115.000 3.816
11120.000 3.957
11125.000 3.994
11130.000 4.063
11135.000 4.048
11140.000 4.220
11145.000 4.177
11150.000 3.794
11155.000 4.283
11160.000 4.381
11165.000 4.366
11170.000 4.074
11175.000 4.396
11180.000 4.532
11185.000 4.615
11190.000 4.686
11195.000 4.664
11200.000 4.922
11205.000 3.973
11210.000 4.644
11215.000 5.006
11220.000 5.157
11225.000 5.186
11230.000 4.063
11235.000 4.114
11240.000 5.721
11245.000 5.649
11250.000 5.343
11255.000 5.911
11260.000 5.950
11265.000 6.216
11270.000 5.557
11275.000 6.009
11280.000 6.626
11285.000 6.809
11290.000 6.884
11295.000 7.185
11300.000 7.219
11305.000 7.516
11310.000 7.476
11315.000 7.855
11320.000 7.746
11325.000 7.403
11330.000 7.442
11335.000 8.874
11340.000 9.123
11345.000 9.521
11350.000 9.717
11355.000 10.244
11360.000 10.406
11365.000 10.860
11370.000 11.562
11375.000 11.844
11380.000 12.453
11385.000 12.795
11390.000 13.525
11395.000 14.244
11400.000 14.757
11405.000 15.328
11410.000 16.472
11415.000 14.623
11420.000 14.501
11425.000 15.506
11430.000 16.278
11435.000 17.982
11440.000 19.196
11445.000 26.140
11450.000 25.044
11455.000 30.339
11460.000 31.850
11465.000 34.749
11470.000 36.865
11475.000 38.070
11480.000 38.140
11485.000 32.562
11490.000 30.577
11495.000 32.464
11500.000 34.192
11505.000 32.003
11510.000 30.432
11515.000 19.835
11520.000 25.603
11525.000 23.316
11530.000 22.766
11535.000 20.887
11540.000 18.858
11545.000 18.431
11550.000 15.073
11555.000 15.802
11560.000 15.316
11565.000 12.385
11570.000 12.350
11575.000 11.652
11580.000 8.386
11585.000 7.863
11590.000 10.750
11595.000 10.451
11600.000 10.371
11605.000 8.885
11610.000 8.858
11615.000 9.282
11620.000 8.922
11625.000 8.712
11630.000 8.494
11635.000 8.165
11640.000 7.768
11645.000 7.632
11650.000 5.346
11655.000 4.915
11660.000 6.983
11665.000 6.100
11670.000 6.345
11675.000 6.545
11680.000 5.898
11685.000 5.314
11690.000 5.475
11695.000 5.902
11700.000 3.906
11705.000 4.600
11710.000 4.137
11715.000 4.309
11720.000 4.891
11725.000 5.253
11730.000 3.869
11735.000 4.295
11740.000 3.883
11745.000 3.502
11750.000 2.718
11755.000 3.549
11760.000 3.428
11765.000 2.325
11770.000 2.757
11775.000 2.468
11780.000 2.057
11785.000 1.885
11790.000 1.732
11795.000 1.042
11800.000 1.682
11805.000 1.319
11810.000 1.702
11815.000 1.156
11820.000 1.118
11825.000 2.592
11830.000 2.446
11835.000 2.511
11840.000 2.153
11845.000 1.853
11850.000 2.615
11855.000 2.547
11860.000 2.991
11865.000 1.355
11870.000 1.598
11875.000 3.251
11880.000 2.303
11885.000 2.902
11890.000 2.657
11895.000 3.061
11900.000 2.149
11905.000 2.054
11910.000 2.601
11915.000 2.628
11920.000 2.883
11925.000 2.896
11930.000 2.777
11935.000 2.217
11940.000 2.635
11945.000 2.837
11950.000 2.746
11955.000 2.754
11960.000 2.770
11965.000 2.733
11970.000 2.693
11975.000 2.724
11980.000 2.600
11985.000 2.676
11990.000 2.659
11995.000 2.642
12000.000 2.137
12005.000 1.948
12010.000 2.078
12015.000 1.759
12020.000 1.149
12025.000 1.310
12030.000 0.598
12035.000 1.698
12040.000 1.763
12045.000 0.879
12050.000 1.525
12055.000 1.794
12060.000 2.136
12065.000 0.991
12070.000 1.234
12075.000 0.772
12080.000 1.470
12085.000 0.774
12090.000 0.995
12095.000 1.766
12100.000 0.814
12105.000 1.417
12110.000 0.581
12115.000 1.108
12120.000 1.969
12125.000 1.467
12130.000 1.813
12135.000 1.537
12140.000 0.855
12145.000 1.356
12150.000 1.538
12155.000 1.656
12160.000 1.989
12165.000 2.095
12170.000 1.617
12175.000 1.430
12180.000 1.662
12185.000 1.439
12190.000 1.510
12195.000 1.911
12200.000 1.958
12205.000 1.960
12210.000 1.988
12215.000 1.959
12220.000 2.039
12225.000 1.962
12230.000 1.912
12235.000 0.941
12240.000 0.388
12245.000 0.294
12250.000 0.622
12255.000 1.045
12260.000 0.707
12265.000 0.508
12270.000 1.674
12275.000 1.664
12280.000 1.675
12285.000 1.508
12290.000 1.548
12295.000 1.529
12300.000 1.508
12305.000 1.331
12310.000 1.453
12315.000 1.285
12320.000 1.256
12325.000 1.140
12330.000 1.398
12335.000 1.585
12340.000 1.529
12345.000 1.654
12350.000 1.408
12355.000 1.656
12360.000 1.284
12365.000 1.628
12370.000 1.586
12375.000 1.357
12380.000 1.516
12385.000 1.643
12390.000 1.692
12395.000 1.520
12400.000 1.640
12405.000 1.309
12410.000 1.376
12415.000 0.893
12420.000 0.911
12425.000 1.623
12430.000 1.684
12435.000 1.613
12440.000 1.168
12445.000 1.304
12450.000 1.618
12455.000 1.728
12460.000 1.648
12465.000 1.644
12470.000 1.669
12475.000 1.508
12480.000 1.598
12485.000 1.577
12490.000 1.553
12495.000 1.628
12500.000 1.553
12505.000 1.574
12510.000 1.558
12515.000 1.658
12520.000 1.390
12525.000 1.565
12530.000 1.245
12535.000 1.101
12540.000 1.127
12545.000 1.030
12550.000 1.599
12555.000 1.299
12560.000 1.470
12565.000 1.483
12570.000 1.524
12575.000 1.438
12580.000 1.530
12585.000 1.452
12590.000 1.454
12595.000 1.313
12600.000 1.541
12605.000 1.413
12610.000 1.455
12615.000 1.002
12620.000 1.107
12625.000 1.062
12630.000 1.176
12635.000 0.480
12640.000 1.427
12645.000 0.881
12650.000 1.059
12655.000 1.075
12660.000 1.296
12665.000 1.514
12670.000 1.463
12675.000 1.277
12680.000 1.331
12685.000 1.472
12690.000 1.024
12695.000 0.905
12700.000 1.119
12705.000 1.509
12710.000 0.599
12715.000 1.065
12720.000 1.089
12725.000 1.314
12730.000 1.467
12735.000 0.927
12740.000 1.132
12745.000 1.059
12750.000 1.268
12755.000 0.920
12760.000 0.632
12765.000 1.241
12770.000 1.287
12775.000 1.510
12780.000 1.490
12785.000 1.308
12790.000 1.118
12795.000 1.378
12800.000 1.541
12805.000 1.617
12810.000 1.591
12815.000 1.601
12820.000 1.591
12825.000 1.592
12830.000 1.216
12835.000 0.956
12840.000 1.178
12845.000 0.941
12850.000 1.583
12855.000 1.588
12860.000 1.356
12865.000 1.363
12870.000 1.429
12875.000 1.632
12880.000 1.611
12885.000 1.471
12890.000 1.516
12895.000 1.604
12900.000 1.624
12905.000 1.266
12910.000 1.354
12915.000 1.491
12920.000 1.207
12925.000 1.560
12930.000 1.206
12935.000 1.113
12940.000 1.419
12945.000 1.538
12950.000 1.525
12955.000 1.505
12960.000 1.618
12965.000 1.457
12970.000 1.561
12975.000 1.559
12980.000 1.495
12985.000 1.616
12990.000 1.589
12995.000 1.728
13000.000 1.777
13005.000 1.763
13010.000 1.695
13015.000 1.720
13020.000 1.672
13025.000 1.771
13030.000 1.845
13035.000 1.773
13040.000 1.799
13045.000 1.559
13050.000 1.366
13055.000 1.636
13060.000 1.553
13065.000 1.877
13070.000 1.649
13075.000 1.714
13080.000 1.785
13085.000 1.747
13090.000 1.395
13095.000 1.606
13100.000 1.796
13105.000 1.432
13110.000 1.964
13115.000 2.023
13120.000 1.730
13125.000 1.916
13130.000 1.990
13135.000 1.946
13140.000 1.862
13145.000 1.945
13150.000 1.893
13155.000 1.755
13160.000 1.838
13165.000 1.501
13170.000 2.048
13175.000 1.913
13180.000 2.267
13185.000 2.027
13190.000 2.103
13195.000 2.142
13200.000 2.128
13205.000 2.107
13210.000 2.149
13215.000 2.201
13220.000 2.171
13225.000 2.178
13230.000 1.460
13235.000 0.528
13240.000 0.472
13245.000 1.678
13250.000 2.131
13255.000 1.055
13260.000 1.572
13265.000 0.982
13270.000 2.385
13275.000 2.351
13280.000 2.390
13285.000 2.394
13290.000 2.445
13295.000 2.493
13300.000 2.354
13305.000 2.519
13310.000 2.552
13315.000 2.509
13320.000 2.528
13325.000 2.622
13330.000 2.622
13335.000 2.715
13340.000 2.629
13345.000 2.773
13350.000 2.754
13355.000 2.819
13360.000 2.856
13365.000 2.809
13370.000 2.921
13375.000 2.932
13380.000 3.007
13385.000 2.946
13390.000 2.978
13395.000 2.981
13400.000 3.002
13405.000 3.077
13410.000 3.112
13415.000 3.208
13420.000 3.220
13425.000 3.251
13430.000 3.277
13435.000 3.408
13440.000 3.408
13445.000 3.487
13450.000 3.556
13455.000 3.484
13460.000 3.643
13465.000 3.661
13470.000 3.751
13475.000 3.763
13480.000 3.592
13485.000 3.892
13490.000 3.946
13495.000 4.090
13500.000 4.186
13505.000 4.193
13510.000 4.240
13515.000 4.394
13520.000 4.464
13525.000 4.424
13530.000 4.576
13535.000 4.768
13540.000 4.839
13545.000 4.847
13550.000 4.974
13555.000 5.075
13560.000 5.227
13565.000 5.319
13570.000 5.121
13575.000 5.515
13580.000 5.717
13585.000 5.967
13590.000 5.927
13595.000 6.220
13600.000 6.432
13605.000 6.663
13610.000 6.728
13615.000 6.894
13620.000 6.986
13625.000 7.349
13630.000 7.203
13635.000 7.824
13640.000 8.113
13645.000 7.849
13650.000 8.618
13655.000 9.014
13660.000 9.236
13665.000 9.678
13670.000 10.130
13675.000 10.386
13680.000 10.801
13685.000 11.097
13690.000 11.655
13695.000 12.132
13700.000 12.400
13705.000 13.072
13710.000 13.383
13715.000 13.950
13720.000 14.172
13725.000 14.724
13730.000 15.201
13735.000 15.377
13740.000 15.622
13745.000 15.894
13750.000 15.875
13755.000 15.746
13760.000 15.787
13765.000 15.449
13770.000 14.463
13775.000 14.760
13780.000 14.255
13785.000 14.045
13790.000 13.466
13795.000 12.855
13800.000 12.554
13805.000 11.950
13810.000 11.163
13815.000 10.980
13820.000 10.506
13825.000 10.329
13830.000 9.951
13835.000 9.646
13840.000 9.281
13845.000 8.782
13850.000 8.584
13855.000 8.252
13860.000 8.074
13865.000 7.737
13870.000 7.197
13875.000 7.360
13880.000 6.977
13885.000 6.856
13890.000 6.661
13895.000 6.353
13900.000 6.362
13905.000 5.928
13910.000 5.815
13915.000 5.794
13920.000 5.463
13925.000 5.571
13930.000 5.243
13935.000 5.307
13940.000 5.058
13945.000 4.977
13950.000 4.881
13955.000 4.748
13960.000 4.678
13965.000 4.597
13970.000 3.407
13975.000 4.115
13980.000 3.600
13985.000 4.272
13990.000 4.093
13995.000 3.779
14000.000 3.929
14005.000 3.832
14010.000 3.750
14015.000 3.675
14020.000 3.634
14025.000 3.618
14030.000 3.581
14035.000 3.517
14040.000 3.372
14045.000 3.328
14050.000 3.226
14055.000 3.252
14060.000 3.232
14065.000 3.161
14070.000 3.154
14075.000 3.084
14080.000 3.009
14085.000 3.023
14090.000 3.075
14095.000 2.925
14100.000 2.921
14105.000 2.815
14110.000 2.807
14115.000 2.817
14120.000 2.779
14125.000 2.654
14130.000 2.659
14135.000 2.738
14140.000 2.743
14145.000 2.573
14150.000 2.525
14155.000 2.476
14160.000 2.562
14165.000 2.519
14170.000 2.490
14175.000 2.475
14180.000 2.417
14185.000 2.403
14190.000 2.463
14195.000 2.314
14200.000 2.280
14205.000 2.230
14210.000 2.339
14215.000 2.339
14220.000 2.258
14225.000 2.008
14230.000 2.146
14235.000 2.088
14240.000 2.118
14245.000 2.051
14250.000 1.994
14255.000 2.066
14260.000 2.044
14265.000 1.978
14270.000 2.089
14275.000 2.062
14280.000 2.031
14285.000 1.895
14290.000 1.850
14295.000 1.926
14300.000 1.964
14305.000 1.148
14310.000 1.522
14315.000 1.840
14320.000 1.889
14325.000 1.827
14330.000 1.861
14335.000 1.585
14340.000 1.932
14350.000 1.617
14355.000 1.764
14360.000 1.807
14365.000 1.733
14370.000 1.716
14375.000 1.581
14380.000 1.703
14385.000 1.733
14390.000 1.676
14395.000 1.492
14400.000 1.682
14405.000 1.671
14410.000 1.667
14415.000 1.608
14420.000 1.640
14425.000 1.565
14430.000 1.494
14435.000 1.708
14445.000 1.623
14450.000 1.580
14455.000 1.442
14460.000 1.542
14465.000 1.518
14470.000 1.507
14475.000 1.546
14480.000 1.552
14485.000 1.485
14490.000 1.518
14495.000 1.461
14500.000 1.502
14505.000 1.543
14510.000 1.430
14515.000 1.517
14520.000 1.439
14525.000 1.463
14530.000 1.440
14535.000 1.483
14540.000 1.480
14545.000 1.478
14550.000 1.439
14555.000 1.404
14560.000 1.381
14565.000 1.406
14570.000 1.405
14575.000 1.407
14580.000 1.396
14585.000 1.339
14590.000 1.241
14595.000 1.145
14600.000 1.340
14605.000 1.305
14610.000 1.357
14615.000 1.341
14620.000 1.361
14625.000 1.246
14630.000 1.329
14635.000 0.816
14640.000 0.935
14645.000 1.017
14650.000 1.340
14655.000 1.227
14660.000 1.185
14665.000 1.196
14670.000 1.266
14675.000 1.348
14680.000 1.307
14685.000 1.159
14690.000 0.849
14695.000 1.161
14700.000 1.162
14705.000 1.276
14710.000 1.246
14715.000 1.181
14720.000 1.200
14725.000 1.112
14730.000 1.217
14735.000 1.128
14740.000 1.011
14745.000 1.110
14750.000 1.002
14755.000 1.123
14760.000 1.049
14765.000 1.130
14770.000 1.052
14775.000 1.198
14780.000 1.111
14785.000 1.040
14790.000 1.206
14795.000 1.162
14800.000 1.160
14805.000 1.065
14810.000 1.183
14815.000 1.050
14820.000 1.119
14825.000 1.044
14830.000 1.070
14835.000 1.079
14840.000 1.127
14845.000 1.081
14850.000 1.115
14855.000 1.127
14860.000 1.063
14865.000 1.055
14870.000 1.062
14875.000 1.051
14880.000 1.028
14885.000 1.070
14890.000 1.046
14895.000 1.068
14900.000 1.043
14905.000 1.025
14910.000 1.056
14915.000 0.990
14920.000 1.065
14925.000 1.025
14930.000 1.063
14935.000 1.077
14940.000 1.079
14945.000 1.067
14950.000 1.036
14955.000 1.056
14960.000 1.033
14965.000 1.035
14970.000 1.064
14975.000 1.084
14980.000 1.086
14985.000 1.038
14990.000 1.088
14995.000 1.035
15000.000 1.055
15005.000 0.965
15010.000 1.047
15015.000 1.007
15020.000 0.988
15025.000 1.039
15030.000 0.925
15035.000 1.003
15040.000 1.051
15045.000 1.059
15050.000 1.027
15055.000 1.007
15060.000 0.988
15065.000 1.068
15070.000 0.974
15075.000 0.987
15080.000 0.990
15085.000 1.036
15090.000 1.113
15095.000 0.994
15100.000 0.966
15105.000 1.039
15110.000 1.030
15115.000 0.987
15120.000 1.108
15125.000 1.088
15130.000 1.066
15135.000 1.017
15140.000 1.053
15145.000 1.078
15150.000 1.064
15155.000 1.072
15160.000 1.140
15165.000 1.076
15170.000 1.028
15175.000 1.023
15180.000 1.131
15185.000 1.027
15190.000 1.096
15195.000 1.070
15200.000 1.156
15205.000 1.100
15210.000 1.092
15215.000 1.145
15220.000 1.051
15225.000 1.027
15230.000 1.145
15235.000 1.081
15240.000 1.169
15245.000 1.146
15250.000 1.108
15255.000 1.183
15260.000 1.105
15265.000 1.127
15270.000 0.842
15275.000 1.161
15280.000 1.148
15285.000 1.208
15290.000 1.072
15295.000 1.151
15300.000 1.136
15305.000 1.214
15310.000 1.195
15315.000 1.259
15320.000 1.206
15325.000 1.218
15330.000 1.220
15335.000 1.102
15340.000 1.164
15345.000 1.231
15350.000 1.146
15355.000 1.239
15360.000 1.234
15365.000 1.283
15370.000 1.274
15375.000 1.224
15380.000 1.299
15385.000 1.239
15390.000 1.298
15395.000 1.235
15400.000 1.299
15405.000 1.374
15410.000 1.350
15415.000 1.323
15420.000 1.423
15425.000 1.337
15430.000 1.338
15435.000 1.346
15440.000 1.395
15445.000 1.371
15450.000 1.450
15455.000 1.453
15460.000 1.426
15465.000 1.493
15470.000 1.478
15475.000 1.411
15480.000 1.503
15485.000 1.496
15490.000 1.567
15495.000 1.437
15500.000 1.512
15505.000 1.571
15510.000 1.560
15515.000 1.652
15520.000 1.664
15525.000 1.642
15530.000 1.606
15535.000 1.602
15540.000 1.702
15545.000 1.743
15550.000 1.658
15555.000 1.732
15560.000 1.804
15565.000 1.735
15570.000 1.837
15575.000 1.767
15580.000 1.839
15585.000 1.884
15590.000 1.828
15595.000 1.896
15600.000 1.888
15605.000 1.903
15610.000 1.978
15615.000 1.973
15620.000 2.012
15625.000 1.989
15630.000 2.018
15635.000 2.072
15640.000 2.049
15645.000 2.110
15650.000 2.135
15655.000 2.248
15660.000 2.252
15665.000 2.296
15670.000 2.259
15675.000 2.312
15680.000 2.386
15685.000 2.376
15690.000 2.259
15695.000 2.486
15700.000 2.475
15705.000 2.498
15710.000 2.598
15715.000 2.655
15720.000 2.597
15725.000 2.706
15730.000 2.789
15735.000 2.834
15740.000 2.888
15745.000 2.816
15750.000 2.961
15755.000 2.964
15760.000 3.016
15765.000 3.090
15770.000 3.162
15775.000 3.162
15780.000 3.296
15785.000 1.933
15790.000 3.253
15795.000 3.463
15800.000 2.649
15805.000 3.681
15810.000 3.702
15815.000 3.796
15820.000 3.771
15825.000 3.929
15830.000 4.038
15835.000 4.136
15840.000 4.226
15845.000 4.272
15850.000 4.527
15855.000 4.536
15860.000 4.685
15865.000 4.883
15870.000 5.030
15875.000 5.102
15880.000 5.269
15885.000 5.375
15890.000 5.600
15895.000 5.719
15900.000 5.971
15905.000 6.200
15910.000 4.707
15915.000 5.529
15920.000 6.292
15925.000 6.716
15930.000 6.951
15935.000 7.319
15940.000 7.573
15945.000 7.829
15950.000 7.973
15955.000 8.261
15960.000 8.306
15965.000 8.506
15970.000 8.740
15975.000 8.823
15980.000 9.108
15985.000 9.220
15990.000 9.343
15995.000 9.613
16000.000 9.753
