5.000 8.520
10.000 7.232
15.000 5.266
20.000 5.017
25.000 11.516
30.000 17.905
35.000 17.776
40.000 6.476
45.000 9.558
50.000 9.399
55.000 17.862
60.000 7.793
65.000 14.952
70.000 19.783
75.000 10.283
80.000 7.424
85.000 17.513
90.000 9.963
95.000 20.041
100.000 12.284
105.000 11.923
110.000 20.025
115.000 20.061
120.000 14.761
125.000 10.776
130.000 23.859
135.000 12.253
140.000 26.238
145.000 27.592
150.000 8.654
155.000 24.618
160.000 26.362
165.000 16.581
170.000 14.938
175.000 22.538
180.000 12.958
185.000 16.491
190.000 12.219
195.000 15.791
200.000 9.112
205.000 26.055
210.000 17.804
215.000 25.467
220.000 26.141
225.000 24.655
230.000 18.114
235.000 32.135
240.000 41.280
245.000 42.414
250.000 22.773
255.000 30.341
260.000 41.817
265.000 49.748
270.000 41.195
275.000 53.385
280.000 51.059
285.000 56.235
290.000 96.630
295.000 105.722
300.000 103.038
305.000 97.126
310.000 98.760
315.000 75.598
320.000 90.299
325.000 70.299
330.000 50.236
335.000 69.971
340.000 59.036
345.000 37.520
350.000 33.698
355.000 46.685
360.000 55.831
365.000 54.247
370.000 52.786
375.000 41.401
380.000 62.486
385.000 54.760
390.000 48.271
395.000 53.160
400.000 51.864
405.000 54.656
410.000 53.248
415.000 51.046
420.000 57.945
425.000 56.996
430.000 65.333
435.000 71.757
440.000 62.291
445.000 61.129
450.000 57.664
455.000 61.428
460.000 57.451
465.000 58.056
470.000 74.142
475.000 64.994
480.000 67.296
485.000 56.577
490.000 56.921
495.000 61.230
500.000 68.421
505.000 54.874
510.000 98.030
515.000 91.899
520.000 90.254
525.000 55.507
530.000 53.731
535.000 64.472
540.000 51.617
545.000 63.325
550.000 73.859
555.000 72.047
560.000 80.145
565.000 90.561
570.000 106.407
575.000 120.817
580.000 125.590
585.000 134.288
590.000 135.767
595.000 130.141
600.000 103.350
605.000 88.551
610.000 74.348
615.000 68.277
620.000 57.623
625.000 55.594
630.000 143.385
635.000 56.376
640.000 46.676
645.000 42.077
650.000 55.322
655.000 50.138
660.000 23.447
665.000 22.076
670.000 16.645
675.000 17.446
680.000 15.382
685.000 59.034
690.000 144.633
695.000 27.009
700.000 16.278
705.000 50.423
710.000 32.860
715.000 31.300
720.000 19.870
725.000 12.251
730.000 18.268
735.000 17.436
740.000 16.890
745.000 12.774
750.000 24.287
755.000 10.980
760.000 9.580
765.000 9.688
770.000 10.049
775.000 12.110
780.000 12.078
785.000 11.079
790.000 11.795
795.000 9.487
800.000 13.008
805.000 14.181
810.000 52.863
815.000 30.291
820.000 18.381
825.000 31.494
830.000 23.888
835.000 13.965
840.000 18.837
845.000 11.815
850.000 30.508
855.000 21.466
860.000 28.338
865.000 31.159
870.000 37.640
875.000 42.004
880.000 36.426
885.000 32.601
890.000 18.774
895.000 21.229
900.000 16.654
905.000 16.081
910.000 13.374
915.000 8.990
920.000 9.372
925.000 7.920
930.000 7.567
935.000 11.405
940.000 6.602
945.000 6.449
950.000 6.051
955.000 5.146
960.000 9.716
965.000 8.993
970.000 5.151
975.000 7.777
980.000 7.418
985.000 6.673
990.000 3.912
995.000 9.717
1000.000 7.453
1005.000 4.080
1010.000 8.773
1015.000 5.066
1020.000 5.264
1025.000 5.370
1030.000 4.205
1035.000 4.097
1040.000 4.042
1045.000 4.544
1050.000 4.377
1055.000 4.884
1060.000 4.969
1065.000 4.398
1070.000 4.931
1075.000 4.694
1080.000 5.173
1085.000 5.489
1090.000 5.446
1095.000 6.154
1100.000 7.110
1105.000 7.185
1110.000 9.022
1115.000 8.450
1120.000 8.393
1125.000 11.626
1130.000 11.616
1135.000 14.143
1140.000 15.812
1145.000 20.089
1150.000 26.266
1155.000 29.733
1160.000 38.187
1165.000 41.163
1170.000 38.868
1175.000 34.173
1180.000 28.358
1185.000 25.633
1190.000 21.113
1195.000 19.304
1200.000 18.428
1205.000 17.705
1210.000 16.764
1215.000 14.270
1220.000 13.775
1225.000 13.182
1230.000 13.280
1235.000 12.592
1240.000 12.109
1245.000 11.804
1250.000 12.055
1255.000 11.413
1260.000 11.574
1265.000 10.998
1270.000 11.115
1275.000 11.081
1280.000 10.369
1285.000 10.142
1290.000 11.032
1295.000 11.958
1300.000 11.415
1305.000 11.028
1310.000 11.024
1315.000 11.352
1320.000 11.426
1325.000 14.413
1330.000 12.506
1335.000 12.813
1340.000 12.602
1345.000 13.192
1350.000 14.504
1355.000 18.011
1360.000 14.002
1365.000 15.244
1370.000 16.256
1375.000 16.214
1380.000 16.746
1385.000 19.557
1390.000 20.314
1395.000 22.054
1400.000 23.175
1405.000 26.438
1410.000 27.719
1415.000 32.159
1420.000 38.007
1425.000 41.060
1430.000 49.300
1435.000 62.450
1440.000 69.744
1445.000 86.352
1450.000 94.066
1455.000 69.194
1460.000 77.208
1465.000 54.586
1470.000 47.652
1475.000 48.963
1480.000 36.035
1485.000 35.503
1490.000 33.217
1495.000 23.333
1500.000 33.012
1505.000 25.234
1510.000 24.751
1515.000 24.531
1520.000 19.385
1525.000 19.559
1530.000 19.560
1535.000 7.329
1540.000 13.279
1545.000 17.456
1550.000 17.276
1555.000 16.545
1560.000 16.941
1565.000 17.188
1570.000 16.392
1575.000 16.449
1580.000 16.822
1585.000 18.226
1590.000 16.563
1595.000 17.774
1600.000 17.052
1605.000 17.727
1610.000 18.296
1615.000 18.662
1620.000 19.085
1625.000 19.413
1630.000 24.562
1635.000 21.603
1640.000 20.885
1645.000 23.141
1650.000 22.271
1655.000 24.999
1660.000 27.785
1665.000 29.055
1670.000 31.114
1675.000 33.065
1680.000 36.872
1685.000 41.407
1690.000 37.636
1695.000 49.356
1700.000 53.382
1705.000 62.893
1710.000 57.700
1715.000 79.265
1720.000 101.066
1725.000 99.301
1730.000 87.971
1735.000 128.157
1740.000 131.961
1745.000 111.299
1750.000 113.895
1755.000 104.203
1760.000 86.614
1765.000 79.105
1770.000 69.572
1775.000 65.451
1780.000 52.442
1785.000 51.025
1790.000 32.616
1795.000 33.839
1800.000 42.305
1805.000 41.665
1810.000 42.594
1815.000 39.664
1820.000 38.626
1825.000 38.408
1830.000 35.954
1835.000 37.749
1840.000 28.384
1845.000 36.457
1850.000 31.118
1855.000 35.101
1860.000 34.123
1865.000 35.186
1870.000 35.617
1875.000 34.721
1880.000 36.684
1885.000 35.345
1890.000 33.777
1895.000 24.100
1900.000 35.699
1905.000 37.331
1910.000 38.027
1915.000 39.039
1920.000 40.289
1925.000 41.340
1930.000 42.486
1935.000 43.302
1940.000 45.574
1945.000 48.161
1950.000 49.375
1955.000 52.781
1960.000 53.998
1965.000 57.891
1970.000 63.586
1975.000 64.888
1980.000 71.087
1985.000 74.412
1990.000 82.749
1995.000 75.569
2000.000 96.254
2005.000 88.123
2010.000 95.341
2015.000 110.403
2020.000 125.906
2025.000 131.681
2030.000 140.404
2035.000 138.715
2040.000 111.858
2045.000 117.153
2050.000 119.286
2055.000 94.665
2060.000 101.320
2065.000 67.499
2070.000 81.617
2075.000 76.241
2080.000 68.495
2085.000 64.710
2090.000 57.654
2095.000 54.102
2100.000 52.621
2105.000 49.104
2110.000 47.586
2115.000 35.120
2120.000 42.181
2125.000 41.284
2130.000 39.195
2135.000 38.259
2140.000 37.326
2145.000 35.846
2150.000 35.494
2155.000 32.047
2160.000 17.505
2165.000 33.457
2170.000 33.022
2175.000 32.694
2180.000 32.521
2185.000 32.512
2190.000 32.350
2195.000 32.499
2200.000 32.609
2205.000 32.899
2210.000 33.150
2215.000 33.706
2220.000 33.767
2225.000 32.463
2230.000 35.636
2235.000 36.401
2240.000 37.832
2245.000 39.764
2250.000 40.561
2255.000 42.930
2260.000 44.543
2265.000 47.671
2270.000 51.467
2275.000 51.552
2280.000 59.595
2285.000 63.525
2290.000 72.316
2295.000 83.891
2300.000 90.380
2305.000 107.784
2310.000 117.223
2315.000 117.329
2320.000 135.703
2325.000 126.823
2330.000 129.681
2335.000 125.928
2340.000 104.436
2345.000 84.029
2350.000 80.957
2355.000 68.124
2360.000 63.032
2365.000 54.778
2370.000 51.246
2375.000 45.257
2380.000 41.173
2385.000 39.417
2390.000 36.246
2395.000 34.863
2400.000 32.524
2405.000 30.415
2410.000 29.574
2415.000 28.198
2420.000 27.506
2425.000 26.455
2430.000 25.444
2435.000 24.918
2440.000 24.159
2445.000 23.988
2450.000 23.474
2455.000 23.038
2460.000 22.956
2465.000 22.680
2470.000 22.461
2475.000 22.505
2480.000 22.345
2485.000 22.327
2490.000 22.546
2495.000 22.853
2500.000 23.200
2505.000 23.441
2510.000 23.895
2515.000 24.668
2520.000 24.839
2525.000 25.937
2530.000 26.979
2535.000 27.777
2540.000 29.542
2545.000 30.344
2550.000 32.551
2555.000 35.322
2560.000 36.922
2565.000 40.974
2570.000 43.065
2575.000 49.098
2580.000 56.526
2585.000 61.477
2590.000 73.912
2595.000 81.815
2600.000 101.351
2605.000 121.502
2610.000 128.568
2615.000 130.972
2620.000 126.073
2625.000 99.375
2630.000 76.042
2635.000 67.895
2640.000 54.867
2645.000 50.120
2650.000 43.105
2655.000 40.161
2660.000 35.449
2665.000 31.726
2670.000 30.174
2675.000 27.757
2680.000 26.542
2685.000 24.619
2690.000 23.041
2695.000 22.442
2700.000 21.229
2705.000 20.762
2710.000 19.857
2715.000 18.880
2720.000 18.737
2725.000 18.040
2730.000 17.939
2735.000 17.433
2740.000 17.232
2745.000 17.096
2750.000 16.903
2755.000 16.724
2760.000 16.607
2765.000 16.672
2770.000 16.551
2775.000 16.884
2780.000 17.092
2785.000 17.193
2790.000 17.483
2795.000 17.407
2800.000 18.143
2805.000 18.384
2810.000 19.209
2815.000 19.966
2820.000 20.404
2825.000 21.816
2830.000 22.301
2835.000 23.859
2840.000 25.625
2845.000 26.873
2850.000 29.565
2855.000 31.088
2860.000 35.065
2865.000 40.178
2870.000 43.448
2875.000 51.676
2880.000 57.050
2885.000 70.949
2890.000 88.938
2895.000 98.721
2900.000 113.920
2905.000 114.100
2910.000 94.512
2915.000 69.894
2920.000 61.088
2925.000 48.691
2930.000 44.040
2935.000 36.726
2940.000 31.915
2945.000 29.689
2950.000 26.511
2955.000 25.225
2960.000 22.974
2965.000 21.188
2970.000 20.315
2975.000 19.058
2980.000 18.350
2985.000 17.436
2990.000 16.505
2995.000 16.076
3000.000 15.499
3005.000 15.043
3010.000 14.810
3015.000 14.406
3020.000 14.109
3025.000 13.802
3030.000 13.784
3035.000 13.587
3040.000 13.564
3045.000 13.453
3050.000 13.435
3055.000 13.523
3060.000 13.655
3065.000 13.737
3070.000 13.760
3075.000 14.011
3080.000 14.250
3085.000 14.512
3090.000 15.042
3095.000 15.328
3100.000 15.879
3105.000 16.359
3110.000 17.110
3115.000 18.124
3120.000 18.782
3125.000 20.352
3130.000 21.013
3135.000 23.094
3140.000 25.521
3145.000 26.756
3150.000 30.763
3155.000 33.001
3160.000 38.799
3165.000 46.813
3170.000 58.154
3175.000 65.401
3180.000 73.656
3185.000 90.707
3190.000 96.901
3195.000 91.844
3200.000 69.938
3205.000 60.198
3210.000 46.554
3215.000 38.041
3220.000 34.434
3225.000 29.475
3230.000 27.610
3235.000 24.096
3240.000 22.711
3245.000 20.465
3250.000 18.949
3255.000 18.285
3260.000 16.893
3265.000 16.274
3270.000 15.231
3275.000 14.480
3280.000 14.307
3285.000 13.636
3290.000 13.415
3295.000 13.062
3300.000 12.713
3305.000 12.401
3310.000 12.039
3315.000 12.113
3320.000 11.964
3325.000 11.820
3330.000 11.766
3335.000 11.677
3340.000 11.841
3345.000 11.751
3350.000 11.838
3355.000 12.123
3360.000 12.073
3365.000 12.148
3370.000 12.507
3375.000 12.959
3380.000 13.287
3385.000 13.591
3390.000 13.951
3395.000 14.734
3400.000 15.515
3405.000 15.853
3410.000 17.090
3415.000 17.734
3420.000 19.096
3425.000 21.199
3430.000 22.204
3435.000 25.106
3440.000 26.696
3445.000 31.114
3450.000 36.699
3455.000 40.457
3460.000 50.240
3465.000 56.184
3470.000 70.158
3475.000 81.120
3480.000 82.229
3485.000 70.166
3490.000 60.630
3495.000 45.992
3500.000 36.561
3505.000 33.535
3510.000 27.699
3515.000 25.602
3520.000 22.637
3525.000 20.187
3530.000 18.874
3535.000 17.102
3540.000 16.357
3545.000 15.182
3550.000 14.128
3555.000 13.813
3560.000 12.963
3565.000 12.618
3570.000 12.011
3575.000 11.623
3580.000 11.311
3585.000 11.074
3590.000 11.059
3595.000 10.600
3600.000 10.379
3605.000 10.301
3610.000 10.246
3615.000 10.316
3620.000 10.177
3625.000 10.127
3630.000 10.083
3635.000 10.123
3640.000 10.225
3645.000 10.345
3650.000 10.378
3655.000 10.458
3660.000 10.833
3665.000 10.970
3670.000 11.436
3675.000 11.850
3680.000 12.065
3685.000 12.691
3690.000 13.111
3695.000 13.879
3700.000 14.813
3705.000 15.508
3710.000 16.855
3715.000 17.717
3720.000 19.635
3725.000 22.310
3730.000 24.091
3735.000 27.834
3740.000 31.628
3745.000 36.272
3750.000 45.826
3755.000 51.755
3760.000 64.409
3765.000 73.288
3770.000 71.945
3775.000 57.682
3780.000 49.243
3785.000 37.642
3790.000 33.374
3795.000 27.290
3800.000 23.179
3805.000 21.480
3810.000 18.818
3815.000 17.753
3820.000 16.028
3825.000 14.673
3830.000 13.863
3835.000 12.904
3840.000 12.557
3845.000 11.737
3850.000 11.295
3855.000 10.819
3860.000 10.252
3865.000 10.204
3870.000 9.800
3875.000 9.699
3880.000 9.473
3885.000 9.097
3890.000 9.189
3895.000 8.870
3900.000 8.842
3905.000 8.979
3910.000 8.835
3915.000 8.611
3920.000 8.765
3925.000 8.899
3930.000 9.001
3935.000 9.174
3940.000 9.160
3945.000 9.344
3950.000 9.391
3955.000 9.707
3960.000 10.092
3965.000 10.137
3970.000 10.738
3975.000 11.078
3980.000 11.659
3985.000 12.339
3990.000 12.757
3995.000 13.885
4000.000 14.309
4005.000 16.229
4010.000 17.595
4015.000 18.730
4020.000 21.410
4025.000 23.362
4030.000 27.752
4035.000 33.753
4040.000 37.952
4045.000 47.642
4050.000 52.980
4055.000 60.611
4060.000 56.887
4065.000 49.786
4070.000 36.387
4075.000 31.833
4080.000 24.990
4085.000 20.695
4090.000 19.081
4095.000 16.256
4100.000 15.383
4105.000 13.809
4110.000 12.267
4115.000 11.784
4120.000 11.002
4125.000 10.389
4130.000 9.705
4135.000 9.230
4140.000 8.944
4145.000 8.580
4150.000 8.428
4155.000 8.194
4160.000 7.892
4165.000 7.831
4170.000 7.749
4175.000 7.616
4180.000 7.502
4185.000 7.491
4190.000 7.525
4195.000 7.484
4200.000 7.521
4205.000 7.616
4210.000 7.739
4215.000 7.617
4220.000 7.867
4225.000 7.991
4230.000 8.009
4235.000 8.398
4240.000 8.575
4245.000 8.828
4250.000 9.198
4255.000 9.756
4260.000 10.023
4265.000 10.486
4270.000 11.235
4275.000 11.534
4280.000 12.636
4285.000 13.888
4290.000 14.667
4295.000 16.306
4300.000 17.379
4305.000 20.140
4310.000 23.594
4315.000 25.702
4320.000 31.424
4325.000 35.137
4330.000 44.469
4335.000 56.584
4340.000 62.781
4345.000 69.671
4350.000 67.386
4355.000 53.473
4360.000 41.218
4365.000 36.843
4370.000 30.181
4375.000 27.725
4380.000 24.129
4385.000 21.499
4390.000 20.319
4395.000 18.532
4400.000 17.828
4405.000 16.542
4410.000 15.642
4415.000 15.240
4420.000 14.684
4425.000 14.340
4430.000 13.897
4435.000 13.720
4440.000 13.302
4445.000 13.169
4450.000 13.116
4455.000 12.839
4460.000 13.047
4465.000 12.885
4470.000 12.902
4475.000 13.102
4480.000 13.178
4485.000 13.298
4490.000 13.342
4495.000 13.627
4500.000 13.819
4505.000 14.318
4510.000 14.475
4515.000 14.891
4520.000 15.706
4525.000 15.711
4530.000 16.499
4535.000 16.944
4540.000 17.724
4545.000 18.666
4550.000 19.359
4555.000 20.695
4560.000 22.068
4565.000 23.092
4570.000 25.087
4575.000 26.400
4580.000 29.046
4585.000 30.976
4590.000 34.836
4595.000 40.064
4600.000 43.333
4605.000 51.491
4610.000 56.052
4615.000 69.403
4620.000 81.635
4625.000 98.335
4630.000 108.403
4635.000 94.561
4640.000 111.936
4645.000 87.012
4650.000 73.787
4655.000 59.528
4660.000 53.592
4665.000 44.812
4670.000 38.428
4675.000 33.651
4680.000 31.781
4685.000 30.171
4690.000 27.237
4695.000 25.005
4700.000 23.954
4705.000 22.404
4710.000 21.593
4715.000 20.412
4720.000 19.289
4725.000 18.659
4730.000 18.142
4735.000 17.578
4740.000 16.992
4745.000 16.531
4750.000 16.346
4755.000 15.956
4760.000 15.780
4765.000 15.663
4770.000 15.284
4775.000 15.260
4780.000 15.246
4785.000 15.226
4790.000 15.224
4795.000 15.376
4800.000 15.405
4805.000 15.602
4810.000 15.776
4815.000 16.048
4820.000 16.518
4825.000 16.695
4830.000 17.360
4835.000 17.711
4840.000 18.506
4845.000 19.504
4850.000 20.233
4855.000 21.323
4860.000 22.172
4865.000 24.163
4870.000 26.411
4875.000 27.588
4880.000 31.188
4885.000 33.168
4890.000 38.351
4895.000 45.678
4900.000 50.138
4905.000 61.869
4910.000 69.543
4915.000 85.710
4920.000 99.537
4925.000 100.583
4930.000 84.974
4935.000 73.138
4940.000 55.078
4945.000 43.674
4950.000 39.387
4955.000 33.080
4960.000 30.608
4965.000 26.557
4970.000 23.574
4975.000 22.319
4980.000 20.277
4985.000 19.343
4990.000 17.879
4995.000 16.556
5000.000 16.028
5005.000 15.062
5010.000 14.656
5015.000 13.936
5020.000 13.703
5025.000 13.107
5030.000 12.535
5035.000 12.642
5040.000 12.107
5045.000 12.056
5050.000 11.769
5055.000 11.716
5060.000 11.669
5065.000 11.455
5070.000 11.419
5075.000 11.493
5080.000 11.536
5085.000 11.658
5090.000 11.832
5095.000 11.895
5100.000 12.149
5105.000 12.208
5110.000 12.583
5115.000 12.982
5120.000 13.147
5125.000 13.835
5130.000 14.493
5135.000 14.665
5140.000 15.834
5145.000 16.314
5150.000 17.612
5155.000 19.187
5160.000 19.945
5165.000 22.353
5170.000 23.704
5175.000 27.109
5180.000 31.843
5185.000 34.661
5190.000 41.995
5195.000 46.636
5200.000 58.338
5205.000 71.338
5210.000 76.296
5215.000 75.058
5220.000 68.465
5225.000 50.854
5230.000 39.607
5235.000 35.285
5240.000 29.099
5245.000 26.677
5250.000 23.058
5255.000 19.966
5260.000 19.038
5265.000 17.083
5270.000 16.263
5275.000 14.947
5280.000 13.747
5285.000 13.491
5290.000 12.593
5295.000 12.206
5300.000 11.674
5305.000 11.069
5310.000 10.879
5315.000 10.481
5320.000 10.380
5325.000 10.144
5330.000 9.753
5335.000 9.811
5340.000 9.564
5345.000 9.496
5350.000 9.415
5355.000 9.420
5360.000 9.315
5365.000 9.486
5370.000 9.337
5375.000 9.535
5380.000 9.599
5385.000 9.763
5390.000 9.956
5395.000 10.177
5400.000 10.234
5405.000 10.826
5410.000 11.145
5415.000 11.506
5420.000 11.818
5425.000 12.666
5430.000 13.426
5435.000 13.802
5440.000 15.122
5445.000 15.734
5450.000 17.275
5455.000 19.382
5460.000 20.669
5465.000 23.775
5470.000 24.912
5475.000 30.503
5480.000 37.350
5485.000 41.841
5490.000 51.981
5495.000 57.237
5500.000 64.175
5505.000 58.605
5510.000 51.478
5515.000 39.065
5520.000 34.654
5525.000 27.965
5530.000 23.456
5535.000 21.520
5540.000 18.547
5545.000 17.710
5550.000 15.674
5555.000 14.152
5560.000 13.722
5565.000 12.677
5570.000 12.198
5575.000 11.466
5580.000 10.694
5585.000 10.428
5590.000 9.877
5595.000 9.739
5600.000 9.292
5605.000 9.075
5610.000 8.897
5615.000 8.579
5620.000 8.458
5625.000 8.380
5630.000 8.334
5635.000 8.232
5640.000 8.198
5645.000 8.317
5650.000 8.200
5655.000 8.105
5660.000 8.310
5665.000 8.333
5670.000 8.418
5675.000 8.793
5680.000 8.753
5685.000 9.078
5690.000 9.290
5695.000 9.624
5700.000 9.852
5705.000 10.120
5710.000 10.514
5715.000 11.297
5720.000 11.662
5725.000 12.551
5730.000 13.065
5735.000 14.192
5740.000 15.791
5745.000 16.793
5750.000 17.874
5755.000 18.567
5760.000 23.175
5765.000 27.546
5770.000 31.588
5775.000 39.238
5780.000 43.808
5785.000 53.325
5790.000 57.062
5795.000 54.513
5800.000 42.854
5805.000 37.338
5810.000 29.097
5815.000 23.744
5820.000 21.694
5825.000 18.503
5830.000 17.362
5835.000 15.142
5840.000 13.624
5845.000 13.078
5850.000 12.059
5855.000 10.873
5860.000 10.570
5865.000 9.890
5870.000 9.549
5875.000 9.243
5880.000 8.886
5885.000 8.589
5890.000 8.191
5895.000 7.640
5900.000 7.859
5905.000 7.712
5910.000 7.493
5915.000 7.622
5920.000 7.337
5925.000 7.423
5930.000 7.414
5935.000 7.412
5940.000 7.396
5945.000 7.396
5950.000 7.523
5955.000 7.505
5960.000 7.652
5965.000 7.843
5970.000 7.869
5975.000 8.156
5980.000 8.468
5985.000 8.670
5990.000 8.807
5995.000 9.309
6000.000 9.665
6005.000 9.907
6010.000 10.655
6015.000 11.347
6020.000 12.006
6025.000 13.359
6030.000 14.106
6035.000 15.739
6040.000 16.888
6045.000 19.329
6050.000 22.824
6055.000 25.106
6060.000 30.589
6065.000 34.187
6070.000 42.365
6075.000 49.393
6080.000 50.791
6085.000 45.670
6090.000 40.220
6095.000 30.850
6100.000 24.571
6105.000 22.266
6110.000 18.640
6115.000 17.296
6120.000 15.135
6125.000 13.333
6130.000 12.788
6135.000 11.617
6140.000 11.004
6145.000 10.191
6150.000 9.600
6155.000 9.202
6160.000 8.814
6165.000 8.463
6170.000 7.996
6175.000 7.719
6180.000 7.631
6185.000 7.548
6190.000 7.221
6195.000 7.240
6200.000 7.024
6205.000 7.095
6210.000 6.851
6215.000 6.710
6220.000 6.741
6225.000 6.809
6230.000 6.816
6235.000 6.774
6240.000 6.922
6245.000 7.009
6250.000 7.077
6255.000 7.214
6260.000 7.368
6265.000 7.331
6270.000 7.631
6275.000 8.222
6280.000 8.232
6285.000 8.594
6290.000 8.776
6295.000 9.497
6300.000 10.229
6305.000 10.431
6310.000 11.540
6315.000 11.911
6320.000 13.239
6325.000 15.098
6330.000 16.108
6335.000 18.610
6340.000 20.207
6345.000 24.256
6350.000 29.771
6355.000 33.257
6360.000 40.572
6365.000 43.852
6370.000 45.437
6375.000 38.702
6380.000 33.758
6385.000 26.173
6390.000 23.414
6395.000 19.300
6400.000 16.251
6405.000 15.203
6410.000 13.443
6415.000 12.510
6420.000 11.353
6425.000 10.370
6430.000 9.905
6435.000 9.212
6440.000 8.758
6445.000 8.354
6450.000 7.758
6455.000 7.702
6460.000 7.377
6465.000 7.139
6470.000 6.962
6475.000 6.706
6480.000 6.743
6485.000 6.596
6490.000 6.412
6495.000 6.346
6500.000 6.275
6505.000 6.213
6510.000 6.301
6515.000 6.116
6520.000 6.233
6525.000 6.331
6530.000 6.469
6535.000 6.422
6540.000 6.448
6545.000 6.740
6550.000 6.820
6555.000 6.859
6560.000 7.148
6565.000 7.289
6570.000 7.537
6575.000 7.876
6580.000 8.229
6585.000 8.778
6590.000 9.067
6595.000 9.890
6600.000 10.273
6605.000 11.245
6610.000 12.635
6615.000 13.423
6620.000 15.241
6625.000 16.399
6630.000 19.404
6635.000 23.515
6640.000 26.144
6645.000 32.008
6650.000 35.322
6655.000 40.428
6660.000 39.261
6665.000 35.904
6670.000 27.974
6675.000 24.821
6680.000 19.921
6685.000 16.674
6690.000 15.358
6695.000 13.367
6700.000 12.451
6705.000 11.050
6710.000 10.226
6715.000 9.706
6720.000 8.969
6725.000 8.576
6730.000 8.000
6735.000 7.510
6740.000 7.389
6745.000 7.152
6750.000 6.818
6755.000 6.445
6760.000 6.306
6765.000 6.221
6770.000 6.058
6775.000 6.143
6780.000 5.899
6785.000 5.832
6790.000 5.693
6795.000 5.738
6800.000 5.650
6805.000 5.688
6810.000 5.763
6815.000 5.887
6820.000 5.817
6825.000 5.924
6830.000 6.037
6835.000 6.196
6840.000 6.200
6845.000 6.461
6850.000 6.624
6855.000 6.892
6860.000 7.276
6865.000 7.345
6870.000 7.837
6875.000 8.275
6880.000 8.566
6885.000 9.521
6890.000 9.851
6895.000 10.976
6900.000 11.592
6905.000 13.097
6910.000 15.036
6915.000 16.159
6920.000 19.261
6925.000 21.253
6930.000 25.795
6935.000 31.148
6940.000 33.554
6945.000 35.468
6950.000 34.273
6955.000 28.362
6960.000 22.418
6965.000 19.951
6970.000 16.536
6975.000 15.122
6980.000 12.946
6985.000 11.274
6990.000 10.724
6995.000 9.692
7000.000 9.087
7005.000 8.461
7010.000 7.762
7015.000 7.523
7020.000 6.975
7025.000 6.842
7030.000 6.495
7035.000 6.172
7040.000 6.012
7045.000 5.863
7050.000 5.649
7055.000 5.575
7060.000 5.528
7065.000 5.505
7070.000 5.274
7075.000 5.199
7080.000 5.248
7085.000 5.170
7090.000 5.232
7095.000 5.042
7100.000 5.155
7105.000 5.261
7110.000 5.302
7115.000 5.167
7120.000 5.512
7125.000 5.583
7130.000 5.663
7135.000 5.852
7140.000 6.022
7145.000 6.253
7150.000 6.418
7155.000 6.782
7160.000 6.861
7165.000 7.312
7170.000 8.015
7175.000 8.302
7180.000 9.070
7185.000 9.501
7190.000 10.599
7195.000 11.933
7200.000 12.889
7205.000 15.045
7210.000 16.299
7215.000 19.823
7220.000 24.123
7225.000 26.610
7230.000 31.335
7235.000 32.587
7240.000 31.341
7245.000 25.753
7250.000 22.586
7255.000 18.097
7260.000 16.423
7265.000 13.571
7270.000 11.797
7275.000 10.909
7280.000 9.809
7285.000 9.350
7290.000 8.387
7295.000 7.650
7300.000 7.498
7305.000 6.951
7310.000 6.560
7315.000 6.285
7320.000 5.924
7325.000 5.907
7330.000 5.593
7335.000 5.613
7340.000 5.466
7345.000 5.204
7350.000 5.199
7355.000 5.026
7360.000 5.068
7365.000 4.776
7370.000 4.931
7375.000 4.965
7380.000 4.762
7385.000 4.906
7390.000 4.840
7395.000 4.945
7400.000 4.960
7405.000 5.140
7410.000 5.034
7415.000 5.220
7420.000 5.417
7425.000 5.504
7430.000 5.722
7435.000 5.726
7440.000 6.059
7445.000 5.470
7450.000 6.580
7455.000 7.206
7460.000 7.259
7465.000 7.861
7470.000 3.661
7475.000 4.274
7480.000 10.104
7485.000 10.854
7490.000 12.531
7495.000 14.653
7500.000 15.924
7505.000 19.440
7510.000 21.436
7515.000 26.004
7520.000 29.774
7525.000 30.486
7530.000 27.837
7535.000 25.119
7540.000 19.865
7545.000 16.086
7550.000 14.504
7555.000 12.256
7560.000 11.391
7565.000 9.925
7570.000 8.855
7575.000 8.437
7580.000 7.550
7585.000 7.289
7590.000 6.741
7595.000 6.061
7600.000 6.133
7605.000 5.840
7610.000 5.573
7615.000 5.385
7620.000 5.164
7625.000 5.044
7630.000 4.843
7635.000 4.824
7640.000 4.688
7645.000 4.592
7650.000 4.675
7655.000 4.534
7660.000 4.473
7665.000 4.457
7670.000 4.427
7675.000 4.405
7680.000 4.538
7685.000 4.655
7690.000 4.511
7695.000 4.638
7700.000 4.816
7705.000 4.828
7710.000 4.962
7715.000 5.094
7720.000 5.210
7725.000 5.465
7730.000 5.737
7735.000 5.891
7740.000 6.316
7745.000 6.414
7750.000 7.114
7755.000 7.538
7760.000 7.950
7765.000 8.701
7770.000 9.275
7775.000 10.535
7780.000 12.253
7785.000 13.234
7790.000 15.746
7795.000 17.369
7800.000 20.943
7805.000 24.982
7810.000 26.753
7815.000 27.531
7820.000 26.179
7825.000 21.364
7830.000 17.201
7835.000 15.431
7840.000 12.842
7845.000 11.696
7850.000 10.095
7855.000 8.878
7860.000 8.376
7865.000 7.650
7870.000 7.215
7875.000 6.657
7880.000 6.236
7885.000 5.475
7890.000 5.535
7895.000 5.442
7900.000 5.112
7905.000 4.815
7910.000 4.955
7915.000 4.774
7920.000 4.653
7925.000 4.526
7930.000 4.370
7935.000 4.402
7940.000 4.420
7945.000 4.271
7950.000 4.236
7955.000 4.261
7960.000 4.285
7965.000 4.306
7970.000 4.317
7975.000 4.252
7980.000 4.360
7985.000 4.401
7990.000 4.385
7995.000 4.491
8000.000 4.731
8005.000 4.821
8010.000 4.859
8015.000 5.185
8020.000 5.442
8025.000 5.769
8030.000 5.985
8035.000 6.207
8040.000 6.796
8045.000 7.086
8050.000 7.686
8055.000 8.504
8060.000 9.051
8065.000 10.278
8070.000 11.051
8075.000 12.851
8080.000 15.404
8085.000 17.132
8090.000 20.793
8095.000 24.036
8100.000 25.049
8105.000 23.808
8110.000 21.907
8115.000 17.769
8120.000 16.018
8125.000 13.460
8130.000 11.370
8135.000 10.536
8140.000 9.085
8145.000 8.402
8150.000 7.603
8155.000 6.896
8160.000 6.501
8165.000 5.925
8170.000 5.879
8175.000 5.408
8180.000 4.878
8185.000 4.828
8190.000 4.715
8195.000 4.528
8200.000 4.449
8205.000 4.284
8210.000 4.177
8215.000 4.074
8220.000 4.130
8225.000 4.042
8230.000 3.994
8235.000 3.967
8240.000 3.934
8245.000 3.923
8250.000 3.895
8255.000 3.893
8260.000 3.876
8265.000 4.043
8270.000 4.038
8275.000 4.071
8280.000 4.057
8285.000 4.192
8290.000 4.312
8295.000 4.396
8300.000 4.592
8305.000 4.625
8310.000 4.950
8315.000 5.204
8320.000 5.324
8325.000 5.808
8330.000 5.928
8335.000 6.570
8340.000 7.183
8345.000 7.660
8350.000 8.601
8355.000 9.098
8360.000 10.582
8365.000 12.423
8370.000 13.565
8375.000 16.342
8380.000 17.877
8385.000 20.968
8390.000 22.383
8395.000 22.013
8400.000 19.334
8405.000 17.732
8410.000 14.472
8415.000 11.942
8420.000 10.885
8425.000 8.253
8430.000 8.576
8435.000 7.662
8440.000 6.849
8445.000 6.456
8450.000 3.159
8455.000 5.678
8460.000 5.328
8465.000 4.948
8470.000 4.792
8475.000 4.457
8480.000 4.461
8485.000 4.194
8490.000 4.093
8495.000 4.036
8500.000 4.033
8505.000 3.863
8510.000 3.837
8515.000 3.746
8520.000 3.698
8525.000 3.717
8530.000 3.668
8535.000 3.714
8540.000 3.689
8545.000 3.645
8550.000 3.723
8555.000 3.838
8560.000 3.848
8565.000 3.925
8570.000 4.065
8575.000 4.036
8580.000 4.140
8585.000 4.324
8590.000 4.421
8595.000 4.448
8600.000 4.529
8605.000 4.692
8610.000 4.834
8615.000 5.195
8620.000 5.512
8625.000 6.170
8630.000 6.302
8635.000 7.046
8640.000 8.185
8645.000 8.568
8650.000 10.000
8655.000 10.897
8660.000 12.802
8665.000 15.442
8670.000 17.027
8675.000 19.636
8680.000 20.332
8685.000 19.661
8690.000 16.525
8695.000 14.860
8700.000 12.041
8705.000 10.914
8710.000 9.353
8715.000 8.153
8720.000 7.615
8725.000 6.827
8730.000 6.353
8735.000 5.696
8740.000 5.291
8745.000 4.261
8750.000 4.641
8755.000 4.620
8760.000 4.336
8765.000 3.949
8770.000 3.997
8775.000 3.873
8780.000 3.729
8785.000 3.530
8790.000 3.474
8795.000 3.383
8800.000 1.409
8805.000 3.202
8810.000 2.594
8815.000 3.193
8820.000 3.296
8825.000 2.733
8830.000 3.178
8835.000 3.273
8840.000 2.643
8845.000 3.337
8850.000 1.539
8855.000 3.005
8860.000 3.562
8865.000 3.576
8870.000 3.673
8875.000 3.772
8880.000 3.893
8885.000 4.025
8890.000 4.123
8895.000 4.318
8900.000 4.764
8905.000 4.888
8910.000 5.402
8915.000 5.561
8920.000 6.074
8925.000 6.854
8930.000 7.288
8935.000 8.257
8940.000 8.965
8945.000 10.457
8950.000 12.345
8955.000 13.584
8960.000 15.834
8965.000 17.067
8970.000 18.309
8975.000 17.146
8980.000 15.744
8985.000 12.826
8990.000 11.626
8995.000 9.567
9000.000 8.132
9005.000 7.626
9010.000 6.669
9015.000 6.305
9020.000 5.660
9025.000 5.092
9030.000 4.953
9035.000 4.611
9040.000 4.452
9045.000 4.197
9050.000 3.979
9055.000 3.739
9060.000 3.701
9065.000 3.712
9070.000 3.577
9075.000 3.333
9080.000 3.293
9085.000 3.264
9090.000 3.174
9095.000 3.113
9100.000 3.025
9105.000 3.084
9110.000 2.958
9115.000 2.964
9120.000 2.978
9125.000 3.100
9130.000 3.003
9135.000 3.098
9140.000 3.200
9145.000 3.019
9150.000 3.260
9155.000 3.342
9160.000 3.413
9165.000 3.483
9170.000 3.691
9175.000 3.802
9180.000 3.914
9185.000 4.173
9190.000 4.182
9195.000 4.629
9200.000 4.884
9205.000 5.292
9210.000 5.724
9215.000 6.211
9220.000 6.879
9225.000 7.290
9230.000 8.631
9235.000 10.105
9240.000 11.011
9245.000 13.079
9250.000 14.264
9255.000 15.975
9260.000 16.276
9265.000 14.426
9270.000 13.171
9275.000 12.036
9280.000 9.835
9285.000 8.229
9290.000 7.546
9295.000 6.571
9300.000 6.198
9305.000 5.477
9310.000 4.864
9315.000 4.792
9320.000 4.389
9325.000 4.170
9330.000 3.912
9335.000 3.596
9340.000 3.613
9345.000 3.431
9350.000 3.347
9355.000 3.217
9360.000 3.133
9365.000 3.136
9370.000 3.075
9375.000 3.011
9380.000 3.052
9385.000 2.942
9390.000 2.907
9395.000 2.885
9400.000 2.802
9405.000 2.789
9410.000 2.764
9415.000 2.928
9420.000 2.759
9425.000 2.644
9430.000 2.428
9435.000 3.036
9440.000 3.042
9445.000 3.214
9450.000 3.153
9455.000 3.379
9460.000 3.526
9465.000 3.569
9470.000 3.814
9475.000 3.969
9480.000 4.224
9485.000 4.516
9490.000 4.728
9495.000 5.197
9500.000 5.483
9505.000 5.796
9510.000 6.240
9515.000 7.433
9520.000 8.504
9525.000 9.035
9530.000 10.704
9535.000 8.012
9540.000 13.432
9545.000 15.000
9550.000 14.359
9555.000 14.499
9560.000 12.330
9565.000 10.143
9570.000 9.291
9575.000 8.530
9580.000 5.438
9585.000 6.149
9590.000 6.050
9595.000 5.433
9600.000 5.147
9605.000 4.694
9610.000 4.395
9615.000 4.288
9620.000 3.993
9625.000 3.850
9630.000 2.922
9635.000 3.516
9640.000 3.345
9645.000 3.278
9650.000 3.272
9655.000 3.151
9660.000 3.173
9665.000 3.042
9670.000 3.085
9675.000 3.157
9680.000 2.960
9685.000 3.009
9690.000 2.919
9695.000 2.986
9700.000 2.903
9705.000 2.795
9710.000 2.936
9715.000 2.897
9720.000 2.980
9725.000 2.970
9730.000 3.063
9735.000 3.188
9740.000 3.306
9745.000 3.378
9750.000 3.467
9755.000 3.662
9760.000 3.780
9765.000 3.897
9770.000 4.197
9775.000 4.424
9780.000 4.781
9785.000 5.081
9790.000 5.575
9795.000 6.369
9800.000 6.700
9805.000 7.656
9810.000 8.168
9815.000 9.460
9820.000 11.117
9825.000 12.135
9830.000 13.797
9835.000 14.286
9840.000 14.270
9845.000 12.503
9850.000 11.100
9855.000 3.044
9860.000 3.588
9865.000 7.174
9870.000 6.529
9875.000 6.082
9880.000 5.459
9885.000 5.219
9890.000 4.694
9895.000 4.296
9900.000 4.064
9905.000 3.942
9910.000 3.759
9915.000 3.524
9920.000 3.311
9925.000 3.202
9930.000 3.100
9935.000 3.023
9940.000 2.913
9945.000 2.939
9950.000 2.737
9955.000 2.740
9960.000 2.707
9965.000 2.600
9970.000 2.659
9975.000 2.576
9980.000 2.622
9985.000 2.690
9990.000 2.557
9995.000 2.615
10000.000 2.608
10005.000 2.705
10010.000 2.404
10015.000 2.774
10020.000 2.827
10025.000 2.827
10030.000 2.958
10035.000 3.040
10040.000 3.182
10045.000 3.383
10050.000 3.446
10055.000 3.694
10060.000 3.666
10065.000 4.026
10070.000 4.421
10075.000 4.679
10080.000 5.124
10085.000 5.471
10090.000 6.054
10095.000 7.040
10100.000 7.627
10105.000 8.901
10110.000 9.816
10115.000 11.668
10120.000 11.889
10125.000 12.392
10130.000 13.676
10135.000 11.912
10140.000 10.855
10145.000 8.937
10150.000 8.206
10155.000 6.967
10160.000 6.314
10165.000 5.699
10170.000 4.880
10175.000 4.773
10180.000 4.265
10185.000 4.054
10190.000 3.735
10195.000 3.448
10200.000 3.364
10205.000 3.295
10210.000 3.286
10215.000 3.155
10220.000 1.970
10225.000 2.624
10230.000 2.856
10235.000 2.805
10240.000 2.691
10245.000 2.732
10250.000 2.576
10255.000 2.619
10260.000 2.608
10265.000 2.564
10270.000 2.486
10275.000 2.542
10280.000 2.532
10285.000 2.593
10290.000 2.659
10295.000 2.710
10300.000 2.725
10305.000 2.623
10310.000 2.719
10315.000 2.817
10320.000 2.881
10325.000 3.076
10330.000 3.165
10335.000 3.295
10340.000 3.349
10345.000 3.660
10350.000 3.733
10355.000 4.015
10360.000 4.154
10365.000 2.617
10370.000 4.765
10375.000 5.006
10380.000 1.304
10385.000 4.379
10390.000 7.721
10395.000 8.316
10400.000 9.790
10405.000 11.308
10410.000 11.956
10415.000 12.387
10420.000 12.014
10425.000 10.433
10430.000 8.666
10435.000 7.929
10440.000 6.649
10445.000 6.125
10450.000 5.313
10455.000 4.643
10460.000 4.492
10465.000 3.978
10470.000 3.817
10475.000 3.496
10480.000 3.186
10485.000 3.027
10490.000 2.933
10495.000 2.852
10500.000 2.681
10505.000 2.520
10510.000 2.496
10515.000 2.468
10520.000 2.345
10525.000 2.361
10530.000 2.279
10535.000 2.232
10540.000 2.216
10545.000 2.119
10550.000 1.887
10555.000 0.851
10560.000 1.217
10565.000 2.124
10570.000 2.230
10575.000 2.104
10580.000 1.788
10585.000 2.268
10590.000 2.372
10595.000 2.334
10600.000 2.372
10605.000 2.473
10610.000 2.495
10615.000 2.506
10620.000 2.666
10625.000 2.801
10630.000 3.004
10635.000 3.008
10640.000 3.351
10645.000 3.419
10650.000 3.718
10655.000 4.032
10660.000 4.391
10665.000 4.857
10670.000 5.240
10675.000 6.107
10680.000 6.089
10685.000 6.365
10690.000 7.180
10695.000 9.689
10700.000 9.798
10705.000 11.476
10710.000 11.140
10715.000 9.709
10720.000 7.994
10725.000 7.392
10730.000 6.185
10735.000 5.772
10740.000 5.053
10745.000 4.609
10750.000 4.215
10755.000 3.707
10760.000 3.617
10765.000 3.285
10770.000 3.175
10775.000 3.076
10780.000 2.877
10785.000 2.819
10790.000 2.673
10795.000 2.637
10800.000 2.552
10805.000 2.476
10810.000 2.383
10815.000 2.302
10820.000 2.285
10825.000 2.309
10830.000 2.183
10835.000 2.215
10840.000 2.145
10845.000 2.178
10850.000 2.158
10855.000 2.192
10860.000 2.234
10865.000 2.220
10870.000 2.301
10875.000 2.201
10880.000 2.267
10885.000 2.365
10890.000 2.369
10895.000 2.444
10900.000 2.451
10905.000 2.623
10910.000 2.623
10915.000 2.845
10920.000 2.905
10925.000 3.050
10930.000 3.261
10935.000 3.492
10940.000 3.754
10945.000 3.913
10950.000 4.355
10955.000 4.920
10960.000 5.349
10965.000 6.000
10970.000 6.443
10975.000 7.557
10980.000 8.794
10985.000 9.600
10990.000 10.722
10995.000 10.922
11000.000 10.276
11005.000 9.678
11010.000 8.077
11015.000 6.742
11020.000 6.189
11025.000 5.222
11030.000 4.870
11035.000 4.338
11040.000 3.874
11045.000 3.664
11050.000 3.298
11055.000 3.197
11060.000 2.992
11065.000 2.617
11070.000 2.687
11075.000 2.409
11080.000 2.503
11085.000 2.386
11090.000 2.236
11095.000 2.165
11100.000 2.154
11105.000 2.058
11110.000 1.958
11115.000 1.985
11120.000 2.090
11125.000 1.991
11130.000 1.975
11135.000 1.900
11140.000 2.033
11145.000 1.937
11150.000 2.001
11155.000 1.954
11160.000 1.965
11165.000 2.043
11170.000 2.071
11175.000 2.097
11180.000 2.139
11185.000 2.210
11190.000 2.337
11195.000 2.256
11200.000 2.426
11205.000 2.479
11210.000 2.655
11215.000 2.912
11220.000 2.867
11225.000 3.164
11230.000 3.334
11235.000 3.617
11240.000 4.052
11245.000 4.395
11250.000 5.005
11255.000 5.372
11260.000 6.435
11265.000 7.375
11270.000 8.072
11275.000 9.297
11280.000 9.788
11285.000 10.053
11290.000 9.136
11295.000 8.472
11300.000 7.139
11305.000 6.563
11310.000 5.542
11315.000 4.836
11320.000 4.447
11325.000 3.908
11330.000 3.735
11335.000 3.335
11340.000 3.136
11345.000 2.992
11350.000 2.739
11355.000 2.670
11360.000 2.561
11365.000 2.273
11370.000 2.352
11375.000 2.292
11380.000 2.208
11385.000 2.030
11390.000 2.033
11395.000 2.139
11400.000 2.046
11405.000 2.003
11410.000 1.950
11415.000 1.928
11420.000 1.942
11425.000 1.974
11430.000 1.896
11435.000 1.898
11440.000 1.969
11445.000 1.977
11450.000 2.021
11455.000 1.967
11460.000 2.026
11465.000 2.066
11470.000 2.138
11475.000 2.266
11480.000 2.269
11485.000 2.435
11490.000 2.477
11495.000 2.489
11500.000 2.685
11505.000 2.767
11510.000 2.916
11515.000 3.182
11520.000 3.422
11525.000 3.224
11530.000 3.936
11535.000 4.373
11540.000 5.079
11545.000 5.439
11550.000 6.359
11555.000 6.916
11560.000 8.095
11565.000 8.419
11570.000 9.185
11575.000 8.998
11580.000 8.529
11585.000 7.287
11590.000 6.747
11595.000 5.569
11600.000 4.779
11605.000 4.394
11610.000 3.945
11615.000 3.637
11620.000 3.322
11625.000 3.127
11630.000 2.915
11635.000 2.570
11640.000 2.568
11645.000 2.326
11650.000 2.264
11655.000 2.117
11660.000 2.077
11665.000 2.052
11670.000 1.947
11675.000 1.919
11680.000 1.881
11685.000 1.808
11690.000 1.783
11695.000 1.732
11700.000 1.740
11705.000 1.791
11710.000 1.704
11715.000 1.650
11720.000 1.688
11725.000 1.752
11730.000 1.733
11735.000 1.685
11740.000 1.707
11745.000 1.864
11750.000 1.767
11755.000 1.790
11760.000 1.883
11765.000 1.972
11770.000 2.082
11775.000 2.191
11780.000 2.226
11785.000 2.330
11790.000 2.318
11795.000 2.509
11800.000 2.722
11805.000 2.750
11810.000 3.030
11815.000 3.279
11820.000 3.691
11825.000 4.172
11830.000 4.514
11835.000 5.156
11840.000 5.570
11845.000 6.597
11850.000 7.693
11855.000 8.115
11860.000 8.675
11865.000 8.630
11870.000 7.799
11875.000 6.691
11880.000 6.114
11885.000 5.192
11890.000 4.762
11895.000 4.167
11900.000 3.785
11905.000 3.549
11910.000 3.130
11915.000 2.931
11920.000 2.641
11925.000 2.526
11930.000 2.426
11935.000 2.365
11940.000 2.250
11945.000 2.067
11950.000 2.098
11955.000 2.064
11960.000 1.863
11965.000 1.900
11970.000 1.878
11975.000 1.825
11980.000 1.840
11985.000 1.765
11990.000 1.779
11995.000 1.643
12000.000 1.779
