5.000 12.700
10.000 9.109
15.000 3.600
20.000 9.204
25.000 8.453
30.000 8.583
35.000 10.714
40.000 19.527
45.000 10.551
50.000 15.485
55.000 9.659
60.000 10.743
65.000 30.853
70.000 15.060
75.000 14.381
80.000 21.994
85.000 15.643
90.000 36.515
95.000 56.938
100.000 49.755
105.000 27.232
110.000 28.767
115.000 21.365
120.000 41.080
125.000 22.729
130.000 22.968
135.000 11.172
140.000 19.726
145.000 15.136
150.000 35.911
155.000 30.253
160.000 22.750
165.000 26.756
170.000 21.563
175.000 50.320
180.000 29.503
185.000 13.871
190.000 46.425
195.000 28.889
200.000 25.640
205.000 67.180
210.000 49.067
215.000 79.934
220.000 54.346
225.000 22.047
230.000 49.915
235.000 29.437
240.000 56.968
245.000 67.655
250.000 20.698
255.000 64.813
260.000 25.930
265.000 56.649
270.000 39.561
275.000 54.939
280.000 57.401
285.000 27.401
290.000 78.208
295.000 49.041
300.000 40.344
305.000 34.810
310.000 114.587
315.000 110.184
320.000 66.814
325.000 47.836
330.000 39.635
335.000 54.933
340.000 67.603
345.000 87.556
350.000 104.213
355.000 81.952
360.000 81.936
365.000 54.678
370.000 64.506
375.000 67.444
380.000 72.196
385.000 69.752
390.000 77.486
395.000 74.047
400.000 70.262
405.000 65.735
410.000 81.914
415.000 75.822
420.000 79.874
425.000 95.551
430.000 87.467
435.000 94.465
440.000 105.679
445.000 123.663
450.000 104.984
455.000 123.459
460.000 129.223
465.000 132.580
470.000 120.080
475.000 136.644
480.000 132.020
485.000 144.742
490.000 141.276
495.000 132.803
500.000 128.368
505.000 132.674
510.000 84.501
515.000 69.428
520.000 91.014
525.000 70.206
530.000 85.217
535.000 92.320
540.000 61.748
545.000 67.854
550.000 31.687
555.000 41.959
560.000 34.693
565.000 57.185
570.000 38.556
575.000 41.577
580.000 38.056
585.000 25.940
590.000 42.577
595.000 47.152
600.000 32.055
605.000 27.752
610.000 32.079
615.000 35.036
620.000 29.126
625.000 36.456
630.000 31.020
635.000 83.687
640.000 73.067
645.000 32.621
650.000 34.238
655.000 18.003
660.000 21.610
665.000 17.782
670.000 42.929
675.000 35.679
680.000 39.154
685.000 31.929
690.000 32.210
695.000 82.759
700.000 44.255
705.000 48.216
710.000 50.638
715.000 44.707
720.000 74.203
725.000 104.029
730.000 39.278
735.000 41.200
740.000 33.015
745.000 37.727
750.000 20.838
755.000 24.616
760.000 27.481
765.000 52.625
770.000 26.198
775.000 15.305
780.000 14.179
785.000 18.552
790.000 20.804
795.000 23.551
800.000 15.968
805.000 14.532
810.000 21.452
815.000 10.348
820.000 29.020
825.000 24.339
830.000 13.509
835.000 18.112
840.000 18.241
845.000 7.080
850.000 74.493
855.000 62.416
860.000 13.357
865.000 10.026
870.000 21.806
875.000 20.691
880.000 37.662
885.000 27.977
890.000 9.775
895.000 10.409
900.000 12.807
905.000 6.467
910.000 8.456
915.000 11.876
920.000 15.772
925.000 13.586
930.000 16.028
935.000 19.364
940.000 18.132
945.000 21.042
950.000 24.443
955.000 24.962
960.000 22.075
965.000 14.243
970.000 11.022
975.000 13.158
980.000 9.424
985.000 12.019
990.000 12.376
995.000 16.827
1000.000 19.630
1005.000 13.600
1010.000 3.823
1015.000 9.627
1020.000 12.700
1025.000 8.903
1030.000 8.330
1035.000 12.164
1040.000 20.762
1045.000 16.740
1050.000 5.687
1055.000 5.828
1060.000 9.905
1065.000 24.618
1070.000 8.383
1075.000 6.498
1080.000 6.032
1085.000 4.799
1090.000 5.381
1095.000 4.424
1100.000 5.312
1105.000 4.502
1110.000 4.844
1115.000 5.670
1120.000 7.453
1125.000 5.791
1130.000 6.802
1135.000 15.883
1140.000 11.300
1145.000 10.494
1150.000 11.867
1155.000 14.011
1160.000 15.601
1165.000 21.431
1170.000 27.095
1175.000 28.944
1180.000 31.890
1185.000 26.129
1190.000 24.456
1195.000 19.594
1200.000 17.569
1205.000 14.053
1210.000 15.233
1215.000 16.488
1220.000 10.971
1225.000 11.761
1230.000 11.617
1235.000 10.497
1240.000 9.810
1245.000 10.092
1250.000 9.705
1255.000 9.151
1260.000 6.933
1265.000 12.422
1270.000 10.760
1275.000 15.043
1280.000 23.080
1285.000 11.095
1290.000 9.583
1295.000 18.031
1300.000 17.442
1305.000 12.673
1310.000 14.396
1315.000 14.305
1320.000 11.100
1325.000 11.738
1330.000 12.943
1335.000 11.946
1340.000 16.382
1345.000 16.526
1350.000 19.003
1355.000 9.816
1360.000 30.734
1365.000 25.694
1370.000 31.269
1375.000 34.170
1380.000 30.402
1385.000 50.908
1390.000 47.398
1395.000 31.881
1400.000 26.192
1405.000 22.052
1410.000 18.978
1415.000 14.772
1420.000 11.403
1425.000 11.808
1430.000 17.354
1435.000 9.501
1440.000 11.944
1445.000 9.724
1450.000 10.269
1455.000 9.885
1460.000 9.288
1465.000 9.015
1470.000 9.003
1475.000 8.564
1480.000 8.496
1485.000 8.643
1490.000 8.929
1495.000 9.215
1500.000 9.382
1505.000 7.588
1510.000 5.337
1515.000 10.591
1520.000 11.647
1525.000 11.960
1530.000 14.993
1535.000 14.060
1540.000 14.016
1545.000 22.791
1550.000 21.885
1555.000 30.094
1560.000 31.719
1565.000 18.337
1570.000 11.452
1575.000 10.827
1580.000 9.170
1585.000 7.420
1590.000 7.996
1595.000 6.797
1600.000 5.947
1605.000 9.614
1610.000 14.680
1615.000 12.691
1620.000 8.466
1625.000 13.644
1630.000 2.272
1635.000 2.780
1640.000 2.948
1645.000 2.530
1650.000 2.452
1655.000 2.270
1660.000 4.839
1665.000 2.396
1670.000 2.338
1675.000 5.400
1680.000 2.086
1685.000 1.800
1690.000 1.844
1695.000 10.994
1700.000 1.931
1705.000 2.440
1710.000 1.493
1715.000 1.649
1720.000 2.039
1725.000 2.665
1730.000 2.420
1735.000 1.994
1740.000 1.985
1745.000 1.333
1750.000 2.328
1755.000 3.485
1760.000 2.386
1765.000 1.030
1770.000 1.024
1775.000 2.086
1780.000 1.301
1785.000 9.457
1790.000 6.429
1795.000 9.847
1800.000 16.293
1805.000 3.763
1810.000 2.149
1815.000 1.007
1820.000 1.087
1825.000 1.035
1830.000 1.204
1835.000 1.113
1840.000 1.189
1845.000 1.018
1850.000 1.223
1855.000 1.174
1860.000 1.019
1865.000 1.045
1870.000 1.111
1875.000 1.233
1880.000 0.986
1885.000 1.079
1890.000 1.188
1895.000 1.400
1900.000 1.341
1905.000 1.037
1910.000 1.257
1915.000 1.163
1920.000 1.294
1925.000 1.272
1930.000 1.897
1935.000 3.424
1940.000 1.553
1945.000 1.376
1950.000 1.326
1955.000 1.844
1960.000 3.839
1965.000 2.736
1970.000 8.503
1975.000 1.522
1980.000 1.252
1985.000 3.653
1990.000 4.960
1995.000 1.421
2000.000 1.360
2005.000 1.590
2010.000 1.884
2015.000 1.579
2020.000 1.505
2025.000 1.746
2030.000 1.825
2035.000 1.715
2040.000 1.771
2045.000 1.856
2050.000 1.742
2055.000 1.877
2060.000 2.173
2065.000 1.990
2070.000 1.968
2075.000 2.470
2080.000 4.715
2085.000 5.932
2090.000 5.230
2095.000 2.800
2100.000 2.083
2105.000 2.710
2110.000 2.787
2115.000 3.060
2120.000 3.105
2125.000 3.526
2130.000 3.778
2135.000 3.769
2140.000 3.961
2145.000 4.187
2150.000 4.337
2155.000 5.012
2160.000 5.020
2165.000 5.496
2170.000 4.871
2175.000 6.004
2180.000 6.834
2185.000 7.282
2190.000 8.003
2195.000 8.483
2200.000 10.240
2205.000 9.470
2210.000 10.437
2215.000 11.263
2220.000 12.336
2225.000 12.044
2230.000 18.815
2235.000 20.586
2240.000 24.234
2245.000 26.511
2250.000 32.934
2255.000 41.488
2260.000 47.267
2265.000 61.906
2270.000 70.959
2275.000 37.721
2280.000 59.522
2285.000 76.057
2290.000 81.022
2295.000 83.619
2300.000 103.425
2305.000 110.116
2310.000 109.640
2315.000 106.665
2320.000 103.725
2325.000 75.540
2330.000 68.117
2335.000 93.982
2340.000 57.303
2345.000 80.295
2350.000 71.072
2355.000 87.101
2360.000 106.475
2365.000 128.935
2370.000 134.135
2375.000 138.525
2380.000 117.001
2385.000 132.080
2390.000 113.374
2395.000 111.384
2400.000 101.620
2405.000 90.818
2410.000 67.422
2415.000 52.601
2420.000 72.353
2425.000 62.722
2430.000 55.000
2435.000 62.615
2440.000 54.436
2445.000 59.118
2450.000 57.919
2455.000 57.202
2460.000 57.627
2465.000 57.938
2470.000 58.570
2475.000 60.598
2480.000 63.661
2485.000 65.010
2490.000 69.180
2495.000 72.511
2500.000 79.853
2505.000 88.155
2510.000 91.917
2515.000 106.161
2520.000 115.244
2525.000 126.208
2530.000 95.196
2535.000 133.289
2540.000 122.934
2545.000 93.077
2550.000 113.681
2555.000 97.379
2560.000 85.654
2565.000 66.569
2570.000 65.805
2575.000 62.146
2580.000 55.444
2585.000 52.172
2590.000 48.561
2595.000 45.814
2600.000 19.760
2605.000 36.630
2610.000 37.426
2615.000 22.779
2620.000 22.124
2625.000 30.093
2630.000 35.610
2635.000 35.857
2640.000 36.170
2645.000 35.530
2650.000 27.434
2655.000 22.494
2660.000 23.994
2665.000 18.917
2670.000 35.672
2675.000 43.213
2680.000 43.296
2685.000 50.458
2690.000 55.723
2695.000 57.590
2700.000 64.765
2705.000 73.942
2710.000 86.244
2715.000 96.206
2720.000 102.916
2725.000 117.364
2730.000 115.246
2735.000 91.998
2740.000 85.977
2745.000 72.114
2750.000 62.356
2755.000 56.886
2760.000 46.543
2765.000 42.144
2770.000 39.166
2775.000 36.298
2780.000 34.687
2785.000 31.718
2790.000 29.782
2795.000 28.762
2800.000 27.432
2805.000 26.936
2810.000 25.838
2815.000 20.767
2820.000 14.393
2825.000 12.566
2830.000 12.538
2835.000 12.784
2840.000 23.933
2845.000 24.493
2850.000 25.427
2855.000 25.917
2860.000 27.020
2865.000 28.619
2870.000 29.042
2875.000 32.257
2880.000 33.760
2885.000 37.763
2890.000 42.826
2895.000 46.106
2900.000 53.245
2905.000 58.685
2910.000 71.020
2915.000 78.866
2920.000 86.060
2925.000 86.308
2930.000 79.389
2935.000 63.369
2940.000 50.259
2945.000 45.425
2950.000 37.295
2955.000 34.908
2960.000 30.509
2965.000 26.948
2970.000 25.538
2975.000 23.615
2980.000 22.347
2985.000 20.967
2990.000 19.685
2995.000 19.266
3000.000 18.351
3005.000 18.193
3010.000 17.750
3015.000 17.407
3020.000 17.418
3025.000 17.654
3030.000 17.738
3035.000 17.894
3040.000 18.575
3045.000 18.895
3050.000 20.005
3055.000 20.545
3060.000 22.131
3065.000 24.118
3070.000 25.656
3075.000 29.017
3080.000 31.318
3085.000 36.772
3090.000 43.943
3095.000 48.316
3100.000 56.658
3105.000 59.354
3110.000 58.100
3115.000 47.324
3120.000 41.915
3125.000 32.419
3130.000 29.261
3135.000 23.833
3140.000 20.419
3145.000 19.179
3150.000 16.887
3155.000 16.192
3160.000 14.729
3165.000 13.709
3170.000 13.369
3175.000 12.663
3180.000 12.529
3185.000 11.952
3190.000 11.616
3195.000 11.684
3200.000 11.631
3205.000 11.768
3210.000 11.982
3215.000 12.354
3220.000 12.779
3225.000 13.547
3230.000 14.033
3235.000 15.610
3240.000 16.400
3245.000 18.896
3250.000 22.116
3255.000 24.353
3260.000 29.023
3265.000 31.100
3270.000 33.133
3275.000 29.328
3280.000 25.749
3285.000 19.697
3290.000 17.457
3295.000 14.071
3300.000 11.661
3305.000 10.889
3310.000 9.385
3315.000 8.892
3320.000 8.087
3325.000 7.419
3330.000 7.362
3335.000 6.970
3340.000 6.781
3345.000 6.777
3350.000 6.760
3355.000 6.966
3360.000 7.349
3365.000 7.476
3370.000 8.214
3375.000 9.471
3380.000 9.957
3385.000 10.509
3390.000 10.213
3395.000 8.165
3400.000 5.569
3405.000 4.688
3410.000 3.534
3415.000 2.858
3420.000 2.262
3425.000 1.701
3430.000 1.678
3435.000 1.262
3440.000 1.110
3445.000 0.970
3450.000 0.769
3455.000 0.742
3460.000 0.514
3465.000 0.640
3470.000 0.530
3475.000 0.533
3480.000 0.444
3485.000 0.439
3490.000 0.475
3495.000 0.464
3500.000 0.327
3505.000 0.221
3510.000 0.215
3515.000 0.225
3520.000 0.323
3525.000 0.352
3530.000 0.157
3535.000 0.201
3540.000 0.214
3545.000 0.302
3550.000 0.170
3555.000 0.139
3560.000 0.153
3565.000 0.223
3570.000 0.320
3575.000 0.284
3580.000 0.314
3585.000 0.101
3590.000 0.208
3595.000 0.144
3600.000 0.180
3605.000 0.296
3610.000 0.209
3615.000 0.171
3620.000 0.226
3625.000 0.191
3630.000 0.194
3635.000 0.177
3640.000 0.256
3645.000 0.245
3650.000 0.247
3655.000 0.191
3660.000 0.249
3665.000 0.208
3670.000 0.248
3675.000 0.281
3680.000 0.219
3685.000 0.192
3690.000 0.247
3695.000 0.242
3700.000 0.264
3705.000 0.207
3710.000 0.253
3715.000 0.170
3720.000 0.197
3725.000 0.172
3730.000 0.246
3735.000 0.190
3740.000 0.198
3745.000 0.171
3750.000 0.244
3755.000 0.155
3760.000 0.196
3765.000 0.147
3770.000 0.169
3775.000 0.229
3780.000 0.221
3785.000 0.189
3790.000 0.167
3795.000 0.255
3800.000 0.220
3805.000 0.101
3810.000 0.150
3815.000 0.261
3820.000 0.175
3825.000 0.234
3830.000 0.152
3835.000 0.178
3840.000 0.186
3845.000 0.228
3850.000 0.143
3855.000 0.233
3860.000 0.217
3865.000 0.192
3870.000 0.170
3875.000 0.254
3880.000 0.229
3885.000 0.271
3890.000 0.160
3895.000 0.244
3900.000 0.223
3905.000 0.156
3910.000 0.130
3915.000 0.245
3920.000 0.220
3925.000 0.192
3930.000 0.151
3935.000 0.246
3940.000 0.125
3945.000 0.221
3950.000 0.148
3955.000 0.128
3960.000 0.151
3965.000 0.220
3970.000 0.213
3975.000 0.216
3980.000 0.201
3985.000 0.188
3990.000 0.234
3995.000 0.240
4000.000 0.132
4005.000 0.184
4010.000 0.253
4015.000 0.241
4020.000 0.250
4025.000 0.142
4030.000 0.208
4035.000 0.216
4040.000 0.121
4045.000 0.219
4050.000 0.155
4055.000 0.181
4060.000 0.115
4065.000 0.141
4070.000 0.110
4075.000 0.199
4080.000 0.218
4085.000 0.245
4090.000 0.225
4095.000 0.136
4100.000 0.113
4105.000 0.213
4110.000 0.304
4115.000 0.194
4120.000 0.169
4125.000 0.192
4130.000 0.264
4135.000 0.177
4140.000 0.191
4145.000 0.143
4150.000 0.232
4155.000 0.225
4160.000 0.200
4165.000 0.221
4170.000 0.195
4175.000 0.173
4180.000 0.236
4185.000 0.231
4190.000 0.200
4195.000 0.175
4200.000 0.263
4205.000 0.249
4210.000 0.138
4215.000 0.220
4220.000 0.152
4225.000 0.241
4230.000 0.177
4235.000 0.162
4240.000 0.298
4245.000 0.299
4250.000 0.136
4255.000 0.169
4260.000 0.213
4265.000 0.158
4270.000 0.137
4275.000 0.286
4280.000 0.232
4285.000 0.186
4290.000 0.139
4295.000 0.245
4300.000 0.236
4305.000 0.150
4310.000 0.118
4315.000 0.268
4320.000 0.191
4325.000 0.152
4330.000 0.205
4335.000 0.248
4340.000 0.171
4345.000 0.197
4350.000 0.248
4355.000 0.289
4360.000 0.220
4365.000 0.244
4370.000 0.388
4375.000 0.306
4380.000 0.257
4385.000 0.343
4390.000 0.319
4395.000 0.375
4400.000 0.338
4405.000 0.378
4410.000 0.380
4415.000 0.470
4420.000 0.472
4425.000 0.456
4430.000 0.604
4435.000 0.502
4440.000 0.722
4445.000 0.868
4450.000 0.909
4455.000 1.074
4460.000 1.153
4465.000 1.407
4470.000 1.705
4475.000 1.675
4480.000 2.157
4485.000 2.401
4490.000 3.017
4495.000 3.770
4500.000 4.192
4505.000 5.277
4510.000 6.094
4515.000 8.037
4520.000 10.842
4525.000 12.620
4530.000 17.649
4535.000 21.008
4540.000 30.882
4545.000 45.789
4550.000 55.415
4555.000 76.903
4560.000 85.437
4565.000 90.541
4570.000 86.312
4575.000 86.864
4580.000 90.167
4585.000 92.829
4590.000 105.043
4595.000 120.037
4600.000 124.827
4605.000 132.281
4610.000 135.069
4615.000 133.729
4620.000 120.571
4625.000 111.111
4630.000 94.169
4635.000 87.605
4640.000 77.710
4645.000 71.441
4650.000 69.441
4655.000 66.738
4660.000 66.227
4665.000 66.365
4670.000 68.436
4675.000 69.887
4680.000 74.658
4685.000 78.140
4690.000 87.282
4695.000 99.015
4700.000 106.180
4705.000 118.900
4710.000 127.877
4715.000 134.802
4720.000 133.571
4725.000 133.037
4730.000 114.302
4735.000 105.079
4740.000 87.434
4745.000 79.883
4750.000 68.348
4755.000 60.431
4760.000 57.261
4765.000 52.380
4770.000 50.446
4775.000 47.678
4780.000 45.550
4785.000 45.156
4790.000 44.410
4795.000 44.650
4800.000 44.964
4805.000 46.378
4810.000 47.308
4815.000 50.077
4820.000 54.044
4825.000 56.790
4830.000 63.287
4835.000 67.326
4840.000 78.029
4845.000 90.759
4850.000 98.930
4855.000 112.615
4860.000 116.373
4865.000 113.379
4870.000 92.911
4875.000 85.268
4880.000 68.375
4885.000 61.939
4890.000 51.919
4895.000 44.931
4900.000 42.232
4905.000 38.034
4910.000 36.311
4915.000 33.533
4920.000 31.560
4925.000 30.885
4930.000 29.870
4935.000 29.230
4940.000 29.024
4945.000 28.930
4950.000 29.058
4955.000 29.741
4960.000 30.233
4965.000 31.405
4970.000 33.698
4975.000 35.159
4980.000 38.856
4985.000 41.372
4990.000 46.866
4995.000 54.752
5000.000 59.477
5005.000 70.005
5010.000 75.552
5015.000 79.749
5020.000 75.175
5025.000 66.142
5030.000 52.682
5035.000 47.271
5040.000 38.798
5045.000 35.755
5050.000 30.670
5055.000 27.080
5060.000 25.721
5065.000 23.488
5070.000 22.747
5075.000 21.076
5080.000 20.128
5085.000 19.885
5090.000 19.355
5095.000 19.235
5100.000 19.228
5105.000 19.480
5110.000 19.757
5115.000 20.588
5120.000 21.334
5125.000 22.762
5130.000 25.057
5135.000 26.463
5140.000 29.959
5145.000 32.256
5150.000 37.820
5155.000 42.643
5160.000 44.795
5165.000 44.794
5170.000 42.398
5175.000 34.799
5180.000 27.591
5185.000 24.905
5190.000 20.654
5195.000 19.068
5200.000 16.559
5205.000 14.744
5210.000 14.097
5215.000 12.865
5220.000 12.671
5225.000 11.836
5230.000 11.553
5235.000 11.527
5240.000 11.483
5245.000 11.424
5250.000 11.959
5255.000 12.688
5260.000 13.015
5265.000 14.469
5270.000 15.128
5275.000 17.375
5280.000 19.837
5285.000 20.747
5290.000 21.947
5295.000 21.565
5300.000 18.255
5305.000 14.402
5310.000 12.565
5315.000 10.125
5320.000 9.413
5325.000 7.922
5330.000 7.572
5335.000 6.683
5340.000 6.274
5345.000 6.013
5350.000 5.881
5355.000 5.883
5360.000 5.950
5365.000 6.136
5370.000 6.231
5375.000 6.270
5380.000 6.176
5385.000 5.532
5390.000 4.170
5395.000 3.423
5400.000 2.255
5405.000 1.925
5410.000 1.403
5415.000 1.157
5420.000 1.016
5425.000 0.659
5430.000 0.770
5435.000 0.512
5440.000 0.458
5445.000 0.464
5450.000 0.388
5455.000 0.353
5460.000 0.311
5465.000 0.283
5470.000 0.354
5475.000 0.297
5480.000 0.181
5485.000 0.169
5490.000 0.268
5495.000 0.192
5500.000 0.156
5505.000 0.223
5510.000 0.288
5515.000 0.139
5520.000 0.250
5525.000 0.233
5530.000 0.113
5535.000 0.143
5540.000 0.198
5545.000 0.140
5550.000 0.297
5555.000 0.159
5560.000 0.157
5565.000 0.114
5570.000 0.109
5575.000 0.252
5580.000 0.159
5585.000 0.202
5590.000 0.213
5595.000 0.192
5600.000 0.185
5605.000 0.164
5610.000 0.134
5615.000 0.142
5620.000 0.170
5625.000 0.172
5630.000 0.225
5635.000 0.118
5640.000 0.147
5645.000 0.122
5650.000 0.179
5655.000 0.166
5660.000 0.125
5665.000 0.154
5670.000 0.178
5675.000 0.169
5680.000 0.196
5685.000 0.224
5690.000 0.230
5695.000 0.146
5700.000 0.176
5705.000 0.169
5710.000 0.137
5715.000 0.222
5720.000 0.162
5725.000 0.214
5730.000 0.116
5735.000 0.179
5740.000 0.212
5745.000 0.161
5750.000 0.258
5755.000 0.208
5760.000 0.203
5765.000 0.225
5770.000 0.157
5775.000 0.166
5780.000 0.215
5785.000 0.179
5790.000 0.171
5795.000 0.240
5800.000 0.184
5805.000 0.235
5810.000 0.090
5815.000 0.196
5820.000 0.234
5825.000 0.187
5830.000 0.232
5835.000 0.348
5840.000 0.254
5845.000 0.282
5850.000 0.271
5855.000 0.179
5860.000 0.197
5865.000 0.166
5870.000 0.172
5875.000 0.185
5880.000 0.166
5885.000 0.153
5890.000 0.209
5895.000 0.299
5900.000 0.263
5905.000 0.238
5910.000 0.230
5915.000 0.213
5920.000 0.242
5925.000 0.105
5930.000 0.280
5935.000 0.212
5940.000 0.113
5945.000 0.245
5950.000 0.240
5955.000 0.250
5960.000 0.152
5965.000 0.252
5970.000 0.203
5975.000 0.099
5980.000 0.205
5985.000 0.168
5990.000 0.155
5995.000 0.163
6000.000 0.205
6005.000 0.319
6010.000 0.158
6015.000 0.122
6020.000 0.292
6025.000 0.137
6030.000 0.196
6035.000 0.237
6040.000 0.259
6045.000 0.225
6050.000 0.218
6055.000 0.312
6060.000 0.220
6065.000 0.248
6070.000 0.249
6075.000 0.229
6080.000 0.199
6085.000 0.094
6090.000 0.198
6095.000 0.195
6100.000 0.199
6105.000 0.180
6110.000 0.257
6115.000 0.163
6120.000 0.145
6125.000 0.164
6130.000 0.196
6135.000 0.220
6140.000 0.211
6145.000 0.167
6150.000 0.240
6155.000 0.168
6160.000 0.113
6165.000 0.185
6170.000 0.182
6175.000 0.183
6180.000 0.233
6185.000 0.153
6190.000 0.158
6195.000 0.166
6200.000 0.293
6205.000 0.192
6210.000 0.121
6215.000 0.200
6220.000 0.094
6225.000 0.364
6230.000 0.196
6235.000 0.217
6240.000 0.208
6245.000 0.248
6250.000 0.178
6255.000 0.170
6260.000 0.212
6265.000 0.210
6270.000 0.144
6275.000 0.192
6280.000 0.216
6285.000 0.239
6290.000 0.154
6295.000 0.163
6300.000 0.191
6305.000 0.140
6310.000 0.167
6315.000 0.163
6320.000 0.111
6325.000 0.086
6330.000 0.180
6335.000 0.242
6340.000 0.120
6345.000 0.296
6350.000 0.264
6355.000 0.126
6360.000 0.195
6365.000 0.146
6370.000 0.170
6375.000 0.104
6380.000 0.146
6385.000 0.179
6390.000 0.219
6395.000 0.164
6400.000 0.198
6405.000 0.149
6410.000 0.189
6415.000 0.236
6420.000 0.264
6425.000 0.177
6430.000 0.181
6435.000 0.235
6440.000 0.185
6445.000 0.200
6450.000 0.149
6455.000 0.238
6460.000 0.077
6465.000 0.147
6470.000 0.175
6475.000 0.166
6480.000 0.156
6485.000 0.135
6490.000 0.187
6495.000 0.160
6500.000 0.200
6505.000 0.117
6510.000 0.203
6515.000 0.190
6520.000 0.145
6525.000 0.193
6530.000 0.140
6535.000 0.080
6540.000 0.202
6545.000 0.125
6550.000 0.178
6555.000 0.231
6560.000 0.154
6565.000 0.185
6570.000 0.117
6575.000 0.193
6580.000 0.280
6585.000 0.110
6590.000 0.185
6595.000 0.149
6600.000 0.161
6605.000 0.214
6610.000 0.107
6615.000 0.269
6620.000 0.176
6625.000 0.133
6630.000 0.204
6635.000 0.193
6640.000 0.240
6645.000 0.141
6650.000 0.190
6655.000 0.166
6660.000 0.152
6665.000 0.175
6670.000 0.200
6675.000 0.182
6680.000 0.199
6685.000 0.151
6690.000 0.164
6695.000 0.306
6700.000 0.141
6705.000 0.356
6710.000 0.369
6715.000 0.274
6720.000 0.229
6725.000 0.403
6730.000 0.344
6735.000 0.505
6740.000 0.504
6745.000 0.536
6750.000 0.568
6755.000 0.668
6760.000 0.999
6765.000 1.062
6770.000 1.394
6775.000 1.515
6780.000 2.149
6785.000 2.808
6790.000 3.167
6795.000 4.627
6800.000 5.576
6805.000 8.057
6810.000 12.063
6815.000 14.705
6820.000 20.353
6825.000 22.935
6830.000 25.722
6835.000 27.183
6840.000 28.065
6845.000 31.231
6850.000 33.077
6855.000 38.649
6860.000 42.177
6865.000 45.283
6870.000 43.477
6875.000 40.559
6880.000 35.358
6885.000 30.977
6890.000 29.379
6895.000 27.433
6900.000 26.812
6905.000 26.435
6910.000 24.304
6915.000 27.818
6920.000 30.175
6925.000 31.577
6930.000 35.770
6935.000 41.518
6940.000 44.588
6945.000 49.472
6950.000 50.444
6955.000 48.044
6960.000 40.474
6965.000 36.684
6970.000 30.729
6975.000 28.416
6980.000 25.079
6985.000 22.669
6990.000 21.773
6995.000 20.738
7000.000 20.215
7005.000 19.993
7010.000 20.181
7015.000 20.472
7020.000 21.285
7025.000 22.007
7030.000 23.688
7035.000 26.354
7040.000 28.071
7045.000 32.025
7050.000 34.820
7055.000 39.685
7060.000 42.719
7065.000 42.726
7070.000 38.682
7075.000 35.541
7080.000 29.274
7085.000 24.495
7090.000 22.539
7095.000 19.703
7100.000 18.632
7105.000 17.078
7110.000 16.400
7115.000 15.556
7120.000 14.937
7125.000 14.818
7130.000 14.796
7135.000 14.778
7140.000 15.384
7145.000 15.776
7150.000 15.196
7155.000 17.791
7160.000 18.594
7165.000 20.880
7170.000 23.958
7175.000 25.613
7180.000 29.157
7185.000 30.628
7190.000 31.574
7195.000 29.241
7200.000 27.222
7205.000 22.601
7210.000 20.570
7215.000 17.327
7220.000 15.043
7225.000 14.194
7230.000 12.887
7235.000 12.387
7240.000 11.548
7245.000 11.068
7250.000 10.848
7255.000 10.698
7260.000 10.764
7265.000 10.957
7270.000 11.586
7275.000 11.865
7280.000 12.710
7285.000 13.311
7290.000 14.877
7295.000 16.835
7300.000 17.799
7305.000 19.647
7310.000 20.179
7315.000 19.520
7320.000 17.172
7325.000 15.665
7330.000 12.967
7335.000 11.749
7340.000 10.122
7345.000 8.828
7350.000 8.500
7355.000 7.748
7360.000 7.358
7365.000 6.975
7370.000 6.998
7375.000 6.981
7380.000 7.063
7385.000 7.160
7390.000 7.401
7395.000 8.220
7400.000 8.514
7405.000 9.340
7410.000 9.655
7415.000 9.963
7420.000 9.225
7425.000 8.634
7430.000 7.023
7435.000 6.299
7440.000 5.130
7445.000 4.394
7450.000 4.074
7455.000 3.676
7460.000 3.485
7465.000 3.322
7470.000 3.175
7475.000 3.198
7480.000 3.059
7485.000 3.008
7490.000 2.700
7495.000 2.206
7500.000 1.913
7505.000 1.303
7510.000 1.059
7515.000 0.843
7520.000 0.586
7525.000 0.441
7530.000 0.413
7535.000 0.306
7540.000 0.261
7545.000 0.223
7550.000 0.356
7555.000 0.246
7560.000 0.275
7565.000 0.181
7570.000 0.199
7575.000 0.138
7580.000 0.133
7585.000 0.234
7590.000 0.098
7595.000 0.119
7600.000 0.183
7605.000 0.217
7610.000 0.194
7615.000 0.146
7620.000 0.128
7625.000 0.155
7630.000 0.184
7635.000 0.131
7640.000 0.107
7645.000 0.164
7650.000 0.128
7655.000 0.089
7660.000 0.179
7665.000 0.151
7670.000 0.173
7675.000 0.172
7680.000 0.165
7685.000 0.204
7690.000 0.134
7695.000 0.166
7700.000 0.215
7705.000 0.178
7710.000 0.095
7715.000 0.127
7720.000 0.142
7725.000 0.099
7730.000 0.195
7735.000 0.189
7740.000 0.135
7745.000 0.101
7750.000 0.211
7755.000 0.155
7760.000 0.228
7765.000 0.184
7770.000 0.172
7775.000 0.183
7780.000 0.179
7785.000 0.195
7790.000 0.151
7795.000 0.194
7800.000 0.214
7805.000 0.159
7810.000 0.148
7815.000 0.145
7820.000 0.133
7825.000 0.098
7830.000 0.194
7835.000 0.210
7840.000 0.175
7845.000 0.203
7850.000 0.169
7855.000 0.203
7860.000 0.206
7865.000 0.109
7870.000 0.100
7875.000 0.219
7880.000 0.128
7885.000 0.143
7890.000 0.197
7895.000 0.104
7900.000 0.157
7905.000 0.123
7910.000 0.153
7915.000 0.144
7920.000 0.156
7925.000 0.168
7930.000 0.150
7935.000 0.201
7940.000 0.112
7945.000 0.150
7950.000 0.156
7955.000 0.131
7960.000 0.249
7965.000 0.175
7970.000 0.083
7975.000 0.212
7980.000 0.264
7985.000 0.205
7990.000 0.149
7995.000 0.192
8000.000 0.119
8005.000 0.158
8010.000 0.119
8015.000 0.150
8020.000 0.201
8025.000 0.125
8030.000 0.160
8035.000 0.170
8040.000 0.170
8045.000 0.218
8050.000 0.214
8055.000 0.203
8060.000 0.119
8065.000 0.184
8070.000 0.216
8075.000 0.133
8080.000 0.121
8085.000 0.101
8090.000 0.150
8095.000 0.193
8100.000 0.169
8105.000 0.168
8110.000 0.178
8115.000 0.230
8120.000 0.139
8125.000 0.169
8130.000 0.139
8135.000 0.098
8140.000 0.179
8145.000 0.149
8150.000 0.117
8155.000 0.142
8160.000 0.176
8165.000 0.140
8170.000 0.178
8175.000 0.161
8180.000 0.141
8185.000 0.110
8190.000 0.182
8195.000 0.108
8200.000 0.133
8205.000 0.120
8210.000 0.120
8215.000 0.145
8220.000 0.220
8225.000 0.212
8230.000 0.181
8235.000 0.160
8240.000 0.212
8245.000 0.171
8250.000 0.095
8255.000 0.141
8260.000 0.119
8265.000 0.163
8270.000 0.158
8275.000 0.218
8280.000 0.190
8285.000 0.185
8290.000 0.122
8295.000 0.122
8300.000 0.218
8305.000 0.111
8310.000 0.203
8315.000 0.202
8320.000 0.082
8325.000 0.124
8330.000 0.192
8335.000 0.134
8340.000 0.194
8345.000 0.138
8350.000 0.201
8355.000 0.267
8360.000 0.180
8365.000 0.161
8370.000 0.129
8375.000 0.137
8380.000 0.121
8385.000 0.181
8390.000 0.166
8395.000 0.099
8400.000 0.179
8405.000 0.209
8410.000 0.074
8415.000 0.121
8420.000 0.173
8425.000 0.144
8430.000 0.148
8435.000 0.104
8440.000 0.194
8445.000 0.151
8450.000 0.172
8455.000 0.176
8460.000 0.164
8465.000 0.157
8470.000 0.190
8475.000 0.163
8480.000 0.131
8485.000 0.182
8490.000 0.161
8495.000 0.225
8500.000 0.139
8505.000 0.144
8510.000 0.142
8515.000 0.111
8520.000 0.116
8525.000 0.158
8530.000 0.184
8535.000 0.098
8540.000 0.116
8545.000 0.131
8550.000 0.194
8555.000 0.137
8560.000 0.153
8565.000 0.130
8570.000 0.140
8575.000 0.110
8580.000 0.160
8585.000 0.188
8590.000 0.188
8595.000 0.151
8600.000 0.114
8605.000 0.183
8610.000 0.143
8615.000 0.218
8620.000 0.219
8625.000 0.089
8630.000 0.145
8635.000 0.105
8640.000 0.126
8645.000 0.236
8650.000 0.166
8655.000 0.093
8660.000 0.205
8665.000 0.241
8670.000 0.159
8675.000 0.103
8680.000 0.179
8685.000 0.123
8690.000 0.137
8695.000 0.132
8700.000 0.134
8705.000 0.169
8710.000 0.142
8715.000 0.217
8720.000 0.132
8725.000 0.124
8730.000 0.080
8735.000 0.182
8740.000 0.169
8745.000 0.111
8750.000 0.172
8755.000 0.171
8760.000 0.166
8765.000 0.133
8770.000 0.159
8775.000 0.090
8780.000 0.140
8785.000 0.119
8790.000 0.187
8795.000 0.127
8800.000 0.196
8805.000 0.120
8810.000 0.191
8815.000 0.256
8820.000 0.109
8825.000 0.105
8830.000 0.111
8835.000 0.141
8840.000 0.183
8845.000 0.194
8850.000 0.182
8855.000 0.121
8860.000 0.143
8865.000 0.093
8870.000 0.138
8875.000 0.156
8880.000 0.129
8885.000 0.125
8890.000 0.192
8895.000 0.275
8900.000 0.157
8905.000 0.206
8910.000 0.149
8915.000 0.110
8920.000 0.113
8925.000 0.165
8930.000 0.159
8935.000 0.163
8940.000 0.194
8945.000 0.186
8950.000 0.155
8955.000 0.155
8960.000 0.236
8965.000 0.211
8970.000 0.216
8975.000 0.143
8980.000 0.200
8985.000 0.217
8990.000 0.332
8995.000 0.313
9000.000 0.285
9005.000 0.326
9010.000 0.395
9015.000 0.331
9020.000 0.516
9025.000 0.561
9030.000 0.661
9035.000 0.869
9040.000 0.972
9045.000 1.421
9050.000 2.000
9055.000 2.443
9060.000 3.412
9065.000 4.258
9070.000 6.051
9075.000 7.886
9080.000 8.668
9085.000 9.687
9090.000 10.145
9095.000 11.455
9100.000 12.556
9105.000 12.859
9110.000 15.969
9115.000 16.476
9120.000 17.443
9125.000 16.447
9130.000 15.699
9135.000 14.417
9140.000 13.919
9145.000 13.234
9150.000 13.191
9155.000 13.388
9160.000 14.000
9165.000 14.547
9170.000 16.155
9175.000 17.012
9180.000 19.078
9185.000 21.057
9190.000 21.659
9195.000 21.570
9200.000 20.779
9205.000 18.450
9210.000 16.099
9215.000 15.155
9220.000 13.563
9225.000 13.067
9230.000 12.253
9235.000 11.882
9240.000 11.874
9245.000 11.851
9250.000 12.123
9255.000 12.545
9260.000 13.474
9265.000 14.252
9270.000 15.719
9275.000 16.475
9280.000 18.503
9285.000 20.124
9290.000 20.667
9295.000 20.671
9300.000 19.879
9305.000 17.711
9310.000 15.382
9315.000 14.283
9320.000 12.561
9325.000 11.870
9330.000 10.904
9335.000 10.222
9340.000 9.962
9345.000 9.686
9350.000 9.673
9355.000 9.788
9360.000 10.195
9365.000 10.377
9370.000 11.051
9375.000 11.521
9380.000 12.658
9385.000 14.008
9390.000 14.792
9395.000 15.993
9400.000 16.451
9405.000 16.131
9410.000 14.578
9415.000 13.487
9420.000 11.524
9425.000 10.777
9430.000 9.443
9435.000 8.399
9440.000 8.124
9445.000 7.503
9450.000 7.327
9455.000 7.124
9460.000 6.273
9465.000 6.940
9470.000 7.258
9475.000 7.394
9480.000 7.201
9485.000 8.485
9490.000 8.810
9495.000 9.552
9500.000 9.971
9505.000 10.742
9510.000 10.810
9515.000 10.431
9520.000 9.293
9525.000 8.540
9530.000 7.397
9535.000 6.387
9540.000 5.897
9545.000 5.450
9550.000 4.432
9555.000 4.926
9560.000 4.750
9565.000 4.777
9570.000 4.756
9575.000 4.778
9580.000 5.022
9585.000 5.175
9590.000 5.211
9595.000 5.540
9600.000 5.565
9605.000 5.400
9610.000 4.713
9615.000 4.456
9620.000 3.734
9625.000 3.358
9630.000 2.832
9635.000 2.611
9640.000 2.448
9645.000 2.179
9650.000 2.097
9655.000 1.899
9660.000 1.779
9665.000 1.687
9670.000 1.424
9675.000 1.307
9680.000 0.958
9685.000 0.798
9690.000 0.554
9695.000 0.437
9700.000 0.447
9705.000 0.282
9710.000 0.206
9715.000 0.226
9720.000 0.165
9725.000 0.198
9730.000 0.204
9735.000 0.135
9740.000 0.146
9745.000 0.181
9750.000 0.215
9755.000 0.086
9760.000 0.170
9765.000 0.262
9770.000 0.151
9775.000 0.110
9780.000 0.122
9785.000 0.127
9790.000 0.154
9795.000 0.121
9800.000 0.137
9805.000 0.244
9810.000 0.119
9815.000 0.084
9820.000 0.135
9825.000 0.126
9830.000 0.155
9835.000 0.167
9840.000 0.135
9845.000 0.168
9850.000 0.129
9855.000 0.117
9860.000 0.137
9865.000 0.142
9870.000 0.208
9875.000 0.161
9880.000 0.143
9885.000 0.143
9890.000 0.157
9895.000 0.146
9900.000 0.130
9905.000 0.245
9910.000 0.116
9915.000 0.110
9920.000 0.114
9925.000 0.208
9930.000 0.152
9935.000 0.169
9940.000 0.172
9945.000 0.169
9950.000 0.163
9955.000 0.120
9960.000 0.182
9965.000 0.148
9970.000 0.145
9975.000 0.155
9980.000 0.101
9985.000 0.127
9990.000 0.138
9995.000 0.125
10000.000 0.164
10005.000 0.114
10010.000 0.130
10015.000 0.157
10020.000 0.178
10025.000 0.134
10030.000 0.063
10035.000 0.119
10040.000 0.134
10045.000 0.162
10050.000 0.089
10055.000 0.161
10060.000 0.176
10065.000 0.153
10070.000 0.174
10075.000 0.184
10080.000 0.139
10085.000 0.181
10090.000 0.148
10095.000 0.157
10100.000 0.115
10105.000 0.166
10110.000 0.138
10115.000 0.142
10120.000 0.146
10125.000 0.168
10130.000 0.098
10135.000 0.185
10140.000 0.177
10145.000 0.147
10150.000 0.104
10155.000 0.180
10160.000 0.216
10165.000 0.169
10170.000 0.149
10175.000 0.127
10180.000 0.140
10185.000 0.216
10190.000 0.123
10195.000 0.148
10200.000 0.074
10205.000 0.128
10210.000 0.196
10215.000 0.090
10220.000 0.107
10225.000 0.118
10230.000 0.229
10235.000 0.117
10240.000 0.125
10245.000 0.154
10250.000 0.104
10255.000 0.099
10260.000 0.193
10265.000 0.093
10270.000 0.142
10275.000 0.124
10280.000 0.160
10285.000 0.208
10290.000 0.140
10295.000 0.099
10300.000 0.195
10305.000 0.119
10310.000 0.145
10315.000 0.091
10320.000 0.204
10325.000 0.118
10330.000 0.169
10335.000 0.086
10340.000 0.179
10345.000 0.187
10350.000 0.150
10355.000 0.082
10360.000 0.179
10365.000 0.164
10370.000 0.159
10375.000 0.082
10380.000 0.145
10385.000 0.202
10390.000 0.098
10395.000 0.102
10400.000 0.158
10405.000 0.150
10410.000 0.136
10415.000 0.130
10420.000 0.130
10425.000 0.150
10430.000 0.064
10435.000 0.178
10440.000 0.132
10445.000 0.101
10450.000 0.084
10455.000 0.199
10460.000 0.111
10465.000 0.212
10470.000 0.146
10475.000 0.127
10480.000 0.201
10485.000 0.171
10490.000 0.128
10495.000 0.191
10500.000 0.134
10505.000 0.163
10510.000 0.174
10515.000 0.186
10520.000 0.098
10525.000 0.147
10530.000 0.131
10535.000 0.102
10540.000 0.113
10545.000 0.098
10550.000 0.141
10555.000 0.098
10560.000 0.156
10565.000 0.135
10570.000 0.070
10575.000 0.130
10580.000 0.087
10585.000 0.146
10590.000 0.138
10595.000 0.216
10600.000 0.141
10605.000 0.075
10610.000 0.132
10615.000 0.133
10620.000 0.121
10625.000 0.116
10630.000 0.124
10635.000 0.089
10640.000 0.156
10645.000 0.163
10650.000 0.156
10655.000 0.215
10660.000 0.163
10665.000 0.212
10670.000 0.140
10675.000 0.212
10680.000 0.145
10685.000 0.144
10690.000 0.171
10695.000 0.129
10700.000 0.354
10705.000 0.334
10710.000 0.117
10715.000 0.141
10720.000 0.145
10725.000 0.376
10730.000 0.159
10735.000 0.183
10740.000 0.171
10745.000 0.224
10750.000 0.155
10755.000 0.237
10760.000 0.128
10765.000 0.118
10770.000 0.133
10775.000 0.118
10780.000 0.178
10785.000 0.098
10790.000 0.139
10795.000 0.164
10800.000 0.149
10805.000 0.225
10810.000 0.120
10815.000 0.214
10820.000 0.139
10825.000 0.183
10830.000 0.141
10835.000 0.103
10840.000 0.097
10845.000 0.112
10850.000 0.121
10855.000 0.092
10860.000 0.151
10865.000 0.099
10870.000 0.182
10875.000 0.167
10880.000 0.135
10885.000 0.152
10890.000 0.212
10895.000 0.136
10900.000 0.095
10905.000 0.088
10910.000 0.139
10915.000 0.180
10920.000 0.104
10925.000 0.162
10930.000 0.190
10935.000 0.125
10940.000 0.111
10945.000 0.097
10950.000 0.154
10955.000 0.074
10960.000 0.184
10965.000 0.074
10970.000 0.160
10975.000 0.168
10980.000 0.143
10985.000 0.138
10990.000 0.221
10995.000 0.120
11000.000 0.121
11005.000 0.180
11010.000 0.135
11015.000 0.101
11020.000 0.112
11025.000 0.103
11030.000 0.099
11035.000 0.122
11040.000 0.119
11045.000 0.089
11050.000 0.168
11055.000 0.154
11060.000 0.172
11065.000 0.099
11070.000 0.132
11075.000 0.210
11080.000 0.109
11085.000 0.110
11090.000 0.067
11095.000 0.151
11100.000 0.121
11105.000 0.173
11110.000 0.249
11115.000 0.182
11120.000 0.140
11125.000 0.060
11130.000 0.162
11135.000 0.160
11140.000 0.132
11145.000 0.136
11150.000 0.173
11155.000 0.171
11160.000 0.095
11165.000 0.176
11170.000 0.095
11175.000 0.143
11180.000 0.142
11185.000 0.137
11190.000 0.124
11195.000 0.120
11200.000 0.237
11205.000 0.167
11210.000 0.174
11215.000 0.255
11220.000 0.177
11225.000 0.198
11230.000 0.218
11235.000 0.134
11240.000 0.247
11245.000 0.247
11250.000 0.365
11255.000 0.360
11260.000 0.377
11265.000 0.587
11270.000 0.741
11275.000 1.029
11280.000 1.281
11285.000 1.688
11290.000 2.389
11295.000 2.638
11300.000 3.405
11305.000 3.509
11310.000 3.995
11315.000 4.492
11320.000 4.791
11325.000 5.595
11330.000 5.987
11335.000 6.960
11340.000 7.660
11345.000 7.815
11350.000 7.810
11355.000 7.633
11360.000 7.069
11365.000 6.697
11370.000 6.595
11375.000 6.529
11380.000 6.584
11385.000 6.927
11390.000 7.460
11395.000 7.676
11400.000 8.666
11405.000 9.112
11410.000 10.287
11415.000 11.055
11420.000 11.120
11425.000 11.045
11430.000 10.709
11435.000 9.599
11440.000 8.674
11445.000 8.190
11450.000 7.565
11455.000 7.388
11460.000 7.101
11465.000 6.889
11470.000 6.979
11475.000 7.216
11480.000 7.325
11485.000 7.892
11490.000 8.519
11495.000 8.910
11500.000 10.031
11505.000 10.511
11510.000 11.491
11515.000 12.094
11520.000 12.083
11525.000 11.356
11530.000 10.770
11535.000 9.652
11540.000 8.659
11545.000 8.092
11550.000 7.424
11555.000 7.212
11560.000 6.744
11565.000 6.747
11570.000 6.511
11575.000 6.580
11580.000 6.589
11585.000 6.862
11590.000 7.076
11595.000 7.559
11600.000 8.267
11605.000 8.651
11610.000 9.465
11615.000 10.003
11620.000 10.503
11625.000 10.597
11630.000 10.258
11635.000 9.254
11640.000 8.663
11645.000 7.635
11650.000 6.845
11655.000 6.412
11660.000 5.852
11665.000 5.657
11670.000 5.332
11675.000 5.131
11680.000 5.113
11685.000 5.191
11690.000 5.221
11695.000 5.477
11700.000 5.774
11705.000 6.056
11710.000 6.456
11715.000 6.787
11720.000 7.215
11725.000 7.435
11730.000 7.391
11735.000 6.947
11740.000 6.541
11745.000 5.731
11750.000 5.086
11755.000 4.717
11760.000 4.190
11765.000 4.094
11770.000 3.768
11775.000 3.672
11780.000 3.632
11785.000 3.446
11790.000 3.654
11795.000 3.677
11800.000 3.797
11805.000 3.764
11810.000 3.871
11815.000 3.832
11820.000 3.625
11825.000 3.117
11830.000 2.974
11835.000 2.548
11840.000 2.409
11845.000 1.909
11850.000 1.891
11855.000 1.572
11860.000 1.483
11865.000 1.458
11870.000 1.290
11875.000 1.291
11880.000 1.069
11885.000 0.935
11890.000 0.787
11895.000 0.607
11900.000 0.499
11905.000 0.345
11910.000 0.307
11915.000 0.322
11920.000 0.256
11925.000 0.169
11930.000 0.155
11935.000 0.194
11940.000 0.189
11945.000 0.212
11950.000 0.131
11955.000 0.198
11960.000 0.138
11965.000 0.093
11970.000 0.160
11975.000 0.145
11980.000 0.129
11985.000 0.105
11990.000 0.135
11995.000 0.133
12000.000 0.143
12005.000 0.165
12010.000 0.186
12015.000 0.115
12020.000 0.111
12025.000 0.109
12030.000 0.172
12035.000 0.166
12040.000 0.170
12045.000 0.150
12050.000 0.166
12055.000 0.136
12060.000 0.165
12065.000 0.098
12070.000 0.128
12075.000 0.127
12080.000 0.102
12085.000 0.113
12090.000 0.104
12095.000 0.102
12100.000 0.134
12105.000 0.250
12110.000 0.092
12115.000 0.087
12120.000 0.140
12125.000 0.163
12130.000 0.133
12135.000 0.078
12140.000 0.142
12145.000 0.222
12150.000 0.121
12155.000 0.136
12160.000 0.128
12165.000 0.063
12170.000 0.101
12175.000 0.150
12180.000 0.086
12185.000 0.128
12190.000 0.117
12195.000 0.116
12200.000 0.143
12205.000 0.123
12210.000 0.140
12215.000 0.084
12220.000 0.096
12225.000 0.144
12230.000 0.103
12235.000 0.112
12240.000 0.138
12245.000 0.144
12250.000 0.110
12255.000 0.110
12260.000 0.177
12265.000 0.126
12270.000 0.119
12275.000 0.082
12280.000 0.121
12285.000 0.128
12290.000 0.118
12295.000 0.181
12300.000 0.120
12305.000 0.137
12310.000 0.119
12315.000 0.069
12320.000 0.111
12325.000 0.161
12330.000 0.180
12335.000 0.088
12340.000 0.140
12345.000 0.113
12350.000 0.113
12355.000 0.171
12360.000 0.166
12365.000 0.126
12370.000 0.151
12375.000 0.149
12380.000 0.081
12385.000 0.068
12390.000 0.099
12395.000 0.112
12400.000 0.153
12405.000 0.147
12410.000 0.123
12415.000 0.109
12420.000 0.088
12425.000 0.086
12430.000 0.161
12435.000 0.101
12440.000 0.107
12445.000 0.125
12450.000 0.092
12455.000 0.137
12460.000 0.110
12465.000 0.119
12470.000 0.121
12475.000 0.118
12480.000 0.197
12485.000 0.149
12490.000 0.117
12495.000 0.114
12500.000 0.112
12505.000 0.189
12510.000 0.130
12515.000 0.150
12520.000 0.124
12525.000 0.188
12530.000 0.157
12535.000 0.107
12540.000 0.144
12545.000 0.118
12550.000 0.152
12555.000 0.096
12560.000 0.075
12565.000 0.191
12570.000 0.091
12575.000 0.109
12580.000 0.116
12585.000 0.073
12590.000 0.077
12595.000 0.089
12600.000 0.061
12605.000 0.098
12610.000 0.094
12615.000 0.166
12620.000 0.169
12625.000 0.141
12630.000 0.100
12635.000 0.113
12640.000 0.105
12645.000 0.183
12650.000 0.108
12655.000 0.129
12660.000 0.085
12665.000 0.048
12670.000 0.145
12675.000 0.117
12680.000 0.149
12685.000 0.076
12690.000 0.127
12695.000 0.087
12700.000 0.137
12705.000 0.127
12710.000 0.139
12715.000 0.115
12720.000 0.125
12725.000 0.067
12730.000 0.156
12735.000 0.095
12740.000 0.184
12745.000 0.174
12750.000 0.127
12755.000 0.138
12760.000 0.114
12765.000 0.102
12770.000 0.150
12775.000 0.143
12780.000 0.085
12785.000 0.116
12790.000 0.180
12795.000 0.103
12800.000 0.139
12805.000 0.095
12810.000 0.111
12815.000 0.139
12820.000 0.099
12825.000 0.132
12830.000 0.147
12835.000 0.162
12840.000 0.132
12845.000 0.129
12850.000 0.095
12855.000 0.091
12860.000 0.104
12865.000 0.093
12870.000 0.166
12875.000 0.120
12880.000 0.162
12885.000 0.112
12890.000 0.117
12895.000 0.114
12900.000 0.090
12905.000 0.107
12910.000 0.116
12915.000 0.139
12920.000 0.114
12925.000 0.106
12930.000 0.157
12935.000 0.142
12940.000 0.125
12945.000 0.112
12950.000 0.123
12955.000 0.165
12960.000 0.127
12965.000 0.116
12970.000 0.132
12975.000 0.118
12980.000 0.095
12985.000 0.138
12990.000 0.118
12995.000 0.110
13000.000 0.117
13005.000 0.134
13010.000 0.070
13015.000 0.142
13020.000 0.138
13025.000 0.122
13030.000 0.077
13035.000 0.113
13040.000 0.157
13045.000 0.109
13050.000 0.187
13055.000 0.073
13060.000 0.087
13065.000 0.177
13070.000 0.099
13075.000 0.199
13080.000 0.131
13085.000 0.115
13090.000 0.107
13095.000 0.167
13100.000 0.129
13105.000 0.107
13110.000 0.082
13115.000 0.120
13120.000 0.114
13125.000 0.102
13130.000 0.125
13135.000 0.066
13140.000 0.103
13145.000 0.089
13150.000 0.116
13155.000 0.178
13160.000 0.108
13165.000 0.098
13170.000 0.101
13175.000 0.109
13180.000 0.135
13185.000 0.122
13190.000 0.153
13195.000 0.104
13200.000 0.136
13205.000 0.080
13210.000 0.113
13215.000 0.126
13220.000 0.140
13225.000 0.093
13230.000 0.194
13235.000 0.156
13240.000 0.195
13245.000 0.109
13250.000 0.100
13255.000 0.156
13260.000 0.128
13265.000 0.091
13270.000 0.150
13275.000 0.158
13280.000 0.097
13285.000 0.102
13290.000 0.111
13295.000 0.121
13300.000 0.117
13305.000 0.096
13310.000 0.183
13315.000 0.054
13320.000 0.143
13325.000 0.187
13330.000 0.140
13335.000 0.196
13340.000 0.079
13345.000 0.151
13350.000 0.127
13355.000 0.197
13360.000 0.142
13365.000 0.172
13370.000 0.278
13375.000 0.290
13380.000 0.356
13385.000 0.269
13390.000 0.403
13395.000 0.575
13400.000 0.715
13405.000 0.898
13410.000 1.038
13415.000 1.368
13420.000 1.377
13425.000 1.540
13430.000 1.643
13435.000 1.626
13440.000 1.971
13445.000 2.072
13450.000 2.228
13455.000 2.733
13460.000 2.816
13465.000 3.164
13470.000 3.426
13475.000 3.465
13480.000 3.542
13485.000 3.408
13490.000 3.274
13495.000 3.211
13500.000 3.177
13505.000 3.093
13510.000 3.066
13515.000 3.200
13520.000 3.127
13525.000 3.274
13530.000 3.323
13535.000 3.144
13540.000 3.963
13545.000 4.183
13550.000 4.639
13555.000 4.982
13560.000 5.092
13565.000 5.407
13570.000 5.334
13575.000 5.163
13580.000 4.728
13585.000 4.634
13590.000 4.304
13595.000 4.160
13600.000 3.911
13605.000 3.768
13610.000 3.661
13615.000 3.584
13620.000 3.668
13625.000 3.620
13630.000 3.818
13635.000 3.786
13640.000 4.102
13645.000 4.271
13650.000 4.609
13655.000 4.807
13660.000 5.083
13665.000 5.655
13670.000 5.876
13675.000 6.071
13680.000 6.315
13685.000 6.203
13690.000 6.002
13695.000 5.714
13700.000 5.488
13705.000 5.209
13710.000 4.853
13715.000 4.532
13720.000 4.401
13725.000 4.299
13730.000 4.255
13735.000 4.146
13740.000 4.159
13745.000 4.151
13750.000 4.125
13755.000 4.322
13760.000 4.473
13765.000 4.715
13770.000 4.806
13775.000 5.232
13780.000 5.383
13785.000 5.693
13790.000 6.099
13795.000 6.173
13800.000 6.339
13805.000 6.338
13810.000 6.022
13815.000 5.633
13820.000 5.422
13825.000 5.074
13830.000 4.904
13835.000 4.535
13840.000 4.229
13845.000 4.088
13850.000 3.880
13855.000 3.854
13860.000 3.831
13865.000 3.768
13870.000 3.804
13875.000 3.812
13880.000 3.876
13885.000 3.946
13890.000 4.168
13895.000 4.382
13900.000 4.624
13905.000 4.783
13910.000 5.209
13915.000 5.462
13920.000 5.581
13925.000 5.656
13930.000 5.549
13935.000 5.314
13940.000 4.947
13945.000 4.772
13950.000 4.410
13955.000 4.277
13960.000 3.963
13965.000 3.759
13970.000 3.594
13975.000 3.572
13980.000 3.562
13985.000 3.458
13990.000 3.383
13995.000 3.492
14000.000 3.650
14005.000 3.590
14010.000 3.817
14015.000 3.936
14020.000 4.031
14025.000 4.108
14030.000 4.054
14035.000 3.846
14040.000 3.551
14045.000 3.376
14050.000 3.009
14055.000 2.860
14060.000 2.559
14065.000 2.253
14070.000 2.203
14075.000 1.947
14080.000 1.939
14085.000 1.834
14090.000 1.741
14095.000 1.685
14100.000 1.511
14105.000 1.460
14110.000 1.253
14115.000 0.953
14120.000 0.846
14125.000 0.732
14130.000 0.680
14135.000 0.520
14140.000 0.423
14145.000 0.360
14150.000 0.299
14155.000 0.306
14160.000 0.239
14165.000 0.213
14170.000 0.187
14175.000 0.242
14180.000 0.179
14185.000 0.223
14190.000 0.156
14195.000 0.107
14200.000 0.170
14205.000 0.172
14210.000 0.148
14215.000 0.143
14220.000 0.136
14225.000 0.136
14230.000 0.179
14235.000 0.180
14240.000 0.090
14245.000 0.167
14250.000 0.166
14255.000 0.126
14260.000 0.162
14265.000 0.132
14270.000 0.173
14275.000 0.136
14280.000 0.152
14285.000 0.172
14290.000 0.137
14295.000 0.135
14300.000 0.137
14305.000 0.069
14310.000 0.099
14315.000 0.143
14320.000 0.162
14325.000 0.150
14330.000 0.090
14335.000 0.167
14340.000 0.124
14345.000 0.083
14350.000 0.127
14355.000 0.145
14360.000 0.159
14365.000 0.110
14370.000 0.107
14375.000 0.089
14380.000 0.092
14385.000 0.090
14390.000 0.115
14395.000 0.108
14400.000 0.151
14405.000 0.148
14410.000 0.146
14415.000 0.132
14420.000 0.120
14425.000 0.112
14430.000 0.109
14435.000 0.109
14440.000 0.110
14445.000 0.172
14450.000 0.100
14455.000 0.110
14460.000 0.083
14465.000 0.129
14470.000 0.124
14475.000 0.110
14480.000 0.083
14485.000 0.133
14490.000 0.108
14495.000 0.091
14500.000 0.133
14505.000 0.136
14510.000 0.097
14515.000 0.133
14520.000 0.177
14525.000 0.184
14530.000 0.104
14535.000 0.091
14540.000 0.091
14545.000 0.104
14550.000 0.161
14555.000 0.159
14560.000 0.077
14565.000 0.100
14570.000 0.094
14575.000 0.113
14580.000 0.116
14585.000 0.097
14590.000 0.103
14595.000 0.103
14600.000 0.108
14605.000 0.108
14610.000 0.135
14615.000 0.120
14620.000 0.131
14625.000 0.197
14630.000 0.098
14635.000 0.128
14640.000 0.130
14645.000 0.143
14650.000 0.157
14655.000 0.087
14660.000 0.185
14665.000 0.153
14670.000 0.101
14675.000 0.159
14680.000 0.135
14685.000 0.133
14690.000 0.167
14695.000 0.147
14700.000 0.155
14705.000 0.118
14710.000 0.142
14715.000 0.099
14720.000 0.088
14725.000 0.136
14730.000 0.097
14735.000 0.075
14740.000 0.128
14745.000 0.053
14750.000 0.145
14755.000 0.107
14760.000 0.118
14765.000 0.109
14770.000 0.094
14775.000 0.161
14780.000 0.131
14785.000 0.150
14790.000 0.088
14795.000 0.120
14800.000 0.133
14805.000 0.117
14810.000 0.092
14815.000 0.139
14820.000 0.234
14825.000 0.210
14830.000 0.178
14835.000 0.148
14840.000 0.139
14845.000 0.113
14850.000 0.132
14855.000 0.090
14860.000 0.207
14865.000 0.105
14870.000 0.141
14875.000 0.102
14880.000 0.151
14885.000 0.170
14890.000 0.067
14895.000 0.105
14900.000 0.109
14905.000 0.109
14910.000 0.127
14915.000 0.129
14920.000 0.159
14925.000 0.152
14930.000 0.172
14935.000 0.160
14940.000 0.124
14945.000 0.180
14950.000 0.132
14955.000 0.228
14960.000 0.240
14965.000 0.264
14970.000 0.298
14975.000 0.234
14980.000 0.323
14985.000 0.412
14990.000 0.377
14995.000 0.423
15000.000 0.445
15005.000 0.456
15010.000 0.467
15015.000 0.457
15020.000 0.588
15025.000 0.532
15030.000 0.600
15035.000 0.692
15040.000 0.656
15045.000 0.831
15050.000 0.818
15055.000 0.946
15060.000 0.949
15065.000 0.987
15070.000 1.057
15075.000 1.037
15080.000 0.976
15085.000 0.946
15090.000 0.977
15095.000 0.920
15100.000 0.959
15105.000 0.883
15110.000 0.894
15115.000 0.973
15120.000 0.956
15125.000 0.950
15130.000 0.934
15135.000 0.864
15140.000 1.079
15145.000 1.117
15150.000 1.127
15155.000 1.092
15160.000 1.232
15165.000 1.314
15170.000 1.162
15175.000 1.290
15180.000 1.177
15185.000 1.161
15190.000 1.101
15195.000 1.003
15200.000 0.919
15205.000 0.913
15210.000 0.958
15215.000 0.786
15220.000 0.803
15225.000 0.870
15230.000 0.787
15235.000 0.878
15240.000 0.844
15245.000 0.830
15250.000 0.937
15255.000 0.857
15260.000 0.986
15265.000 1.128
15270.000 1.114
15275.000 1.186
15280.000 1.240
15285.000 1.279
15290.000 1.283
15295.000 1.283
15300.000 1.350
15305.000 1.288
15310.000 1.249
15315.000 1.220
15320.000 1.093
15325.000 1.135
15330.000 1.021
15335.000 1.010
15340.000 1.055
15345.000 0.949
15350.000 1.046
15355.000 1.061
15360.000 0.941
15365.000 1.025
15370.000 0.947
15375.000 1.010
15380.000 1.014
15385.000 1.032
15390.000 0.951
15395.000 1.020
15400.000 1.012
15405.000 0.858
15410.000 0.880
15415.000 0.697
15420.000 0.700
15425.000 0.687
15430.000 0.577
15435.000 0.567
15440.000 0.511
15445.000 0.525
15450.000 0.520
15455.000 0.497
15460.000 0.468
15465.000 0.434
15470.000 0.510
15475.000 0.414
15480.000 0.484
15485.000 0.496
15490.000 0.533
15495.000 0.542
15500.000 0.532
15505.000 0.529
15510.000 0.541
15515.000 0.477
15520.000 0.490
15525.000 0.455
15530.000 0.389
15535.000 0.357
15540.000 0.296
15545.000 0.344
15550.000 0.316
15555.000 0.254
15560.000 0.250
15565.000 0.299
15570.000 0.221
15575.000 0.163
15580.000 0.107
15585.000 0.121
15590.000 0.149
15595.000 0.105
15600.000 0.100
15605.000 0.082
15610.000 0.140
15615.000 0.084
15620.000 0.161
15625.000 0.079
15630.000 0.106
15635.000 0.119
15640.000 0.059
15645.000 0.103
15650.000 0.061
15655.000 0.104
15660.000 0.108
15665.000 0.099
15670.000 0.083
15675.000 0.097
15680.000 0.093
15685.000 0.158
15690.000 0.119
15695.000 0.177
15700.000 0.130
15705.000 0.134
15710.000 0.080
15715.000 0.106
15720.000 0.118
15725.000 0.084
15730.000 0.108
15735.000 0.165
15740.000 0.091
15745.000 0.114
15750.000 0.098
15755.000 0.143
15760.000 0.117
15765.000 0.112
15770.000 0.133
15775.000 0.137
15780.000 0.129
15785.000 0.090
15790.000 0.135
15795.000 0.102
15800.000 0.098
15805.000 0.118
15810.000 0.071
15815.000 0.127
15820.000 0.109
15825.000 0.097
15830.000 0.142
15835.000 0.138
15840.000 0.174
15845.000 0.093
15850.000 0.080
15855.000 0.092
15860.000 0.104
15865.000 0.077
15870.000 0.137
15875.000 0.117
15880.000 0.146
15885.000 0.111
15890.000 0.116
15895.000 0.127
15900.000 0.104
15905.000 0.097
15910.000 0.089
15915.000 0.135
15920.000 0.130
15925.000 0.125
15930.000 0.134
15935.000 0.129
15940.000 0.157
15945.000 0.117
15950.000 0.101
15955.000 0.067
15960.000 0.090
15965.000 0.140
15970.000 0.117
15975.000 0.097
15980.000 0.083
15985.000 0.072
15990.000 0.128
15995.000 0.110
16000.000 0.168
